QX0026 v28
 1.0000326     0.0005291
 0.9998100     0.0006755
 0.9992205     0.0010171
 0.9983175     0.0014151
 0.9970441     0.0018422
 0.9953806     0.0023425
 0.9933673     0.0029382
 0.9910252     0.0035997
 0.9883310     0.0043178
 0.9852848     0.0051233
 0.9819250     0.0060200
 0.9782618     0.0069748
 0.9742699     0.0079825
 0.9699525     0.0090717
 0.9653450     0.0102412
 0.9604521     0.0114588
 0.9552486     0.0127230
 0.9497398     0.0140616
 0.9439592     0.0154711
 0.9379083     0.0169211
 0.9315626     0.0184139
 0.9249302     0.0199769
 0.9180434     0.0216054
 0.9109018     0.0232713
 0.9034827     0.0249804
 0.8957970     0.0267603
 0.8878771     0.0286054
 0.8797215     0.0304904
 0.8713106     0.0324246
 0.8626597     0.0344359
 0.8538022     0.0365178
 0.8447379     0.0386475
 0.8354522     0.0408369
 0.8259663     0.0431121
 0.8163162     0.0454641
 0.8065042     0.0478705
 0.7965218     0.0503429
 0.7863966     0.0529026
 0.7761670     0.0555345
 0.7658375     0.0582132
 0.7554052     0.0609455
 0.7449023     0.0637426
 0.7343663     0.0665773
 0.7237977     0.0694131
 0.7131862     0.0722453
 0.7025490     0.0750759
 0.6919057     0.0778794
 0.6812461     0.0806295
 0.6705579     0.0833297
 0.6598578     0.0859856
 0.6491629     0.0885747
 0.6384619     0.0910742
 0.6277429     0.0934897
 0.6170208     0.0958268
 0.6063097     0.0980649
 0.5955970     0.1001845
 0.5848703     0.1021915
 0.5741403     0.1040916
 0.5634155     0.1058685
 0.5526808     0.1075096
 0.5419241     0.1090264
 0.5311557     0.1104293
 0.5203829     0.1117083
 0.5095931     0.1128599
 0.4987815     0.1139036
 0.4879683     0.1148522
 0.4771697     0.1156936
 0.4663785     0.1164196
 0.4555922     0.1170436
 0.4448298     0.1175741
 0.4341052     0.1179974
 0.4234103     0.1183050
 0.4127425     0.1185096
 0.4021196     0.1186182
 0.3915532     0.1186172
 0.3810346     0.1184989
 0.3705603     0.1182756
 0.3601459     0.1179536
 0.3497990     0.1175209
 0.3395080     0.1169745
 0.3292701     0.1163319
 0.3191028     0.1156039
 0.3090182     0.1147822
 0.2990110     0.1138642
 0.2890831     0.1128637
 0.2792522     0.1117862
 0.2695271     0.1106214
 0.2599007     0.1093682
 0.2503761     0.1080413
 0.2409710     0.1066448
 0.2316924     0.1051684
 0.2225332     0.1036142
 0.2135007     0.1019976
 0.2046162     0.1003184
 0.1958845     0.0985596
 0.1872915     0.0967207
 0.1788379     0.0948215
 0.1705453     0.0928679
 0.1624224     0.0908456
 0.1544583     0.0887518
 0.1466525     0.0866026
 0.1390235     0.0844037
 0.1315788     0.0821423
 0.1243075     0.0798152
 0.1172073     0.0774374
 0.1102933     0.0750153
 0.1035710     0.0725382
 0.0970285     0.0700050
 0.0906623     0.0674324
 0.0844854     0.0648300
 0.0785045     0.0621923
 0.0727120     0.0595205
 0.0671071     0.0568301
 0.0617029     0.0541298
 0.0565059     0.0514153
 0.0515100     0.0486900
 0.0467178     0.0459698
 0.0421466     0.0432629
 0.0378081     0.0405615
 0.0336998     0.0378588
 0.0298175     0.0351576
 0.0261596     0.0324614
 0.0227210     0.0297763
 0.0195001     0.0271180
 0.0165111     0.0245010
 0.0137701     0.0219196
 0.0112709     0.0193623
 0.0089962     0.0168411
 0.0069515     0.0143866
 0.0051685     0.0120101
 0.0036687     0.0096921
 0.0024437     0.0074115
 0.0014734     0.0051688
 0.0007462     0.0029797
 0.0002593     0.0008629
 0.0000158    -0.0011581
 0.0000343    -0.0030562
 0.0003525    -0.0048175
 0.0010117    -0.0064546
 0.0020367    -0.0080021
 0.0034242    -0.0095005
 0.0051479    -0.0109723
 0.0071830    -0.0124136
 0.0095238    -0.0138130
 0.0121717    -0.0151699
 0.0151207    -0.0164861
 0.0183663    -0.0177564
 0.0219120    -0.0189780
 0.0257582    -0.0201585
 0.0298940    -0.0213016
 0.0343116    -0.0223997
 0.0390146    -0.0234485
 0.0440019    -0.0244546
 0.0492618    -0.0254190
 0.0547889    -0.0263311
 0.0605900    -0.0271879
 0.0666640    -0.0279987
 0.0729967    -0.0287644
 0.0795834    -0.0294732
 0.0864321    -0.0301229
 0.0935402    -0.0307248
 0.1008914    -0.0312780
 0.1084828    -0.0317676
 0.1163271    -0.0321928
 0.1244226    -0.0325700
 0.1327506    -0.0329014
 0.1413068    -0.0331731
 0.1501026    -0.0333873
 0.1591315    -0.0335628
 0.1683690    -0.0336993
 0.1778102    -0.0337780
 0.1874689    -0.0337995
 0.1973388    -0.0337841
 0.2073941    -0.0337307
 0.2176306    -0.0336184
 0.2280646    -0.0334493
 0.2386890    -0.0332460
 0.2494756    -0.0330069
 0.2604212    -0.0327096
 0.2715443    -0.0323574
 0.2828363    -0.0319760
 0.2942663    -0.0315635
 0.3058313    -0.0310950
 0.3175520    -0.0305741
 0.3294209    -0.0300280
 0.3414073    -0.0294559
 0.3535104    -0.0288349
 0.3657511    -0.0281737
 0.3781175    -0.0275044
 0.3905740    -0.0268258
 0.4031183    -0.0261141
 0.4157701    -0.0253799
 0.4285124    -0.0246567
 0.4413045    -0.0239403
 0.4541428    -0.0232028
 0.4670465    -0.0224531
 0.4799964    -0.0217214
 0.4929527    -0.0209980
 0.5059175    -0.0202519
 0.5189146    -0.0194949
 0.5319240    -0.0187609
 0.5449040    -0.0180396
 0.5578577    -0.0172991
 0.5708097    -0.0165526
 0.5837384    -0.0158346
 0.5966017    -0.0151330
 0.6094050    -0.0144148
 0.6221740    -0.0136961
 0.6348852    -0.0130127
 0.6474948    -0.0123505
 0.6600103    -0.0116752
 0.6724585    -0.0110046
 0.6848145    -0.0103753
 0.6970342    -0.0097713
 0.7091277    -0.0091583
 0.7211228    -0.0085565
 0.7329926    -0.0080043
 0.7446923    -0.0074845
 0.7562335    -0.0069626
 0.7676448    -0.0064623
 0.7788960    -0.0060246
 0.7899384    -0.0056318
 0.8007815    -0.0052485
 0.8114508    -0.0048974
 0.8219117    -0.0046162
 0.8321136    -0.0043801
 0.8420694    -0.0041465
 0.8518116    -0.0039347
 0.8613126    -0.0037857
 0.8705212    -0.0036828
 0.8794395    -0.0035847
 0.8880922    -0.0034982
 0.8964595    -0.0034471
 0.9045100    -0.0034119
 0.9122562    -0.0033639
 0.9197183    -0.0033190
 0.9268724    -0.0032985
 0.9336916    -0.0032796
 0.9401934    -0.0032384
 0.9463950    -0.0031951
 0.9522702    -0.0031679
 0.9577963    -0.0031317
 0.9629946    -0.0030664
 0.9678801    -0.0029955
 0.9724247    -0.0029349
 0.9766095    -0.0028576
 0.9804586    -0.0027471
 0.9839841    -0.0026294
 0.9871568    -0.0025167
 0.9899636    -0.0023804
 0.9924324    -0.0022107
 0.9945698    -0.0020394
 0.9963402    -0.0018739
 0.9977371    -0.0016777
 0.9988059    -0.0014494
 0.9995557    -0.0012634
 0.9998457    -0.0011941
