QX0026 v10
 1.0000269     0.0006802
 0.9998239     0.0007138
 0.9992161     0.0008119
 0.9982086     0.0009865
 0.9968239     0.0012550
 0.9950870     0.0016103
 0.9930009     0.0020411
 0.9905677     0.0025529
 0.9878049     0.0031475
 0.9847230     0.0038090
 0.9813137     0.0045286
 0.9775745     0.0053159
 0.9735206     0.0061747
 0.9691600     0.0070918
 0.9644839     0.0080620
 0.9594918     0.0090976
 0.9542003     0.0102019
 0.9486169     0.0113623
 0.9427328     0.0125761
 0.9365511     0.0138576
 0.9300912     0.0152086
 0.9233608     0.0166149
 0.9163513     0.0180753
 0.9090691     0.0196045
 0.9015374     0.0212014
 0.8937632     0.0228462
 0.8857335     0.0245353
 0.8774502     0.0262849
 0.8689347     0.0280975
 0.8601938     0.0299562
 0.8512145     0.0318586
 0.8419957     0.0338231
 0.8325541     0.0358585
 0.8228948     0.0379619
 0.8130132     0.0401501
 0.8029316     0.0424556
 0.7926974     0.0448861
 0.7823422     0.0474215
 0.7718765     0.0500517
 0.7613241     0.0527814
 0.7507252     0.0555946
 0.7400997     0.0584530
 0.7294430     0.0613300
 0.7187555     0.0642171
 0.7080461     0.0670991
 0.6973086     0.0699576
 0.6865319     0.0727970
 0.6757319     0.0756335
 0.6649438     0.0784571
 0.6541829     0.0812333
 0.6434403     0.0839391
 0.6327142     0.0865693
 0.6220133     0.0891098
 0.6113330     0.0915369
 0.6006557     0.0938421
 0.5899760     0.0960311
 0.5793006     0.0980999
 0.5686247     0.1000352
 0.5579341     0.1018373
 0.5472279     0.1035177
 0.5365160     0.1050763
 0.5257968     0.1065037
 0.5150594     0.1078037
 0.5043072     0.1089908
 0.4935547     0.1100665
 0.4828044     0.1110213
 0.4720485     0.1118581
 0.4612918     0.1125905
 0.4505501     0.1132192
 0.4398267     0.1137350
 0.4291146     0.1141410
 0.4184201     0.1144508
 0.4077599     0.1146653
 0.3971382     0.1147748
 0.3865490     0.1147824
 0.3759993     0.1147016
 0.3655068     0.1145327
 0.3550761     0.1142653
 0.3447010     0.1139025
 0.3343892     0.1134588
 0.3241616     0.1129341
 0.3140255     0.1123139
 0.3039727     0.1115947
 0.2940037     0.1107865
 0.2841290     0.1098924
 0.2743503     0.1089076
 0.2646622     0.1078405
 0.2550750     0.1067087
 0.2456128     0.1055136
 0.2362858     0.1042399
 0.2270863     0.1028821
 0.2180140     0.1014507
 0.2090819     0.0999507
 0.2002969     0.0983748
 0.1916550     0.0967226
 0.1831592     0.0950042
 0.1748227     0.0932219
 0.1666508     0.0913679
 0.1586383     0.0894421
 0.1507872     0.0874544
 0.1431093     0.0854074
 0.1356085     0.0832941
 0.1282782     0.0811154
 0.1211197     0.0788826
 0.1141441     0.0765999
 0.1073558     0.0742618
 0.1007492     0.0718692
 0.0943250     0.0694326
 0.0880927     0.0669562
 0.0820546     0.0644350
 0.0762028     0.0618723
 0.0705371     0.0592823
 0.0650682     0.0566731
 0.0598012     0.0540425
 0.0547312     0.0513945
 0.0498604     0.0487456
 0.0452064     0.0461056
 0.0407856     0.0434675
 0.0365998     0.0408186
 0.0326414     0.0381521
 0.0288978     0.0354667
 0.0253494     0.0327730
 0.0219854     0.0301037
 0.0188280     0.0274973
 0.0159244     0.0249582
 0.0132990     0.0224500
 0.0109287     0.0199391
 0.0087721     0.0174349
 0.0068172     0.0149798
 0.0050888     0.0126043
 0.0036155     0.0103067
 0.0024020     0.0080724
 0.0014352     0.0059005
 0.0007041     0.0038110
 0.0002160     0.0018356
 0.0000000     0.0000000
 0.0000976    -0.0016888
 0.0005484    -0.0032451
 0.0013824    -0.0046991
 0.0026129    -0.0060943
 0.0042255    -0.0074772
 0.0061806    -0.0088724
 0.0084422    -0.0102714
 0.0109992    -0.0116557
 0.0138525    -0.0130201
 0.0169950    -0.0143670
 0.0204150    -0.0156907
 0.0241095    -0.0169801
 0.0280815    -0.0182319
 0.0323278    -0.0194486
 0.0368405    -0.0206269
 0.0416170    -0.0217586
 0.0466602    -0.0228408
 0.0519683    -0.0238762
 0.0575346    -0.0248630
 0.0633564    -0.0257945
 0.0694368    -0.0266679
 0.0757757    -0.0274872
 0.0823668    -0.0282537
 0.0892056    -0.0289632
 0.0962930    -0.0296139
 0.1036279    -0.0302097
 0.1112029    -0.0307529
 0.1190117    -0.0312395
 0.1270543    -0.0316668
 0.1353296    -0.0320385
 0.1438300    -0.0323576
 0.1525482    -0.0326208
 0.1614834    -0.0328250
 0.1706349    -0.0329738
 0.1799945    -0.0330715
 0.1895538    -0.0331150
 0.1993112    -0.0331007
 0.2092666    -0.0330323
 0.2194118    -0.0329154
 0.2297369    -0.0327477
 0.2402397    -0.0325252
 0.2509204    -0.0322518
 0.2617709    -0.0319347
 0.2727799    -0.0315738
 0.2839422    -0.0311664
 0.2952527    -0.0307167
 0.3066971    -0.0302260
 0.3182640    -0.0296817
 0.3299614    -0.0290698
 0.3418061    -0.0283983
 0.3537966    -0.0276909
 0.3659121    -0.0269597
 0.3781381    -0.0261991
 0.3904750    -0.0254071
 0.4029207    -0.0245949
 0.4154610    -0.0237730
 0.4280805    -0.0229425
 0.4407695    -0.0221030
 0.4535174    -0.0212563
 0.4663128    -0.0204002
 0.4791510    -0.0195314
 0.4920296    -0.0186546
 0.5049373    -0.0177775
 0.5178598    -0.0168986
 0.5307928    -0.0160133
 0.5437350    -0.0151275
 0.5566743    -0.0142510
 0.5695944    -0.0133821
 0.5824910    -0.0125151
 0.5953640    -0.0116565
 0.6082006    -0.0108178
 0.6209825    -0.0099974
 0.6337050    -0.0091883
 0.6463687    -0.0083969
 0.6589605    -0.0076359
 0.6714609    -0.0069035
 0.6838654    -0.0061920
 0.6961757    -0.0055089
 0.7083778    -0.0048699
 0.7204483    -0.0042758
 0.7323755    -0.0037182
 0.7441543    -0.0031980
 0.7557704    -0.0027184
 0.7672103    -0.0022703
 0.7784779    -0.0018460
 0.7895776    -0.0014592
 0.8004914    -0.0011282
 0.8111934    -0.0008516
 0.8216729    -0.0006201
 0.8319232    -0.0004374
 0.8419220    -0.0003062
 0.8516493    -0.0002091
 0.8611082    -0.0001281
 0.8703049    -0.0000676
 0.8792256    -0.0000351
 0.8878543    -0.0000184
 0.8961966    -0.0000040
 0.9042591    -0.0000004
 0.9120264    -0.0000175
 0.9194825    -0.0000421
 0.9266354    -0.0000610
 0.9334942    -0.0000864
 0.9400414    -0.0001322
 0.9462564    -0.0001857
 0.9521449    -0.0002299
 0.9577172    -0.0002726
 0.9629597    -0.0003255
 0.9678561    -0.0003761
 0.9724155    -0.0004094
 0.9766500    -0.0004361
 0.9805461    -0.0004707
 0.9840869    -0.0005029
 0.9872805    -0.0005192
 0.9901372    -0.0005314
 0.9926419    -0.0005539
 0.9947772    -0.0005759
 0.9965509    -0.0005855
 0.9979701    -0.0005986
 0.9990092    -0.0006317
 0.9996375    -0.0006668
 0.9998467    -0.0006802
