QX0026 v16
 1.0000269     0.0006802
 0.9998236     0.0007099
 0.9992135     0.0008015
 0.9982029     0.0009718
 0.9968167     0.0012366
 0.9950786     0.0015870
 0.9929903     0.0020126
 0.9905543     0.0025197
 0.9877886     0.0031100
 0.9847037     0.0037674
 0.9812914     0.0044831
 0.9775492     0.0052666
 0.9734919     0.0061216
 0.9691278     0.0070355
 0.9644485     0.0080030
 0.9594534     0.0090352
 0.9541582     0.0101362
 0.9485706     0.0112942
 0.9426834     0.0125063
 0.9364989     0.0137849
 0.9300350     0.0151328
 0.9232999     0.0165376
 0.9162874     0.0179970
 0.9090028     0.0195238
 0.9014669     0.0211174
 0.8936874     0.0227610
 0.8856541     0.0244501
 0.8773683     0.0261982
 0.8688485     0.0280082
 0.8601020     0.0298663
 0.8511187     0.0317696
 0.8418970     0.0337336
 0.8324507     0.0357682
 0.8227861     0.0378736
 0.8129027     0.0400651
 0.8028213     0.0423711
 0.7925852     0.0448000
 0.7822267     0.0473358
 0.7717599     0.0499677
 0.7612080     0.0526963
 0.7506070     0.0555066
 0.7399776     0.0583640
 0.7293186     0.0612414
 0.7186294     0.0641271
 0.7079157     0.0670076
 0.6971737     0.0698680
 0.6863963     0.0727103
 0.6755975     0.0755461
 0.6648077     0.0783668
 0.6540431     0.0811423
 0.6432989     0.0838488
 0.6325720     0.0864775
 0.6218679     0.0890155
 0.6111832     0.0914428
 0.6005040     0.0937492
 0.5898234     0.0959371
 0.5791445     0.0980040
 0.5684643     0.0999401
 0.5577721     0.1017439
 0.5470651     0.1034234
 0.5363499     0.1049803
 0.5256264     0.1064087
 0.5148877     0.1077108
 0.5041352     0.1088972
 0.4933796     0.1099712
 0.4826253     0.1109270
 0.4718682     0.1117660
 0.4611115     0.1124975
 0.4503668     0.1131245
 0.4396394     0.1136415
 0.4289265     0.1140497
 0.4182322     0.1143587
 0.4075691     0.1145712
 0.3969435     0.1146820
 0.3863537     0.1146919
 0.3758046     0.1146102
 0.3653094     0.1144392
 0.3548749     0.1141730
 0.3444994     0.1138127
 0.3341888     0.1133680
 0.3239590     0.1128407
 0.3138191     0.1122209
 0.3037656     0.1115034
 0.2937969     0.1106940
 0.2839193     0.1097977
 0.2741369     0.1088144
 0.2644488     0.1077499
 0.2548634     0.1066170
 0.2453996     0.1054188
 0.2360691     0.1041450
 0.2268692     0.1027886
 0.2177978     0.1013558
 0.2088637     0.0998529
 0.2000756     0.0982771
 0.1914337     0.0966261
 0.1829390     0.0949055
 0.1746005     0.0931198
 0.1664254     0.0912654
 0.1584128     0.0893402
 0.1505628     0.0873497
 0.1428827     0.0852987
 0.1353784     0.0831844
 0.1280480     0.0810058
 0.1208903     0.0787695
 0.1139123     0.0764822
 0.1071204     0.0741424
 0.1005133     0.0717488
 0.0940895     0.0693078
 0.0878541     0.0668255
 0.0818115     0.0643016
 0.0759584     0.0617372
 0.0702924     0.0591418
 0.0648197     0.0565256
 0.0595475     0.0538908
 0.0544751     0.0512397
 0.0496035     0.0485839
 0.0449459     0.0459344
 0.0405197     0.0432871
 0.0363292     0.0406270
 0.0323628     0.0379439
 0.0286023     0.0352404
 0.0250303     0.0325336
 0.0216409     0.0298554
 0.0184551     0.0272397
 0.0155132     0.0246926
 0.0128366     0.0221856
 0.0104039     0.0196954
 0.0081824     0.0172439
 0.0061829     0.0148807
 0.0044589     0.0126224
 0.0030499     0.0104327
 0.0019457     0.0082661
 0.0011081     0.0061097
 0.0005087     0.0039827
 0.0001387     0.0019105
-0.0000044    -0.0000836
 0.0000812    -0.0019676
 0.0004195    -0.0037028
 0.0010604    -0.0052664
 0.0020630    -0.0066672
 0.0034754    -0.0079463
 0.0053144    -0.0091678
 0.0075539    -0.0103891
 0.0101491    -0.0116318
 0.0130704    -0.0128944
 0.0162966    -0.0141789
 0.0197971    -0.0154814
 0.0235483    -0.0167761
 0.0275542    -0.0180348
 0.0318285    -0.0192530
 0.0363684    -0.0204369
 0.0411627    -0.0215795
 0.0462145    -0.0226672
 0.0515332    -0.0237012
 0.0571139    -0.0246899
 0.0629450    -0.0256281
 0.0690285    -0.0265038
 0.0753736    -0.0273198
 0.0819752    -0.0280863
 0.0888203    -0.0288004
 0.0959091    -0.0294517
 0.1032486    -0.0300431
 0.1108326    -0.0305852
 0.1186466    -0.0310752
 0.1266899    -0.0315022
 0.1349693    -0.0318690
 0.1434780    -0.0321867
 0.1522010    -0.0324526
 0.1611368    -0.0326558
 0.1702922    -0.0327997
 0.1796598    -0.0328958
 0.1892236    -0.0329415
 0.1989818    -0.0329260
 0.2089413    -0.0328527
 0.2190943    -0.0327342
 0.2294238    -0.0325685
 0.2399276    -0.0323446
 0.2506127    -0.0320665
 0.2614710    -0.0317481
 0.2724843    -0.0313891
 0.2836474    -0.0309803
 0.2949623    -0.0305254
 0.3064147    -0.0300326
 0.3179872    -0.0294895
 0.3296877    -0.0288769
 0.3415378    -0.0282028
 0.3535350    -0.0274957
 0.3656538    -0.0267661
 0.3778818    -0.0260032
 0.3902249    -0.0252074
 0.4026785    -0.0243958
 0.4152222    -0.0235765
 0.4278431    -0.0227439
 0.4405381    -0.0219000
 0.4532946    -0.0210531
 0.4660948    -0.0201997
 0.4789354    -0.0193298
 0.4918200    -0.0184498
 0.5047362    -0.0175732
 0.5176636    -0.0166971
 0.5305993    -0.0158112
 0.5435478    -0.0149230
 0.5564953    -0.0140476
 0.5694204    -0.0131818
 0.5823201    -0.0123147
 0.5951995    -0.0114545
 0.6080441    -0.0106176
 0.6208308    -0.0098006
 0.6335566    -0.0089918
 0.6462268    -0.0081998
 0.6588262    -0.0074412
 0.6713313    -0.0067126
 0.6837394    -0.0060020
 0.6960562    -0.0053192
 0.7082653    -0.0046836
 0.7203396    -0.0040937
 0.7322697    -0.0035371
 0.7440548    -0.0030169
 0.7556784    -0.0025406
 0.7671232    -0.0020973
 0.7783944    -0.0016758
 0.7894997    -0.0012912
 0.8004193    -0.0009648
 0.8111244    -0.0006933
 0.8216064    -0.0004642
 0.8318615    -0.0002831
 0.8418660    -0.0001558
 0.8515971    -0.0000634
 0.8610592     0.0000144
 0.8702608     0.0000720
 0.8791866     0.0000996
 0.8878186     0.0001109
 0.8961636     0.0001214
 0.9042301     0.0001213
 0.9120016     0.0000991
 0.9194605     0.0000689
 0.9266159     0.0000454
 0.9334777     0.0000154
 0.9400277    -0.0000358
 0.9462446    -0.0000946
 0.9521351    -0.0001434
 0.9577099    -0.0001909
 0.9629547    -0.0002494
 0.9678526    -0.0003055
 0.9724135    -0.0003437
 0.9766498    -0.0003758
 0.9805472    -0.0004163
 0.9840887    -0.0004541
 0.9872830    -0.0004756
 0.9901406    -0.0004933
 0.9926459    -0.0005217
 0.9947812    -0.0005497
 0.9965545    -0.0005649
 0.9979733    -0.0005836
 0.9990120    -0.0006224
 0.9996388    -0.0006637
 0.9998467    -0.0006802
