QX0026 v7
 1.0000000    -0.0000000
 0.9997809     0.0000253
 0.9991270     0.0001194
 0.9980655     0.0003195
 0.9966486     0.0006328
 0.9949042     0.0010251
 0.9928178     0.0014728
 0.9903771     0.0019872
 0.9875974     0.0025803
 0.9844934     0.0032403
 0.9810578     0.0039573
 0.9772866     0.0047432
 0.9731971     0.0056061
 0.9688033     0.0065331
 0.9640988     0.0075142
 0.9590807     0.0085588
 0.9537639     0.0096724
 0.9481591     0.0108424
 0.9422583     0.0120621
 0.9360595     0.0133435
 0.9295800     0.0146932
 0.9228320     0.0160992
 0.9158094     0.0175539
 0.9085107     0.0190683
 0.9009526     0.0206490
 0.8931476     0.0222853
 0.8850920     0.0239705
 0.8767863     0.0257135
 0.8682452     0.0275181
 0.8594780     0.0293749
 0.8504795     0.0312807
 0.8412507     0.0332475
 0.8318058     0.0352824
 0.8221532     0.0373822
 0.8122910     0.0395540
 0.8022304     0.0418200
 0.7920027     0.0441938
 0.7816379     0.0466710
 0.7711577     0.0492466
 0.7605904     0.0519167
 0.7499681     0.0546610
 0.7393034     0.0574471
 0.7285909     0.0602571
 0.7178344     0.0630905
 0.7070515     0.0659394
 0.6962523     0.0687839
 0.6854356     0.0716117
 0.6746078     0.0744200
 0.6637834     0.0771975
 0.6529672     0.0799239
 0.6421536     0.0825890
 0.6313469     0.0851929
 0.6205616     0.0877262
 0.6098039     0.0901670
 0.5990668     0.0924984
 0.5883442     0.0947127
 0.5776322     0.0968009
 0.5669202     0.0987552
 0.5561959     0.1005801
 0.5454603     0.1022868
 0.5347229     0.1038756
 0.5239844     0.1053389
 0.5132370     0.1066787
 0.5024835     0.1079062
 0.4917362     0.1090237
 0.4810006     0.1100242
 0.4702733     0.1109070
 0.4595572     0.1116796
 0.4488634     0.1123432
 0.4381961     0.1128915
 0.4275527     0.1133246
 0.4169366     0.1136495
 0.4063573     0.1138670
 0.3958175     0.1139723
 0.3853136     0.1139689
 0.3748506     0.1138679
 0.3644429     0.1136731
 0.3540989     0.1133784
 0.3438186     0.1129823
 0.3336055     0.1124902
 0.3234694     0.1119040
 0.3134156     0.1112193
 0.3034436     0.1104364
 0.2935567     0.1095610
 0.2837631     0.1085950
 0.2740659     0.1075362
 0.2644642     0.1063886
 0.2549634     0.1051613
 0.2455751     0.1038578
 0.2363063     0.1024757
 0.2271594     0.1010162
 0.2181406     0.0994844
 0.2092599     0.0978805
 0.2005220     0.0962000
 0.1919266     0.0944436
 0.1834776     0.0926160
 0.1751826     0.0907178
 0.1670438     0.0887454
 0.1590590     0.0867009
 0.1512303     0.0845908
 0.1435636     0.0824182
 0.1360609     0.0801830
 0.1287210     0.0778899
 0.1215477     0.0755473
 0.1145493     0.0731594
 0.1077302     0.0707254
 0.1010900     0.0682478
 0.0946308     0.0657334
 0.0883582     0.0631878
 0.0822771     0.0606141
 0.0763919     0.0580166
 0.0707097     0.0553982
 0.0652358     0.0527570
 0.0599689     0.0500913
 0.0549057     0.0474064
 0.0500492     0.0447108
 0.0454052     0.0420078
 0.0409747     0.0392978
 0.0367557     0.0365866
 0.0327514     0.0338832
 0.0289683     0.0311923
 0.0254098     0.0285152
 0.0220764     0.0258558
 0.0189712     0.0232197
 0.0160981     0.0206091
 0.0134560     0.0180252
 0.0110420     0.0154754
 0.0088586     0.0129696
 0.0069116     0.0105137
 0.0052028     0.0081103
 0.0037306     0.0057662
 0.0024969     0.0034920
 0.0015053     0.0012957
 0.0007550    -0.0008128
 0.0002465    -0.0028120
-0.0000014    -0.0046723
 0.0000510    -0.0063775
 0.0004475    -0.0079358
 0.0012217    -0.0093744
 0.0023918    -0.0107326
 0.0039538    -0.0120545
 0.0058797    -0.0133721
 0.0081352    -0.0146913
 0.0107006    -0.0160021
 0.0135687    -0.0172974
 0.0167324    -0.0185751
 0.0201829    -0.0198309
 0.0239154    -0.0210575
 0.0279293    -0.0222511
 0.0322218    -0.0234122
 0.0367862    -0.0245393
 0.0416176    -0.0256271
 0.0467147    -0.0266716
 0.0520756    -0.0276719
 0.0576957    -0.0286267
 0.0635708    -0.0295319
 0.0697001    -0.0303833
 0.0760836    -0.0311807
 0.0827176    -0.0319253
 0.0895966    -0.0326150
 0.0967179    -0.0332456
 0.1040819    -0.0338148
 0.1116884    -0.0343234
 0.1195354    -0.0347731
 0.1276209    -0.0351662
 0.1359409    -0.0355069
 0.1444867    -0.0357986
 0.1532489    -0.0360386
 0.1622241    -0.0362219
 0.1714121    -0.0363489
 0.1808083    -0.0364239
 0.1904037    -0.0364472
 0.2001927    -0.0364153
 0.2101737    -0.0363275
 0.2203424    -0.0361870
 0.2306907    -0.0359941
 0.2412142    -0.0357458
 0.2519116    -0.0354429
 0.2627783    -0.0350900
 0.2738061    -0.0346885
 0.2849895    -0.0342375
 0.2963246    -0.0337392
 0.3078029    -0.0331967
 0.3194152    -0.0326062
 0.3311617    -0.0319624
 0.3430464    -0.0312701
 0.3550640    -0.0305406
 0.3672025    -0.0297771
 0.3794580    -0.0289773
 0.3918320    -0.0281479
 0.4043170    -0.0273031
 0.4168967    -0.0264497
 0.4295608    -0.0255866
 0.4423043    -0.0247201
 0.4551127    -0.0238612
 0.4679640    -0.0230095
 0.4808474    -0.0221544
 0.4937633    -0.0212950
 0.5067042    -0.0204406
 0.5196529    -0.0195934
 0.5325997    -0.0187466
 0.5455430    -0.0179013
 0.5584730    -0.0170662
 0.5713720    -0.0162408
 0.5842324    -0.0154160
 0.5970554    -0.0145931
 0.6098326    -0.0137824
 0.6225466    -0.0129845
 0.6351896    -0.0121913
 0.6477627    -0.0114043
 0.6602572    -0.0106338
 0.6726558    -0.0098792
 0.6849528    -0.0091315
 0.6971521    -0.0083935
 0.7092464    -0.0076779
 0.7212186    -0.0069867
 0.7330634    -0.0063128
 0.7447849    -0.0056618
 0.7563753    -0.0050500
 0.7678163    -0.0044839
 0.7790987    -0.0039624
 0.7902182    -0.0034970
 0.8011529    -0.0031048
 0.8118697    -0.0027844
 0.8223502    -0.0025186
 0.8325906    -0.0022991
 0.8425802    -0.0021276
 0.8523011    -0.0019969
 0.8617466    -0.0018925
 0.8709168    -0.0018099
 0.8798033    -0.0017491
 0.8883960    -0.0016996
 0.8966992    -0.0016501
 0.9047197    -0.0016059
 0.9124475    -0.0015761
 0.9198684    -0.0015538
 0.9269848    -0.0015272
 0.9338049    -0.0015025
 0.9403186    -0.0014926
 0.9465076    -0.0014929
 0.9523694    -0.0014898
 0.9579104    -0.0014831
 0.9631252    -0.0014796
 0.9680036    -0.0014741
 0.9725490    -0.0014581
 0.9767687    -0.0014379
 0.9806548    -0.0014248
 0.9841939    -0.0014166
 0.9873846    -0.0014061
 0.9902285    -0.0013969
 0.9927160    -0.0013943
 0.9948378    -0.0013918
 0.9965959    -0.0013850
 0.9979887    -0.0013817
 0.9990005    -0.0013860
 0.9996170    -0.0013895
 0.9998256    -0.0013894
