QX0026 v32
 0.9997946     0.0000000
 0.9977035     0.0006611
 0.9943522     0.0016620
 0.9907266     0.0027066
 0.9868324     0.0038463
 0.9826447     0.0050202
 0.9781156     0.0062271
 0.9732300     0.0075810
 0.9679249     0.0090187
 0.9621262     0.0105182
 0.9558987     0.0121341
 0.9493438     0.0138657
 0.9424390     0.0156211
 0.9351532     0.0174396
 0.9275850     0.0193647
 0.9198370     0.0213219
 0.9118602     0.0232620
 0.9036885     0.0252568
 0.8954351     0.0273046
 0.8870740     0.0293394
 0.8785816     0.0313652
 0.8700552     0.0334267
 0.8614611     0.0355415
 0.8528331     0.0376457
 0.8442146     0.0397285
 0.8356054     0.0418551
 0.8269548     0.0440554
 0.8182151     0.0462944
 0.8094559     0.0485283
 0.8007416     0.0507740
 0.7920356     0.0530748
 0.7832800     0.0554244
 0.7744763     0.0577763
 0.7656723     0.0601170
 0.7568882     0.0624790
 0.7481040     0.0648764
 0.7393090     0.0672757
 0.7304987     0.0696454
 0.7216546     0.0720010
 0.7128148     0.0743625
 0.7040365     0.0767103
 0.6953279     0.0790035
 0.6866404     0.0812329
 0.6779317     0.0834256
 0.6692451     0.0855922
 0.6606516     0.0877060
 0.6521501     0.0897356
 0.6436750     0.0916804
 0.6351820     0.0935669
 0.6267012     0.0954099
 0.6182880     0.0971898
 0.6099397     0.0988799
 0.6015958     0.1004805
 0.5932158     0.1020146
 0.5848226     0.1034980
 0.5764643     0.1049199
 0.5681469     0.1062572
 0.5598246     0.1075044
 0.5514542     0.1086799
 0.5430473     0.1098030
 0.5346543     0.1108696
 0.5262933     0.1118581
 0.5179246     0.1127584
 0.5095041     0.1135848
 0.5010385     0.1143579
 0.4925744     0.1150781
 0.4841363     0.1157271
 0.4756950     0.1162922
 0.4672053     0.1167827
 0.4586660     0.1172190
 0.4501249     0.1176076
 0.4416155     0.1179318
 0.4331135     0.1181752
 0.4245745     0.1183449
 0.4159980     0.1184606
 0.4074307     0.1185282
 0.3989034     0.1185328
 0.3903925     0.1184585
 0.3818558     0.1183092
 0.3732922     0.1181040
 0.3647459     0.1178501
 0.3562460     0.1175323
 0.3477671     0.1171348
 0.3392670     0.1166618
 0.3307495     0.1161321
 0.3222618     0.1155521
 0.3138257     0.1149054
 0.3054083     0.1141760
 0.2969729     0.1133723
 0.2885360     0.1125134
 0.2801454     0.1116000
 0.2718072     0.1106136
 0.2634808     0.1095429
 0.2551445     0.1084012
 0.2468325     0.1072060
 0.2385835     0.1059497
 0.2303825     0.1046116
 0.2221894     0.1031911
 0.2140105     0.1017079
 0.2058953     0.1001701
 0.1978573     0.0985601
 0.1898621     0.0968639
 0.1818974     0.0950971
 0.1740067     0.0932784
 0.1662266     0.0913965
 0.1585376     0.0894329
 0.1509194     0.0873948
 0.1434063     0.0853016
 0.1360357     0.0831474
 0.1287918     0.0809083
 0.1216494     0.0785869
 0.1146292     0.0762036
 0.1077644     0.0737537
 0.1010426     0.0712190
 0.0944448     0.0686073
 0.0880010     0.0659466
 0.0817501     0.0632437
 0.0756976     0.0604938
 0.0698512     0.0577252
 0.0642552     0.0549778
 0.0589532     0.0522648
 0.0539554     0.0495954
 0.0492675     0.0469983
 0.0449062     0.0445003
 0.0408802     0.0421015
 0.0371785     0.0397896
 0.0337775     0.0375594
 0.0306532     0.0354112
 0.0277838     0.0333440
 0.0251474     0.0313567
 0.0227206     0.0294519
 0.0204829     0.0276334
 0.0184187     0.0258994
 0.0165174     0.0242403
 0.0147702     0.0226435
 0.0131670     0.0210977
 0.0116934     0.0195993
 0.0103337     0.0181489
 0.0090729     0.0167488
 0.0079011     0.0153985
 0.0068142     0.0140927
 0.0058121     0.0128232
 0.0048984     0.0115795
 0.0040750     0.0103540
 0.0033415     0.0091422
 0.0026940     0.0079435
 0.0021259     0.0067592
 0.0016312     0.0055909
 0.0012052     0.0044399
 0.0008451     0.0033068
 0.0005498     0.0021918
 0.0003174     0.0010958
 0.0001457     0.0000198
 0.0000327    -0.0010350
-0.0000228    -0.0020675
-0.0000184    -0.0030825
 0.0000553    -0.0041021
 0.0002157    -0.0051285
 0.0004832    -0.0061487
 0.0008716    -0.0071504
 0.0013856    -0.0081196
 0.0020158    -0.0090506
 0.0027477    -0.0099445
 0.0035681    -0.0108071
 0.0044679    -0.0116445
 0.0054445    -0.0124593
 0.0064976    -0.0132528
 0.0076297    -0.0140246
 0.0088426    -0.0147761
 0.0101389    -0.0155100
 0.0115215    -0.0162299
 0.0129945    -0.0169395
 0.0145641    -0.0176406
 0.0162383    -0.0183339
 0.0180270    -0.0190192
 0.0199413    -0.0196974
 0.0219933    -0.0203722
 0.0241967    -0.0210482
 0.0265669    -0.0217297
 0.0291219    -0.0224182
 0.0318832    -0.0231113
 0.0348755    -0.0238064
 0.0381272    -0.0245036
 0.0416696    -0.0252078
 0.0455316    -0.0259229
 0.0497390    -0.0266435
 0.0543210    -0.0273578
 0.0593087    -0.0280595
 0.0647235    -0.0287530
 0.0705614    -0.0294385
 0.0768039    -0.0300964
 0.0834446    -0.0307083
 0.0904704    -0.0312810
 0.0978217    -0.0318183
 0.1054320    -0.0322985
 0.1132930    -0.0327078
 0.1213970    -0.0330616
 0.1296780    -0.0333724
 0.1380866    -0.0336229
 0.1466437    -0.0338064
 0.1553572    -0.0339488
 0.1641569    -0.0340649
 0.1729859    -0.0341372
 0.1818761    -0.0341520
 0.1908614    -0.0341259
 0.1999002    -0.0340799
 0.2089356    -0.0340053
 0.2179823    -0.0338821
 0.2270929    -0.0337160
 0.2362656    -0.0335298
 0.2454405    -0.0333302
 0.2545912    -0.0330998
 0.2637614    -0.0328252
 0.2729950    -0.0325191
 0.2822692    -0.0322035
 0.2915245    -0.0318784
 0.3007502    -0.0315235
 0.3099974    -0.0311296
 0.3193041    -0.0307114
 0.3286379    -0.0302899
 0.3379542    -0.0298654
 0.3472438    -0.0294198
 0.3565424    -0.0289434
 0.3658723    -0.0284493
 0.3752189    -0.0279595
 0.3845745    -0.0274779
 0.3939105    -0.0269886
 0.4032425    -0.0264765
 0.4125942    -0.0259488
 0.4219526    -0.0254274
 0.4313192    -0.0249219
 0.4406890    -0.0244208
 0.4500350    -0.0239057
 0.4593804    -0.0233723
 0.4687228    -0.0228387
 0.4780631    -0.0223223
 0.4874144    -0.0218185
 0.4967558    -0.0213091
 0.5060860    -0.0207794
 0.5154196    -0.0202370
 0.5247422    -0.0197059
 0.5340699    -0.0191946
 0.5434076    -0.0186896
 0.5527351    -0.0181714
 0.5620686    -0.0176338
 0.5713928    -0.0170956
 0.5806969    -0.0165797
 0.5900084    -0.0160832
 0.5993208    -0.0155849
 0.6086258    -0.0150686
 0.6179347    -0.0145409
 0.6272169    -0.0140279
 0.6364912    -0.0135434
 0.6457724    -0.0130721
 0.6550471    -0.0125884
 0.6643171    -0.0120880
 0.6735709    -0.0115934
 0.6828079    -0.0111279
 0.6920676    -0.0106875
 0.7013233    -0.0102465
 0.7105762    -0.0097851
 0.7198064    -0.0093228
 0.7289931    -0.0088924
 0.7381840    -0.0084958
 0.7473870    -0.0081049
 0.7565732    -0.0076973
 0.7657308    -0.0072863
 0.7748517    -0.0069080
 0.7839880    -0.0065714
 0.7931342    -0.0062435
 0.8022419    -0.0058969
 0.8113091    -0.0055546
 0.8203174    -0.0052589
 0.8293367    -0.0050070
 0.8383295    -0.0047569
 0.8472666    -0.0044939
 0.8561218    -0.0042664
 0.8649397    -0.0041057
 0.8737550    -0.0039642
 0.8824608    -0.0037979
 0.8910427    -0.0036445
 0.8995206    -0.0035526
 0.9078693    -0.0034841
 0.9160915    -0.0033732
 0.9241375    -0.0032765
 0.9319170    -0.0032411
 0.9394337    -0.0031938
 0.9466925    -0.0031017
 0.9535900    -0.0030378
 0.9600409    -0.0030122
 0.9660659    -0.0029216
 0.9717184    -0.0028102
 0.9769934    -0.0027309
 0.9818747    -0.0026141
 0.9863802    -0.0024423
 0.9905399    -0.0022448
 0.9943470    -0.0020392
 0.9978263    -0.0017472
 1.0000000    -0.0014863
