QX0026
 0.9999070     0.0005690
 0.9996852     0.0006348
 0.9990467     0.0008236
 0.9980275     0.0011234
 0.9966433     0.0015279
 0.9949048     0.0020321
 0.9928201     0.0026323
 0.9903959     0.0033259
 0.9876395     0.0041115
 0.9845600     0.0049860
 0.9811639     0.0059425
 0.9774533     0.0069743
 0.9734268     0.0080790
 0.9690851     0.0092591
 0.9644327     0.0105178
 0.9594765     0.0118572
 0.9542242     0.0132773
 0.9486830     0.0147772
 0.9428592     0.0163558
 0.9367597     0.0180124
 0.9303917     0.0197468
 0.9237636     0.0215570
 0.9168826     0.0234407
 0.9097551     0.0253967
 0.9023899     0.0274238
 0.8947957     0.0295195
 0.8869800     0.0316801
 0.8789493     0.0339041
 0.8707129     0.0361898
 0.8622798     0.0385339
 0.8536577     0.0409327
 0.8448549     0.0433854
 0.8358834     0.0458883
 0.8267525     0.0484338
 0.8174653     0.0510160
 0.8080269     0.0536383
 0.7984531     0.0563034
 0.7887626     0.0590026
 0.7789632     0.0617227
 0.7690589     0.0644596
 0.7590634     0.0672129
 0.7489955     0.0699704
 0.7388615     0.0727118
 0.7286582     0.0754269
 0.7183900     0.0781144
 0.7080690     0.0807657
 0.6976983     0.0833628
 0.6872695     0.0858982
 0.6767821     0.0883768
 0.6662494     0.0907977
 0.6556786     0.0931474
 0.6450646     0.0954182
 0.6344090     0.0976160
 0.6237296     0.0997395
 0.6130389     0.1017660
 0.6023230     0.1036726
 0.5915586     0.1054624
 0.5807407     0.1071566
 0.5698856     0.1087689
 0.5590111     0.1102962
 0.5481264     0.1117294
 0.5372359     0.1130604
 0.5263394     0.1142808
 0.5154310     0.1153874
 0.5045060     0.1163875
 0.4935712     0.1172920
 0.4826411     0.1181028
 0.4717249     0.1188132
 0.4608241     0.1194167
 0.4499371     0.1199128
 0.4390640     0.1203051
 0.4282079     0.1206003
 0.4173783     0.1208055
 0.4065897     0.1209206
 0.3958507     0.1209366
 0.3851586     0.1208460
 0.3745067     0.1206533
 0.3638973     0.1203713
 0.3533427     0.1200106
 0.3428600     0.1195739
 0.3324652     0.1190546
 0.3221653     0.1184385
 0.3119522     0.1177144
 0.3018107     0.1168890
 0.2917401     0.1159865
 0.2817642     0.1150257
 0.2719135     0.1140008
 0.2622010     0.1128877
 0.2526157     0.1116675
 0.2431375     0.1103412
 0.2337544     0.1089303
 0.2244772     0.1074644
 0.2153411     0.1059573
 0.2063799     0.1043887
 0.1975936     0.1027205
 0.1889467     0.1009382
 0.1804100     0.0990722
 0.1719975     0.0971672
 0.1637541     0.0952361
 0.1557108     0.0932520
 0.1478617     0.0911838
 0.1401817     0.0890249
 0.1326552     0.0867930
 0.1252847     0.0845106
 0.1180860     0.0821925
 0.1110781     0.0798414
 0.1042752     0.0774492
 0.0976797     0.0750037
 0.0912839     0.0724983
 0.0850774     0.0699376
 0.0790560     0.0673348
 0.0732256     0.0647031
 0.0675970     0.0620484
 0.0621767     0.0593692
 0.0569644     0.0566660
 0.0519595     0.0539461
 0.0471691     0.0512182
 0.0426031     0.0484824
 0.0382637     0.0457342
 0.0341461     0.0429744
 0.0302481     0.0402114
 0.0265742     0.0374538
 0.0231301     0.0347051
 0.0199200     0.0319677
 0.0169482     0.0292419
 0.0142140     0.0265237
 0.0117060     0.0238138
 0.0094114     0.0211307
 0.0073395     0.0185039
 0.0055214     0.0159447
 0.0039809     0.0134348
 0.0027117     0.0109493
 0.0016898     0.0084856
 0.0009017     0.0060635
 0.0003534     0.0037017
 0.0000536     0.0014069
 0.0000033    -0.0008157
 0.0002057    -0.0029518
 0.0006777    -0.0049876
 0.0014431    -0.0069257
 0.0025143    -0.0087845
 0.0038834    -0.0105811
 0.0055331    -0.0123148
 0.0074585    -0.0139687
 0.0096723    -0.0155314
 0.0121886    -0.0170080
 0.0150078    -0.0184094
 0.0181234    -0.0197363
 0.0215369    -0.0209824
 0.0252580    -0.0221489
 0.0292909    -0.0232472
 0.0336293    -0.0242877
 0.0382637    -0.0252735
 0.0431868    -0.0262034
 0.0483937    -0.0270754
 0.0538811    -0.0278867
 0.0596486    -0.0286359
 0.0656947    -0.0293259
 0.0720122    -0.0299583
 0.0785946    -0.0305285
 0.0854433    -0.0310308
 0.0925621    -0.0314672
 0.0999487    -0.0318446
 0.1075955    -0.0321649
 0.1154990    -0.0324260
 0.1236595    -0.0326294
 0.1320737    -0.0327816
 0.1407329    -0.0328863
 0.1496304    -0.0329428
 0.1587624    -0.0329520
 0.1681230    -0.0329173
 0.1777045    -0.0328395
 0.1875008    -0.0327183
 0.1975079    -0.0325550
 0.2077194    -0.0323530
 0.2181265    -0.0321139
 0.2287221    -0.0318374
 0.2394996    -0.0315250
 0.2504501    -0.0311778
 0.2615643    -0.0307935
 0.2728370    -0.0303686
 0.2842652    -0.0299021
 0.2958449    -0.0293960
 0.3075703    -0.0288505
 0.3194383    -0.0282657
 0.3314488    -0.0276450
 0.3435992    -0.0269977
 0.3558804    -0.0263363
 0.3682743    -0.0256694
 0.3807598    -0.0249945
 0.3933261    -0.0242990
 0.4059775    -0.0235748
 0.4187208    -0.0228328
 0.4315442    -0.0220933
 0.4444197    -0.0213622
 0.4573276    -0.0206252
 0.4702688    -0.0198698
 0.4832466    -0.0191013
 0.4962492    -0.0183300
 0.5092598    -0.0175514
 0.5222770    -0.0167542
 0.5353105    -0.0159436
 0.5483553    -0.0151413
 0.5613867    -0.0143596
 0.5743824    -0.0135910
 0.5873374    -0.0128254
 0.6002508    -0.0120670
 0.6131083    -0.0113250
 0.6258897    -0.0105940
 0.6385880    -0.0098581
 0.6512122    -0.0091111
 0.6637687    -0.0083641
 0.6762496    -0.0076320
 0.6886417    -0.0069210
 0.7009370    -0.0062342
 0.7131284    -0.0055801
 0.7252016    -0.0049696
 0.7371374    -0.0044065
 0.7489202    -0.0038894
 0.7605378    -0.0034172
 0.7719760    -0.0029906
 0.7832201    -0.0026057
 0.7942594    -0.0022552
 0.8050882    -0.0019346
 0.8157006    -0.0016430
 0.8260884    -0.0013795
 0.8362447    -0.0011418
 0.8461644    -0.0009297
 0.8558401    -0.0007450
 0.8652627    -0.0005879
 0.8744240    -0.0004564
 0.8833182    -0.0003500
 0.8919372    -0.0002695
 0.9002719    -0.0002139
 0.9083151    -0.0001804
 0.9160607    -0.0001677
 0.9235016    -0.0001749
 0.9306302    -0.0001988
 0.9374428    -0.0002358
 0.9439377    -0.0002866
 0.9501078    -0.0003556
 0.9559415    -0.0004428
 0.9614282    -0.0005428
 0.9665621    -0.0006478
 0.9713408    -0.0007519
 0.9757626    -0.0008504
 0.9798280    -0.0009406
 0.9835371    -0.0010231
 0.9868867    -0.0011003
 0.9898705    -0.0011726
 0.9924831    -0.0012380
 0.9947206    -0.0012945
 0.9965786    -0.0013412
 0.9980511    -0.0013782
 0.9991299    -0.0014049
 0.9998025    -0.0014213
 1.0000351    -0.0014269
