QX0026  thickness=14.08
 1.0000000     0.0000000
 0.9961806     0.0011073
 0.9899589     0.0029022
 0.9831229     0.0048524
 0.9756703     0.0069305
 0.9675728     0.0091297
 0.9588729     0.0114886
 0.9496652     0.0140020
 0.9400501     0.0166541
 0.9301092     0.0194240
 0.9199193     0.0222909
 0.9095326     0.0252394
 0.8989942     0.0282508
 0.8883404     0.0313132
 0.8775948     0.0344143
 0.8667881     0.0375389
 0.8559512     0.0406756
 0.8451134     0.0438099
 0.8342937     0.0469302
 0.8235065     0.0500297
 0.8127650     0.0530997
 0.8020720     0.0561335
 0.7914295     0.0591276
 0.7808428     0.0620770
 0.7703143     0.0649756
 0.7598426     0.0678190
 0.7494287     0.0706043
 0.7390749     0.0733258
 0.7287777     0.0759782
 0.7185300     0.0785591
 0.7083278     0.0810673
 0.6981672     0.0834995
 0.6880407     0.0858538
 0.6779405     0.0881301
 0.6678623     0.0903286
 0.6578031     0.0924478
 0.6477574     0.0944868
 0.6377194     0.0964456
 0.6276865     0.0983254
 0.6176580     0.1001253
 0.6076311     0.1018441
 0.5976017     0.1034821
 0.5875685     0.1050405
 0.5775327     0.1065188
 0.5674932     0.1079159
 0.5574478     0.1092316
 0.5473954     0.1104670
 0.5373380     0.1116223
 0.5272764     0.1126963
 0.5172090     0.1136884
 0.5071354     0.1145997
 0.4970578     0.1154302
 0.4869765     0.1161782
 0.4768875     0.1168428
 0.4667863     0.1174256
 0.4566743     0.1179291
 0.4465558     0.1183533
 0.4364323     0.1186968
 0.4263029     0.1189600
 0.4161698     0.1191447
 0.4060396     0.1192514
 0.3959170     0.1192785
 0.3858026     0.1192244
 0.3756979     0.1190905
 0.3656091     0.1188772
 0.3555413     0.1185825
 0.3454951     0.1182045
 0.3354710     0.1177436
 0.3254746     0.1172006
 0.3155113     0.1165736
 0.3055826     0.1158602
 0.2956888     0.1150605
 0.2858356     0.1141752
 0.2760295     0.1132027
 0.2662723     0.1121400
 0.2565656     0.1109873
 0.2469157     0.1097455
 0.2373304     0.1084126
 0.2278122     0.1069858
 0.2183641     0.1054656
 0.2089950     0.1038532
 0.1997128     0.1021457
 0.1905210     0.1003414
 0.1814259     0.0984423
 0.1724388     0.0964485
 0.1635681     0.0943585
 0.1548206     0.0921744
 0.1462128     0.0899037
 0.1377664     0.0875487
 0.1294962     0.0851093
 0.1214164     0.0825934
 0.1135516     0.0800118
 0.1059262     0.0773697
 0.0985577     0.0746750
 0.0914668     0.0719448
 0.0846796     0.0691946
 0.0782161     0.0664350
 0.0720883     0.0636825
 0.0663079     0.0609566
 0.0608838     0.0582706
 0.0558153     0.0556341
 0.0510942     0.0530598
 0.0467102     0.0505578
 0.0426504     0.0481314
 0.0388975     0.0457801
 0.0354303     0.0435051
 0.0322274     0.0413078
 0.0292698     0.0391857
 0.0265393     0.0371335
 0.0240182     0.0351460
 0.0216889     0.0332196
 0.0195354     0.0313511
 0.0175448     0.0295351
 0.0157068     0.0277650
 0.0140116     0.0260352
 0.0124465     0.0243446
 0.0109978     0.0226952
 0.0096515     0.0210902
 0.0083982     0.0195302
 0.0072332     0.0180122
 0.0061587     0.0165281
 0.0051787     0.0150691
 0.0042971     0.0136280
 0.0035137     0.0122014
 0.0028226     0.0107904
 0.0022147     0.0093979
 0.0016812     0.0080269
 0.0012175     0.0066782
 0.0008234     0.0053515
 0.0005026     0.0040457
 0.0002597     0.0027605
 0.0000970     0.0014969
 0.0000135     0.0002569
 0.0000050    -0.0009602
 0.0000709    -0.0021825
 0.0002168    -0.0034159
 0.0004527    -0.0046535
 0.0007912    -0.0058874
 0.0012442    -0.0071072
 0.0018174    -0.0083025
 0.0025084    -0.0094662
 0.0033100    -0.0105952
 0.0042149    -0.0116884
 0.0052194    -0.0127443
 0.0063231    -0.0137592
 0.0075271    -0.0147291
 0.0088315    -0.0156521
 0.0102354    -0.0165299
 0.0117374    -0.0173675
 0.0133381    -0.0181704
 0.0150399    -0.0189428
 0.0168484    -0.0196861
 0.0187709    -0.0204004
 0.0208165    -0.0210857
 0.0229952    -0.0217444
 0.0253186    -0.0223812
 0.0278002    -0.0230012
 0.0304556    -0.0236089
 0.0333036    -0.0242061
 0.0363658    -0.0247928
 0.0396674    -0.0253684
 0.0432365    -0.0259336
 0.0471044    -0.0264889
 0.0513046    -0.0270333
 0.0558736    -0.0275630
 0.0608495    -0.0280729
 0.0662698    -0.0285594
 0.0721670    -0.0290187
 0.0785650    -0.0294431
 0.0854780    -0.0298225
 0.0929082    -0.0301496
 0.1008391    -0.0304200
 0.1092374    -0.0306257
 0.1180641    -0.0307605
 0.1272730    -0.0308250
 0.1368102    -0.0308194
 0.1466305    -0.0307422
 0.1566967    -0.0305981
 0.1669718    -0.0303917
 0.1774324    -0.0301233
 0.1880725    -0.0298015
 0.1988645    -0.0294484
 0.2097397    -0.0290777
 0.2206428    -0.0286774
 0.2315799    -0.0282293
 0.2425923    -0.0277329
 0.2537033    -0.0272049
 0.2648936    -0.0266660
 0.2761230    -0.0261287
 0.2873577    -0.0255910
 0.2985718    -0.0250379
 0.3097867    -0.0244549
 0.3210431    -0.0238427
 0.3323583    -0.0232158
 0.3437134    -0.0225868
 0.3550915    -0.0219571
 0.3664782    -0.0213247
 0.3778611    -0.0206919
 0.3892240    -0.0200594
 0.4005581    -0.0194195
 0.4118764    -0.0187642
 0.4231942    -0.0180987
 0.4345062    -0.0174400
 0.4458206    -0.0167946
 0.4571371    -0.0161525
 0.4684510    -0.0154990
 0.4797752    -0.0148323
 0.4911048    -0.0141630
 0.5024197    -0.0134965
 0.5137072    -0.0128229
 0.5249749    -0.0121334
 0.5362315    -0.0114370
 0.5474639    -0.0107565
 0.5586930    -0.0100997
 0.5699299    -0.0094552
 0.5811576    -0.0088080
 0.5923426    -0.0081667
 0.6034705    -0.0075529
 0.6145729    -0.0069728
 0.6256539    -0.0064000
 0.6366860    -0.0057988
 0.6477145    -0.0051540
 0.6587579    -0.0044948
 0.6697965    -0.0038618
 0.6808597    -0.0032658
 0.6919614    -0.0026858
 0.7030527    -0.0021073
 0.7140834    -0.0015465
 0.7250572    -0.0010336
 0.7360420    -0.0005754
 0.7470778    -0.0001458
 0.7581308     0.0002829
 0.7691388     0.0007070
 0.7800637     0.0010925
 0.7909554     0.0014159
 0.8018804     0.0016876
 0.8128453     0.0019383
 0.8237797     0.0021855
 0.8346112     0.0024104
 0.8453354     0.0025743
 0.8560286     0.0026568
 0.8667647     0.0026784
 0.8775251     0.0026791
 0.8882069     0.0026684
 0.8987430     0.0026166
 0.9091382     0.0025030
 0.9193891     0.0023350
 0.9294494     0.0021220
 0.9392530     0.0018653
 0.9487322     0.0015571
 0.9578462     0.0011813
 0.9665677     0.0007500
 0.9748241     0.0003037
 0.9825172    -0.0001284
 0.9895860    -0.0005515
 0.9960345    -0.0009657
 1.0000000    -0.0012285
