QX0026 thickness=13.65
 0.9999122     0.0004367
 0.9996932     0.0005017
 0.9990633     0.0006977
 0.9980654     0.0010197
 0.9967235     0.0014531
 0.9950469     0.0019824
 0.9930373     0.0025982
 0.9906952     0.0032969
 0.9880228     0.0040784
 0.9850245     0.0049428
 0.9817053     0.0058895
 0.9780708     0.0069179
 0.9741263     0.0080269
 0.9698775     0.0092152
 0.9653302     0.0104812
 0.9604898     0.0118229
 0.9553617     0.0132383
 0.9499507     0.0147253
 0.9442613     0.0162823
 0.9382982     0.0179082
 0.9320662     0.0196027
 0.9255711     0.0213659
 0.9188197     0.0231979
 0.9118196     0.0250984
 0.9045788     0.0270664
 0.8971055     0.0291003
 0.8894080     0.0311982
 0.8814945     0.0333577
 0.8733734     0.0355762
 0.8650529     0.0378512
 0.8565416     0.0401799
 0.8478479     0.0425592
 0.8389806     0.0449861
 0.8299490     0.0474572
 0.8207622     0.0499688
 0.8114296     0.0525166
 0.8019610     0.0550962
 0.7923658     0.0577021
 0.7826534     0.0603287
 0.7728331     0.0629696
 0.7629138     0.0656180
 0.7529038     0.0682663
 0.7428108     0.0709068
 0.7326416     0.0735315
 0.7224022     0.0761325
 0.7120982     0.0787021
 0.7017343     0.0812333
 0.6913153     0.0837193
 0.6808457     0.0861535
 0.6703300     0.0885294
 0.6597726     0.0908403
 0.6491767     0.0930791
 0.6385444     0.0952389
 0.6278764     0.0973140
 0.6171728     0.0993007
 0.6064346     0.1011971
 0.5956638     0.1030024
 0.5848642     0.1047157
 0.5740404     0.1063353
 0.5631968     0.1078585
 0.5523372     0.1092819
 0.5414639     0.1106023
 0.5305786     0.1118172
 0.5196817     0.1129255
 0.5087743     0.1139280
 0.4978580     0.1148267
 0.4869363     0.1156248
 0.4760140     0.1163251
 0.4650971     0.1169298
 0.4541919     0.1174403
 0.4433047     0.1178573
 0.4324415     0.1181815
 0.4216082     0.1184130
 0.4108108     0.1185523
 0.4000550     0.1185995
 0.3893465     0.1185549
 0.3786908     0.1184188
 0.3680935     0.1181914
 0.3575599     0.1178729
 0.3470954     0.1174636
 0.3367050     0.1169641
 0.3263940     0.1163747
 0.3161672     0.1156960
 0.3060296     0.1149287
 0.2959861     0.1140736
 0.2860413     0.1131315
 0.2762001     0.1121033
 0.2664668     0.1109901
 0.2568461     0.1097930
 0.2473423     0.1085134
 0.2379598     0.1071527
 0.2287029     0.1057125
 0.2195759     0.1041943
 0.2105830     0.1026000
 0.2017284     0.1009314
 0.1930162     0.0991905
 0.1844505     0.0973792
 0.1760353     0.0954997
 0.1677746     0.0935540
 0.1596722     0.0915445
 0.1517320     0.0894733
 0.1439576     0.0873429
 0.1363526     0.0851556
 0.1289205     0.0829141
 0.1216647     0.0806209
 0.1145886     0.0782788
 0.1076954     0.0758905
 0.1009881     0.0734591
 0.0944699     0.0709875
 0.0881437     0.0684789
 0.0820125     0.0659366
 0.0760791     0.0633641
 0.0703466     0.0607648
 0.0648176     0.0581422
 0.0594952     0.0555001
 0.0543821     0.0528421
 0.0494810     0.0501718
 0.0447948     0.0474933
 0.0403262     0.0448104
 0.0360782     0.0421271
 0.0320536     0.0394473
 0.0282557     0.0367748
 0.0246877     0.0341132
 0.0213527     0.0314653
 0.0182531     0.0288334
 0.0153899     0.0262203
 0.0127636     0.0236299
 0.0103755     0.0210676
 0.0082283     0.0185390
 0.0063262     0.0160484
 0.0046732     0.0135983
 0.0032712     0.0111895
 0.0021197     0.0088236
 0.0012167     0.0065047
 0.0005611     0.0042397
 0.0001544     0.0020372
 0.0000007    -0.0000949
 0.0001062    -0.0021506
 0.0004771    -0.0041261
 0.0011189    -0.0060192
 0.0020358    -0.0078283
 0.0032315    -0.0095516
 0.0047098    -0.0111872
 0.0064746    -0.0127333
 0.0085308    -0.0141886
 0.0108832    -0.0155535
 0.0135362    -0.0168297
 0.0164930    -0.0180200
 0.0197553    -0.0191273
 0.0233239    -0.0201546
 0.0271991    -0.0211044
 0.0313814    -0.0219796
 0.0358710    -0.0227840
 0.0406664    -0.0235224
 0.0457642    -0.0241999
 0.0511588    -0.0248203
 0.0568437    -0.0253851
 0.0628132    -0.0258939
 0.0690631    -0.0263452
 0.0755907    -0.0267386
 0.0823936    -0.0270745
 0.0894684    -0.0273545
 0.0968109    -0.0275802
 0.1044162    -0.0277526
 0.1122792    -0.0278720
 0.1203951    -0.0279383
 0.1287597    -0.0279513
 0.1373686    -0.0279110
 0.1462182    -0.0278176
 0.1553045    -0.0276714
 0.1646239    -0.0274732
 0.1741729    -0.0272241
 0.1839477    -0.0269258
 0.1939444    -0.0265805
 0.2041589    -0.0261909
 0.2145865    -0.0257601
 0.2252219    -0.0252917
 0.2360590    -0.0247894
 0.2470911    -0.0242569
 0.2583109    -0.0236977
 0.2697103    -0.0231150
 0.2812812    -0.0225116
 0.2930152    -0.0218898
 0.3049036    -0.0212516
 0.3169382    -0.0205990
 0.3291104    -0.0199337
 0.3414119    -0.0192571
 0.3538345    -0.0185710
 0.3663700    -0.0178772
 0.3790100    -0.0171776
 0.3917460    -0.0164747
 0.4045688    -0.0157708
 0.4174686    -0.0150683
 0.4304348    -0.0143685
 0.4434571    -0.0136720
 0.4565255    -0.0129783
 0.4696316    -0.0122864
 0.4827681    -0.0115961
 0.4959283    -0.0109090
 0.5091043    -0.0102274
 0.5222872    -0.0095539
 0.5354678    -0.0088900
 0.5486376    -0.0082379
 0.5617876    -0.0076006
 0.5749063    -0.0069819
 0.5879799    -0.0063832
 0.6009945    -0.0058012
 0.6139410    -0.0052298
 0.6268156    -0.0046645
 0.6396163    -0.0041060
 0.6523385    -0.0035590
 0.6649739    -0.0030278
 0.6775140    -0.0025139
 0.6899531    -0.0020193
 0.7022870    -0.0015501
 0.7145063    -0.0011172
 0.7265937    -0.0007304
 0.7385271    -0.0003910
 0.7502880    -0.0000907
 0.7618676     0.0001814
 0.7732651     0.0004312
 0.7844801     0.0006553
 0.7955055     0.0008447
 0.8063259     0.0009927
 0.8169226     0.0010998
 0.8272796     0.0011741
 0.8373879     0.0012266
 0.8472453     0.0012662
 0.8568522     0.0012963
 0.8662086     0.0013155
 0.8753110     0.0013195
 0.8841529     0.0013037
 0.8927253     0.0012646
 0.9010178     0.0012006
 0.9090195     0.0011121
 0.9167200     0.0010019
 0.9241107     0.0008743
 0.9311852     0.0007342
 0.9379390     0.0005855
 0.9443680     0.0004305
 0.9504677     0.0002709
 0.9562329     0.0001082
 0.9616580    -0.0000549
 0.9667387    -0.0002151
 0.9714714    -0.0003692
 0.9758538    -0.0005142
 0.9798839    -0.0006484
 0.9835594    -0.0007710
 0.9868774    -0.0008814
 0.9898343    -0.0009782
 0.9924277    -0.0010598
 0.9946571    -0.0011256
 0.9965213    -0.0011797
 0.9980131    -0.0012305
 0.9991141    -0.0012838
 0.9997969    -0.0013334
 1.0000299    -0.0013555
