QX0025v12
 0.9999888     0.0007528
 0.9967547     0.0018526
 0.9915449     0.0035611
 0.9859016     0.0054225
 0.9797939     0.0073945
 0.9732242     0.0094759
 0.9662458     0.0116566
 0.9589287     0.0139114
 0.9513283     0.0162083
 0.9435200     0.0185433
 0.9355695     0.0208744
 0.9275027     0.0232094
 0.9193453     0.0256033
 0.9110227     0.0280136
 0.9025349     0.0304638
 0.8939172     0.0329308
 0.8851786     0.0354242
 0.8763644     0.0379397
 0.8674963     0.0404685
 0.8585886     0.0429994
 0.8496635     0.0455322
 0.8407334     0.0480634
 0.8318064     0.0505928
 0.8228933     0.0531045
 0.8139893     0.0555945
 0.8050896     0.0580745
 0.7962101     0.0605433
 0.7873622     0.0629904
 0.7785341     0.0654132
 0.7697289     0.0678086
 0.7609408     0.0701769
 0.7521769     0.0725189
 0.7434427     0.0748214
 0.7347209     0.0770865
 0.7260215     0.0793107
 0.7173408     0.0814846
 0.7086716     0.0836113
 0.7000145     0.0856840
 0.6913841     0.0877038
 0.6827880     0.0897005
 0.6742298     0.0916667
 0.6657089     0.0935946
 0.6572110     0.0954867
 0.6487397     0.0973365
 0.6402761     0.0991383
 0.6318307     0.1008839
 0.6233924     0.1025586
 0.6149652     0.1041567
 0.6065465     0.1056625
 0.5981189     0.1070888
 0.5896917     0.1084095
 0.5812619     0.1096875
 0.5728213     0.1109393
 0.5643741     0.1121595
 0.5559252     0.1133385
 0.5474670     0.1144731
 0.5390006     0.1155577
 0.5305262     0.1165808
 0.5220344     0.1175378
 0.5135316     0.1184269
 0.5050231     0.1192392
 0.4965052     0.1199795
 0.4879824     0.1206417
 0.4794698     0.1212584
 0.4709565     0.1218310
 0.4624395     0.1223619
 0.4539370     0.1228430
 0.4454339     0.1232720
 0.4369271     0.1236520
 0.4284363     0.1239721
 0.4199461     0.1242269
 0.4114583     0.1244124
 0.4029803     0.1245234
 0.3945027     0.1245619
 0.3860370     0.1245292
 0.3775766     0.1244435
 0.3691120     0.1243085
 0.3606630     0.1241201
 0.3522251     0.1238715
 0.3437959     0.1235621
 0.3353810     0.1231897
 0.3269800     0.1227525
 0.3186013     0.1222492
 0.3102401     0.1216861
 0.3019077     0.1210573
 0.2936070     0.1203631
 0.2853393     0.1196034
 0.2771115     0.1187747
 0.2689149     0.1178674
 0.2607335     0.1168808
 0.2525775     0.1158174
 0.2444533     0.1146790
 0.2363588     0.1134784
 0.2282974     0.1122189
 0.2202741     0.1109260
 0.2122928     0.1095653
 0.2043595     0.1081137
 0.1964803     0.1065605
 0.1886622     0.1049021
 0.1809081     0.1031561
 0.1732135     0.1013528
 0.1655922     0.0995136
 0.1580476     0.0976600
 0.1505730     0.0957619
 0.1431927     0.0937301
 0.1359311     0.0915669
 0.1287931     0.0892848
 0.1217865     0.0869425
 0.1149110     0.0845759
 0.1081828     0.0822093
 0.1016020     0.0798441
 0.0951800     0.0774102
 0.0889366     0.0748216
 0.0828834     0.0721370
 0.0770347     0.0694074
 0.0714123     0.0666785
 0.0660333     0.0639635
 0.0609171     0.0612814
 0.0560797     0.0586353
 0.0515260     0.0560334
 0.0472625     0.0534823
 0.0432811     0.0509929
 0.0395745     0.0485759
 0.0361369     0.0462225
 0.0329529     0.0439218
 0.0300086     0.0416766
 0.0272948     0.0394769
 0.0247948     0.0373615
 0.0224895     0.0353334
 0.0203698     0.0333837
 0.0184121     0.0315087
 0.0166059     0.0297040
 0.0149390     0.0279632
 0.0134001     0.0262831
 0.0119819     0.0246586
 0.0106739     0.0230921
 0.0094643     0.0215847
 0.0083555     0.0201707
 0.0073292     0.0186159
 0.0063884     0.0173248
 0.0055227     0.0159083
 0.0047316     0.0145401
 0.0040099     0.0132333
 0.0033479     0.0119898
 0.0027485     0.0108038
 0.0022253     0.0095784
 0.0017533     0.0083556
 0.0013314     0.0071831
 0.0009628     0.0060191
 0.0006615     0.0049505
 0.0004165     0.0038709
 0.0002300     0.0027332
 0.0000951     0.0017382
 0.0000177     0.0010117
 0.0000038    -0.0003066
 0.0000555    -0.0012875
 0.0001806    -0.0023655
 0.0003901    -0.0033798
 0.0006957    -0.0044163
 0.0010851    -0.0054081
 0.0015629    -0.0064020
 0.0021282    -0.0074194
 0.0027861    -0.0084297
 0.0035280    -0.0093373
 0.0043581    -0.0102206
 0.0052634    -0.0111087
 0.0062495    -0.0119934
 0.0073172    -0.0127384
 0.0084615    -0.0137185
 0.0096896    -0.0144822
 0.0110034    -0.0152254
 0.0124043    -0.0159528
 0.0138973    -0.0166672
 0.0154849    -0.0173770
 0.0171740    -0.0180832
 0.0189704    -0.0187937
 0.0208866    -0.0195006
 0.0229282    -0.0202185
 0.0251113    -0.0209187
 0.0274492    -0.0215919
 0.0299573    -0.0222140
 0.0326561    -0.0228012
 0.0355615    -0.0234110
 0.0386955    -0.0240321
 0.0420824    -0.0246667
 0.0457453    -0.0253039
 0.0497122    -0.0259346
 0.0540109    -0.0265432
 0.0586692    -0.0271262
 0.0637088    -0.0276725
 0.0691489    -0.0281914
 0.0749806    -0.0286813
 0.0812020    -0.0291395
 0.0877985    -0.0295701
 0.0947578    -0.0299921
 0.1020440    -0.0303638
 0.1096185    -0.0305851
 0.1174212    -0.0307149
 0.1253996    -0.0307810
 0.1335326    -0.0308224
 0.1418054    -0.0308460
 0.1502212    -0.0308595
 0.1587599    -0.0307964
 0.1673953    -0.0306279
 0.1761167    -0.0303986
 0.1849242    -0.0301249
 0.1937931    -0.0298387
 0.2027174    -0.0295495
 0.2116753    -0.0292702
 0.2206431    -0.0289666
 0.2296315    -0.0285828
 0.2386542    -0.0281658
 0.2477185    -0.0277214
 0.2568007    -0.0272658
 0.2658887    -0.0267954
 0.2749910    -0.0263145
 0.2840981    -0.0258248
 0.2932277    -0.0253124
 0.3023796    -0.0247667
 0.3115521    -0.0241880
 0.3207526    -0.0236046
 0.3299737    -0.0230187
 0.3392139    -0.0224262
 0.3484688    -0.0218281
 0.3577457    -0.0212226
 0.3670414    -0.0206141
 0.3763441    -0.0199947
 0.3856466    -0.0193651
 0.3949419    -0.0187208
 0.4042278    -0.0180608
 0.4135108    -0.0173965
 0.4227990    -0.0167330
 0.4320935    -0.0160781
 0.4413900    -0.0154280
 0.4506826    -0.0147800
 0.4599686    -0.0141346
 0.4692595    -0.0134701
 0.4785481    -0.0127847
 0.4878189    -0.0120803
 0.4970762    -0.0113688
 0.5063385    -0.0106618
 0.5156083    -0.0099650
 0.5248833    -0.0092855
 0.5341694    -0.0086261
 0.5434556    -0.0079821
 0.5527350    -0.0073443
 0.5619994    -0.0067036
 0.5712574    -0.0060512
 0.5805194    -0.0053755
 0.5897766    -0.0046726
 0.5990214    -0.0040038
 0.6082631    -0.0033419
 0.6175041    -0.0027046
 0.6267402    -0.0020908
 0.6359616    -0.0015037
 0.6451850    -0.0009211
 0.6544041    -0.0003303
 0.6636231     0.0002820
 0.6728291     0.0009147
 0.6820241     0.0015572
 0.6912137     0.0022066
 0.7003923     0.0028195
 0.7095702     0.0034033
 0.7187258     0.0039605
 0.7278623     0.0044902
 0.7369608     0.0049936
 0.7460249     0.0054699
 0.7550520     0.0059165
 0.7640536     0.0063398
 0.7730184     0.0067387
 0.7819422     0.0071146
 0.7908163     0.0074538
 0.7996775     0.0077490
 0.8085333     0.0080125
 0.8173654     0.0082475
 0.8261403     0.0084696
 0.8348211     0.0086453
 0.8434849     0.0087448
 0.8521758     0.0087891
 0.8608556     0.0088112
 0.8694464     0.0088016
 0.8779740     0.0087078
 0.8865075     0.0085571
 0.8949693     0.0083966
 0.9032815     0.0081923
 0.9114790     0.0078832
 0.9196359     0.0074912
 0.9277079     0.0070607
 0.9356043     0.0065862
 0.9433228     0.0060043
 0.9509203     0.0053364
 0.9583536     0.0046204
 0.9655583     0.0038661
 0.9724760     0.0030704
 0.9790884     0.0022311
 0.9853471     0.0014025
 0.9911904     0.0005846
 0.9966038    -0.0002195
 0.9999749    -0.0007471
