QX0126
 1.0000000     0.0004033
 0.9953662     0.0011751
 0.9878115     0.0024643
 0.9796880     0.0039182
 0.9711806     0.0054849
 0.9624363     0.0071379
 0.9535667     0.0088523
 0.9446221     0.0106273
 0.9356348     0.0124347
 0.9266418     0.0142806
 0.9176341     0.0161697
 0.9086184     0.0180789
 0.8996250     0.0200120
 0.8906492     0.0219871
 0.8816751     0.0240070
 0.8726917     0.0260455
 0.8636967     0.0280808
 0.8547008     0.0301504
 0.8456804     0.0322494
 0.8366514     0.0343571
 0.8276294     0.0364743
 0.8186208     0.0386080
 0.8096191     0.0407528
 0.8006270     0.0428747
 0.7916297     0.0449951
 0.7826272     0.0471252
 0.7736275     0.0492304
 0.7646196     0.0513141
 0.7556195     0.0533821
 0.7466397     0.0554113
 0.7376514     0.0573997
 0.7286651     0.0593569
 0.7196769     0.0612704
 0.7106813     0.0631506
 0.7016925     0.0649936
 0.6927092     0.0667864
 0.6837161     0.0685269
 0.6747085     0.0702223
 0.6656856     0.0718770
 0.6566573     0.0734978
 0.6476339     0.0750729
 0.6386068     0.0765991
 0.6295780     0.0780718
 0.6205269     0.0794970
 0.6114788     0.0808927
 0.6024431     0.0822220
 0.5933810     0.0834948
 0.5843025     0.0847311
 0.5752274     0.0859274
 0.5661547     0.0870699
 0.5570743     0.0881573
 0.5479793     0.0891952
 0.5388724     0.0901908
 0.5297628     0.0911453
 0.5206556     0.0920487
 0.5115326     0.0929010
 0.5024036     0.0937178
 0.4932811     0.0944887
 0.4841592     0.0952102
 0.4750388     0.0958804
 0.4659135     0.0964941
 0.4567687     0.0970634
 0.4476346     0.0975985
 0.4385094     0.0980694
 0.4293697     0.0984946
 0.4202423     0.0988733
 0.4111182     0.0991919
 0.4019877     0.0994559
 0.3928590     0.0996700
 0.3837308     0.0998267
 0.3745983     0.0999315
 0.3654728     0.0999889
 0.3563630     0.0999892
 0.3472619     0.0999190
 0.3381452     0.0997890
 0.3290461     0.0996138
 0.3199575     0.0993570
 0.3108526     0.0990497
 0.3017722     0.0986839
 0.2926986     0.0982512
 0.2836463     0.0977537
 0.2746021     0.0971764
 0.2655627     0.0965291
 0.2565296     0.0958101
 0.2475087     0.0950273
 0.2385111     0.0941660
 0.2295230     0.0932247
 0.2205490     0.0922069
 0.2115889     0.0911164
 0.2026666     0.0899559
 0.1937899     0.0887005
 0.1849348     0.0873406
 0.1761094     0.0858956
 0.1673235     0.0843453
 0.1585706     0.0826870
 0.1498444     0.0809187
 0.1411542     0.0790614
 0.1325403     0.0771021
 0.1239995     0.0750198
 0.1155403     0.0728080
 0.1071561     0.0704565
 0.0988701     0.0679637
 0.0906716     0.0653142
 0.0825934     0.0625417
 0.0746788     0.0596014
 0.0669285     0.0565148
 0.0594141     0.0532807
 0.0521656     0.0499028
 0.0452672     0.0464182
 0.0388080     0.0428612
 0.0328669     0.0392619
 0.0275095     0.0357418
 0.0228116     0.0323517
 0.0187703     0.0291416
 0.0153423     0.0261531
 0.0124493     0.0234134
 0.0100726     0.0208584
 0.0080602     0.0185280
 0.0063970     0.0163782
 0.0050473     0.0143595
 0.0039473     0.0124746
 0.0030382     0.0107208
 0.0023092     0.0090761
 0.0017195     0.0075378
 0.0012248     0.0061046
 0.0008353     0.0047590
 0.0005396     0.0034923
 0.0003133     0.0023011
 0.0001646     0.0011766
 0.0000613     0.0001163
-0.0000014    -0.0008862
 0.0001017    -0.0018855
 0.0002033    -0.0029471
 0.0003338    -0.0040679
 0.0005539    -0.0052452
 0.0009081    -0.0064697
 0.0014169    -0.0077336
 0.0020869    -0.0090335
 0.0029292    -0.0103664
 0.0039604    -0.0117289
 0.0051988    -0.0131191
 0.0066682    -0.0145351
 0.0084036    -0.0159685
 0.0104494    -0.0174073
 0.0128578    -0.0188413
 0.0156827    -0.0202810
 0.0189775    -0.0217607
 0.0228119    -0.0232757
 0.0272833    -0.0247584
 0.0324779    -0.0261946
 0.0384192    -0.0276234
 0.0450461    -0.0290293
 0.0522679    -0.0302969
 0.0600160    -0.0314424
 0.0681142    -0.0324773
 0.0764648    -0.0333456
 0.0850346    -0.0340398
 0.0938250    -0.0346230
 0.1027364    -0.0351752
 0.1116357    -0.0356633
 0.1205482    -0.0359875
 0.1295859    -0.0362013
 0.1386935    -0.0364078
 0.1478041    -0.0365866
 0.1569040    -0.0367088
 0.1660006    -0.0367531
 0.1751301    -0.0367230
 0.1843045    -0.0366465
 0.1935097    -0.0365397
 0.2027315    -0.0364184
 0.2119245    -0.0362826
 0.2210879    -0.0361054
 0.2302420    -0.0359228
 0.2394088    -0.0356827
 0.2486160    -0.0354205
 0.2578584    -0.0351613
 0.2671211    -0.0348884
 0.2763947    -0.0346058
 0.2856678    -0.0343129
 0.2949350    -0.0340063
 0.3041971    -0.0336798
 0.3134634    -0.0333303
 0.3227445    -0.0329626
 0.3320417    -0.0325873
 0.3413467    -0.0322108
 0.3506513    -0.0318357
 0.3599499    -0.0314605
 0.3692394    -0.0310769
 0.3785258    -0.0306786
 0.3878186    -0.0302688
 0.3971166    -0.0298573
 0.4064134    -0.0294425
 0.4157079    -0.0290213
 0.4249964    -0.0285930
 0.4342812    -0.0281518
 0.4435700    -0.0276988
 0.4528614    -0.0272434
 0.4621495    -0.0267944
 0.4714308    -0.0263430
 0.4807017    -0.0258783
 0.4899683    -0.0253958
 0.4992388    -0.0248945
 0.5085203    -0.0243821
 0.5178057    -0.0238706
 0.5270909    -0.0233663
 0.5363694    -0.0228621
 0.5456323    -0.0223460
 0.5548871    -0.0218093
 0.5641416    -0.0212564
 0.5733925    -0.0207100
 0.5826463    -0.0201869
 0.5919115    -0.0196757
 0.6011734    -0.0191593
 0.6104281    -0.0186244
 0.6196859    -0.0180687
 0.6289494    -0.0175067
 0.6382071    -0.0169567
 0.6474621    -0.0164207
 0.6567106    -0.0158749
 0.6659551    -0.0153044
 0.6752103    -0.0147141
 0.6844686    -0.0141263
 0.6937273    -0.0135554
 0.7029951    -0.0130018
 0.7122738    -0.0124572
 0.7215554    -0.0119174
 0.7308315    -0.0113803
 0.7400908    -0.0108316
 0.7493440    -0.0102759
 0.7585889    -0.0097440
 0.7678479    -0.0092391
 0.7771274    -0.0087433
 0.7864175    -0.0082453
 0.7957082    -0.0077462
 0.8049882    -0.0072505
 0.8142523    -0.0067690
 0.8235098    -0.0063107
 0.8327704    -0.0058688
 0.8420222    -0.0054390
 0.8512635    -0.0050368
 0.8605133    -0.0046576
 0.8697594    -0.0042745
 0.8789914    -0.0038967
 0.8882155    -0.0035560
 0.8974440    -0.0032412
 0.9066785    -0.0029514
 0.9159054    -0.0026731
 0.9251179    -0.0024273
 0.9343254    -0.0022116
 0.9435114    -0.0020196
 0.9526492    -0.0018560
 0.9617134    -0.0017317
 0.9706459    -0.0016367
 0.9793333    -0.0015735
 0.9876176    -0.0015471
 0.9953026    -0.0015620
 1.0000000    -0.0015967
