xflr5 v6.61

 Calculated polar for: QX0226

 1 1 Reynolds number fixed          Mach number fixed         

 xtrf =   1.000 (top)        1.000 (bottom)
 Mach =   0.000     Re =     0.440 e 6     Ncrit =   9.000

  alpha     CL        CD       CDp       Cm    Top Xtr Bot Xtr   Cpmin    Chinge    XCp    
 ------- -------- --------- --------- -------- ------- ------- -------- --------- ---------
 -10.000  -0.4343   0.03307   0.02876  -0.1315  0.8572  0.0277  -5.4702   0.0000   0.0000   0.0000  -0.0733
  -9.750  -0.4206   0.03045   0.02587  -0.1325  0.8531  0.0281  -5.3754   0.0000   0.0000   0.0000  -0.0856
  -9.500  -0.3940   0.03051   0.02608  -0.1324  0.8494  0.0285  -5.0994   0.0000   0.0000   0.0000  -0.1071
  -9.250  -0.3772   0.02818   0.02343  -0.1331  0.8460  0.0290  -4.9943   0.0000   0.0000   0.0000  -0.1242
  -9.000  -0.3596   0.02563   0.02048  -0.1337  0.8421  0.0295  -4.9211   0.0000   0.0000   0.0000  -0.1435
  -8.750  -0.3405   0.02323   0.01748  -0.1341  0.8383  0.0304  -4.8553   0.0000   0.0000   0.0000  -0.1661
  -8.500  -0.3162   0.02209   0.01626  -0.1343  0.8354  0.0309  -4.6716   0.0000   0.0000   0.0000  -0.1976
  -8.250  -0.2906   0.02134   0.01548  -0.1344  0.8321  0.0316  -4.4744   0.0000   0.0000   0.0000  -0.2365
  -8.000  -0.2655   0.02029   0.01424  -0.1345  0.8285  0.0323  -4.3091   0.0000   0.0000   0.0000  -0.2819
  -7.750  -0.2400   0.01922   0.01279  -0.1346  0.8254  0.0333  -4.1744   0.0000   0.0000   0.0000  -0.3376
  -7.500  -0.2138   0.01843   0.01202  -0.1347  0.8226  0.0341  -3.9879   0.0000   0.0000   0.0000  -0.4091
  -7.250  -0.1871   0.01782   0.01138  -0.1348  0.8189  0.0350  -3.8094   0.0000   0.0000   0.0000  -0.5022
  -7.000  -0.1602   0.01709   0.01044  -0.1349  0.8158  0.0361  -3.6575   0.0000   0.0000   0.0000  -0.6272
  -6.750  -0.1332   0.01640   0.00970  -0.1349  0.8132  0.0371  -3.4945   0.0000   0.0000   0.0000  -0.8035
  -6.500  -0.1060   0.01593   0.00922  -0.1351  0.8097  0.0384  -3.3270   0.0000   0.0000   0.0000  -1.0725
  -6.250  -0.0786   0.01539   0.00855  -0.1351  0.8064  0.0399  -3.1752   0.0000   0.0000   0.0000  -1.5316
  -6.000  -0.0512   0.01487   0.00805  -0.1352  0.8036  0.0412  -3.0161   0.0000   0.0000   0.0000  -2.4835
  -5.750  -0.0232   0.01449   0.00757  -0.1353  0.8007  0.0430  -2.8697   0.0000   0.0000   0.0000  -5.7617
  -5.500   0.0040   0.01402   0.00715  -0.1354  0.7971  0.0448  -2.7184   0.0000   0.0000   0.0000  35.5932
  -5.250   0.0322   0.01369   0.00673  -0.1355  0.7941  0.0470  -2.5721   0.0000   0.0000   0.0000   4.5878
  -5.000   0.0601   0.01326   0.00632  -0.1357  0.7916  0.0493  -2.4244   0.0000   0.0000   0.0000   2.5700
  -4.750   0.0878   0.01292   0.00598  -0.1358  0.7879  0.0521  -2.2901   0.0000   0.0000   0.0000   1.8377
  -4.500   0.1160   0.01264   0.00568  -0.1359  0.7846  0.0553  -2.1526   0.0000   0.0000   0.0000   1.4512
  -4.250   0.1444   0.01231   0.00535  -0.1361  0.7819  0.0589  -2.0161   0.0000   0.0000   0.0000   1.2145
  -4.000   0.1726   0.01204   0.00509  -0.1363  0.7786  0.0634  -1.8830   0.0000   0.0000   0.0000   1.0568
  -3.750   0.2008   0.01177   0.00484  -0.1365  0.7750  0.0692  -1.7562   0.0000   0.0000   0.0000   0.9432
  -3.500   0.2296   0.01151   0.00458  -0.1367  0.7721  0.0773  -1.6327   0.0000   0.0000   0.0000   0.8564
  -3.250   0.2582   0.01125   0.00436  -0.1369  0.7691  0.0894  -1.5113   0.0000   0.0000   0.0000   0.7892
  -3.000   0.2864   0.01099   0.00419  -0.1371  0.7652  0.1098  -1.3925   0.0000   0.0000   0.0000   0.7361
  -2.750   0.3151   0.01071   0.00403  -0.1374  0.7620  0.1412  -1.2756   0.0000   0.0000   0.0000   0.6921
  -2.500   0.3440   0.01052   0.00391  -0.1377  0.7591  0.1774  -1.1618   0.0000   0.0000   0.0000   0.6551
  -2.250   0.3720   0.01033   0.00386  -0.1379  0.7549  0.2120  -1.0514   0.0000   0.0000   0.0000   0.6245
  -2.000   0.4009   0.01014   0.00377  -0.1382  0.7516  0.2510  -0.9447   0.0000   0.0000   0.0000   0.5977
  -1.750   0.4297   0.00997   0.00369  -0.1385  0.7483  0.2935  -0.8424   0.0000   0.0000   0.0000   0.5745
  -1.500   0.4577   0.00978   0.00367  -0.1386  0.7440  0.3460  -0.7831   0.0000   0.0000   0.0000   0.5545
  -1.250   0.4865   0.00955   0.00361  -0.1389  0.7406  0.4105  -0.8014   0.0000   0.0000   0.0000   0.5366
  -1.000   0.5145   0.00933   0.00362  -0.1391  0.7368  0.4868  -0.8198   0.0000   0.0000   0.0000   0.5208
  -0.750   0.5422   0.00913   0.00365  -0.1391  0.7325  0.5657  -0.8389   0.0000   0.0000   0.0000   0.5065
  -0.250   0.5973   0.00887   0.00372  -0.1388  0.7246  0.6960  -0.8785   0.0000   0.0000   0.0000   0.4814
   0.000   0.6247   0.00878   0.00372  -0.1386  0.7205  0.7414  -0.8991   0.0000   0.0000   0.0000   0.4704
   0.250   0.6516   0.00872   0.00374  -0.1382  0.7164  0.7819  -0.9205   0.0000   0.0000   0.0000   0.4603
   0.500   0.6775   0.00864   0.00377  -0.1376  0.7117  0.8196  -0.9417   0.0000   0.0000   0.0000   0.4509
   0.750   0.7033   0.00857   0.00374  -0.1368  0.7080  0.8580  -0.9635   0.0000   0.0000   0.0000   0.4420
   1.000   0.7257   0.00848   0.00377  -0.1354  0.7026  0.9027  -0.9843   0.0000   0.0000   0.0000   0.4337
   1.250   0.7559   0.00837   0.00366  -0.1355  0.6985  0.9629  -1.0107   0.0000   0.0000   0.0000   0.4260
   1.500   0.7893   0.00838   0.00366  -0.1368  0.6929  1.0000  -1.0390   0.0000   0.0000   0.0000   0.4197
   1.750   0.8188   0.00843   0.00363  -0.1372  0.6884  1.0000  -1.0663   0.0000   0.0000   0.0000   0.4136
   2.000   0.8468   0.00849   0.00368  -0.1373  0.6824  1.0000  -1.0939   0.0000   0.0000   0.0000   0.4079
   2.250   0.8759   0.00854   0.00366  -0.1376  0.6776  1.0000  -1.1229   0.0000   0.0000   0.0000   0.4025
   2.500   0.9036   0.00861   0.00372  -0.1376  0.6712  1.0000  -1.1516   0.0000   0.0000   0.0000   0.3974
   2.750   0.9318   0.00868   0.00375  -0.1377  0.6655  1.0000  -1.1821   0.0000   0.0000   0.0000   0.3926
   3.000   0.9598   0.00874   0.00379  -0.1378  0.6592  1.0000  -1.2137   0.0000   0.0000   0.0000   0.3880
   3.250   0.9873   0.00882   0.00386  -0.1378  0.6524  1.0000  -1.2455   0.0000   0.0000   0.0000   0.3837
   3.500   1.0151   0.00891   0.00391  -0.1378  0.6459  1.0000  -1.2794   0.0000   0.0000   0.0000   0.3796
   3.750   1.0424   0.00900   0.00398  -0.1378  0.6387  1.0000  -1.3158   0.0000   0.0000   0.0000   0.3757
   4.000   1.0693   0.00909   0.00407  -0.1376  0.6307  1.0000  -1.3522   0.0000   0.0000   0.0000   0.3719
   4.250   1.0961   0.00920   0.00417  -0.1375  0.6225  1.0000  -1.3918   0.0000   0.0000   0.0000   0.3683
   4.500   1.1227   0.00932   0.00427  -0.1373  0.6137  1.0000  -1.4327   0.0000   0.0000   0.0000   0.3648
   4.750   1.1489   0.00944   0.00438  -0.1371  0.6043  1.0000  -1.4748   0.0000   0.0000   0.0000   0.3615
   5.000   1.1748   0.00959   0.00451  -0.1368  0.5944  1.0000  -1.5200   0.0000   0.0000   0.0000   0.3583
   5.250   1.2002   0.00975   0.00465  -0.1364  0.5838  1.0000  -1.5670   0.0000   0.0000   0.0000   0.3551
   5.500   1.2252   0.00992   0.00481  -0.1360  0.5723  1.0000  -1.6164   0.0000   0.0000   0.0000   0.3521
   5.750   1.2497   0.01013   0.00499  -0.1354  0.5602  1.0000  -1.6705   0.0000   0.0000   0.0000   0.3492
   6.000   1.2735   0.01036   0.00518  -0.1348  0.5476  1.0000  -1.7323   0.0000   0.0000   0.0000   0.3463
   6.250   1.2967   0.01061   0.00541  -0.1341  0.5333  1.0000  -1.8010   0.0000   0.0000   0.0000   0.3434
   6.500   1.3188   0.01090   0.00566  -0.1331  0.5184  1.0000  -1.8753   0.0000   0.0000   0.0000   0.3407
   6.750   1.3403   0.01122   0.00594  -0.1321  0.5023  1.0000  -1.9512   0.0000   0.0000   0.0000   0.3379
   7.000   1.3602   0.01160   0.00626  -0.1309  0.4853  1.0000  -2.0291   0.0000   0.0000   0.0000   0.3352
   7.250   1.3786   0.01203   0.00662  -0.1294  0.4673  1.0000  -2.1078   0.0000   0.0000   0.0000   0.3324
   7.500   1.3959   0.01249   0.00702  -0.1277  0.4486  1.0000  -2.1865   0.0000   0.0000   0.0000   0.3297
   7.750   1.4107   0.01299   0.00745  -0.1256  0.4305  1.0000  -2.2630   0.0000   0.0000   0.0000   0.3268
   8.000   1.4240   0.01355   0.00795  -0.1233  0.4130  1.0000  -2.3374   0.0000   0.0000   0.0000   0.3240
   8.250   1.4366   0.01419   0.00853  -0.1210  0.3955  1.0000  -2.4302   0.0000   0.0000   0.0000   0.3212
   8.500   1.4495   0.01487   0.00915  -0.1189  0.3782  1.0000  -2.5326   0.0000   0.0000   0.0000   0.3186
   8.750   1.4621   0.01560   0.00984  -0.1168  0.3617  1.0000  -2.6350   0.0000   0.0000   0.0000   0.3161
   9.250   1.4856   0.01728   0.01143  -0.1128  0.3292  1.0000  -2.8395   0.0000   0.0000   0.0000   0.3113
   9.500   1.4965   0.01823   0.01233  -0.1108  0.3134  1.0000  -2.9410   0.0000   0.0000   0.0000   0.3090
   9.750   1.5070   0.01924   0.01329  -0.1089  0.2974  1.0000  -3.0455   0.0000   0.0000   0.0000   0.3067
  10.000   1.5171   0.02032   0.01432  -0.1070  0.2812  1.0000  -3.1504   0.0000   0.0000   0.0000   0.3045
  10.250   1.5258   0.02151   0.01545  -0.1050  0.2652  1.0000  -3.2523   0.0000   0.0000   0.0000   0.3024
  10.500   1.5344   0.02274   0.01663  -0.1031  0.2488  1.0000  -3.3549   0.0000   0.0000   0.0000   0.3003
  10.750   1.5423   0.02405   0.01789  -0.1012  0.2326  1.0000  -3.4565   0.0000   0.0000   0.0000   0.2982
  11.000   1.5491   0.02546   0.01924  -0.0992  0.2171  1.0000  -3.5553   0.0000   0.0000   0.0000   0.2962
  11.250   1.5559   0.02690   0.02063  -0.0974  0.2016  1.0000  -3.6547   0.0000   0.0000   0.0000   0.2943
  11.500   1.5621   0.02842   0.02210  -0.0955  0.1869  1.0000  -3.7532   0.0000   0.0000   0.0000   0.2924
  12.000   1.5723   0.03168   0.02527  -0.0918  0.1591  1.0000  -3.9450   0.0000   0.0000   0.0000   0.2886
  12.250   1.5764   0.03344   0.02699  -0.0900  0.1468  1.0000  -4.0383   0.0000   0.0000   0.0000   0.2869
  12.500   1.5814   0.03518   0.02871  -0.0884  0.1353  1.0000  -4.1347   0.0000   0.0000   0.0000   0.2851
  12.750   1.5857   0.03703   0.03053  -0.0868  0.1245  1.0000  -4.2292   0.0000   0.0000   0.0000   0.2835
  13.000   1.5891   0.03900   0.03247  -0.0852  0.1145  1.0000  -4.3234   0.0000   0.0000   0.0000   0.2818
  13.250   1.5923   0.04103   0.03449  -0.0837  0.1056  1.0000  -4.4182   0.0000   0.0000   0.0000   0.2803
  13.500   1.5957   0.04310   0.03656  -0.0824  0.0973  1.0000  -4.5142   0.0000   0.0000   0.0000   0.2788
  13.750   1.5987   0.04526   0.03872  -0.0810  0.0901  1.0000  -4.6085   0.0000   0.0000   0.0000   0.2773
  14.000   1.6011   0.04752   0.04099  -0.0798  0.0837  1.0000  -4.7011   0.0000   0.0000   0.0000   0.2760
  14.500   1.6056   0.05222   0.04574  -0.0776  0.0733  1.0000  -4.8849   0.0000   0.0000   0.0000   0.2733
  14.750   1.6077   0.05465   0.04822  -0.0766  0.0689  1.0000  -4.9761   0.0000   0.0000   0.0000   0.2721
  15.000   1.6082   0.05731   0.05091  -0.0757  0.0652  1.0000  -5.0612   0.0000   0.0000   0.0000   0.2710
  15.250   1.6090   0.05999   0.05363  -0.0749  0.0617  1.0000  -5.1471   0.0000   0.0000   0.0000   0.2699
  15.500   1.6100   0.06268   0.05639  -0.0742  0.0584  1.0000  -5.2339   0.0000   0.0000   0.0000   0.2688
  15.750   1.6076   0.06584   0.05957  -0.0735  0.0558  1.0000  -5.3104   0.0000   0.0000   0.0000   0.2679
  16.000   1.6091   0.06856   0.06238  -0.0730  0.0528  1.0000  -5.4163   0.0000   0.0000   0.0000   0.2670
  16.250   1.6064   0.07184   0.06570  -0.0726  0.0504  1.0000  -5.5043   0.0000   0.0000   0.0000   0.2662
  16.500   1.6058   0.07493   0.06887  -0.0722  0.0479  1.0000  -5.6039   0.0000   0.0000   0.0000   0.2654
  16.750   1.6023   0.07841   0.07242  -0.0720  0.0458  1.0000  -5.6898   0.0000   0.0000   0.0000   0.2648
  17.000   1.5999   0.08182   0.07589  -0.0719  0.0436  1.0000  -5.7814   0.0000   0.0000   0.0000   0.2641
  17.250   1.5953   0.08556   0.07970  -0.0719  0.0418  1.0000  -5.8598   0.0000   0.0000   0.0000   0.2637
  17.500   1.5920   0.08917   0.08340  -0.0720  0.0399  1.0000  -5.9448   0.0000   0.0000   0.0000   0.2632
  17.750   1.5855   0.09327   0.08755  -0.0723  0.0384  1.0000  -6.0112   0.0000   0.0000   0.0000   0.2630
  18.000   1.5824   0.09696   0.09133  -0.0727  0.0366  1.0000  -6.0942   0.0000   0.0000   0.0000   0.2627
  18.250   1.5745   0.10133   0.09575  -0.0733  0.0355  1.0000  -6.1511   0.0000   0.0000   0.0000   0.2627
  18.500   1.5716   0.10507   0.09960  -0.0739  0.0340  1.0000  -6.2306   0.0000   0.0000   0.0000   0.2625
  18.750   1.5670   0.10908   0.10368  -0.0748  0.0329  1.0000  -6.3021   0.0000   0.0000   0.0000   0.2626
  19.000   1.5602   0.11342   0.10806  -0.0758  0.0321  1.0000  -6.3583   0.0000   0.0000   0.0000   0.2628
  19.250   1.5578   0.11716   0.11192  -0.0768  0.0310  1.0000  -6.4361   0.0000   0.0000   0.0000   0.2629
  19.500   1.5546   0.12105   0.11587  -0.0780  0.0301  1.0000  -6.5099   0.0000   0.0000   0.0000   0.2631
  19.750   1.5503   0.12507   0.11993  -0.0793  0.0295  1.0000  -6.5771   0.0000   0.0000   0.0000   0.2634
  20.000   1.5481   0.12882   0.12377  -0.0807  0.0287  1.0000  -6.6543   0.0000   0.0000   0.0000   0.2637


