xflr5 v6.61

 Calculated polar for: QX0226

 1 1 Reynolds number fixed          Mach number fixed         

 xtrf =   1.000 (top)        1.000 (bottom)
 Mach =   0.000     Re =     0.380 e 6     Ncrit =   9.000

  alpha     CL        CD       CDp       Cm    Top Xtr Bot Xtr   Cpmin    Chinge    XCp    
 ------- -------- --------- --------- -------- ------- ------- -------- --------- ---------
  -9.500  -0.3117   0.04835   0.04508  -0.1205  0.8636  0.0335  -4.0285   0.0000   0.0000   0.0000  -0.1616
  -9.250  -0.3038   0.04520   0.04182  -0.1245  0.8587  0.0338  -3.9713   0.0000   0.0000   0.0000  -0.1843
  -9.000  -0.2897   0.04342   0.03996  -0.1263  0.8550  0.0342  -3.8456   0.0000   0.0000   0.0000  -0.2106
  -8.750  -0.3246   0.02814   0.02310  -0.1347  0.8482  0.0325  -4.5362   0.0000   0.0000   0.0000  -0.1878
  -8.250  -0.2850   0.02355   0.01768  -0.1355  0.8410  0.0338  -4.3651   0.0000   0.0000   0.0000  -0.2496
  -8.000  -0.2598   0.02266   0.01675  -0.1356  0.8376  0.0344  -4.1811   0.0000   0.0000   0.0000  -0.2974
  -7.750  -0.2349   0.02152   0.01536  -0.1356  0.8349  0.0354  -4.0318   0.0000   0.0000   0.0000  -0.3546
  -7.500  -0.2102   0.02025   0.01368  -0.1357  0.8311  0.0364  -3.9175   0.0000   0.0000   0.0000  -0.4250
  -7.250  -0.1841   0.01941   0.01288  -0.1358  0.8277  0.0372  -3.7395   0.0000   0.0000   0.0000  -0.5199
  -7.000  -0.1574   0.01868   0.01205  -0.1358  0.8249  0.0382  -3.5731   0.0000   0.0000   0.0000  -0.6492
  -6.750  -0.1305   0.01795   0.01106  -0.1359  0.8217  0.0396  -3.4389   0.0000   0.0000   0.0000  -0.8324
  -6.500  -0.1040   0.01725   0.01041  -0.1359  0.8181  0.0408  -3.2757   0.0000   0.0000   0.0000  -1.1070
  -6.250  -0.0767   0.01669   0.00977  -0.1360  0.8151  0.0423  -3.1209   0.0000   0.0000   0.0000  -1.5882
  -6.000  -0.0492   0.01605   0.00901  -0.1360  0.8126  0.0438  -2.9784   0.0000   0.0000   0.0000  -2.6119
  -5.750  -0.0222   0.01561   0.00860  -0.1361  0.8086  0.0455  -2.8285   0.0000   0.0000   0.0000  -6.0814
  -5.500   0.0053   0.01511   0.00802  -0.1361  0.8054  0.0476  -2.6899   0.0000   0.0000   0.0000  26.5545
  -5.250   0.0332   0.01468   0.00759  -0.1362  0.8029  0.0497  -2.5415   0.0000   0.0000   0.0000   4.4764
  -5.000   0.0605   0.01426   0.00716  -0.1363  0.7993  0.0523  -2.4026   0.0000   0.0000   0.0000   2.5644
  -4.750   0.0884   0.01394   0.00682  -0.1364  0.7958  0.0552  -2.2684   0.0000   0.0000   0.0000   1.8345
  -4.500   0.1164   0.01354   0.00643  -0.1365  0.7930  0.0585  -2.1342   0.0000   0.0000   0.0000   1.4526
  -4.250   0.1444   0.01321   0.00608  -0.1367  0.7901  0.0624  -2.0030   0.0000   0.0000   0.0000   1.2183
  -4.000   0.1722   0.01292   0.00581  -0.1368  0.7862  0.0673  -1.8734   0.0000   0.0000   0.0000   1.0616
  -3.750   0.2006   0.01261   0.00551  -0.1369  0.7832  0.0735  -1.7479   0.0000   0.0000   0.0000   0.9465
  -3.500   0.2295   0.01233   0.00522  -0.1372  0.7807  0.0820  -1.6255   0.0000   0.0000   0.0000   0.8590
  -3.250   0.2571   0.01206   0.00504  -0.1373  0.7764  0.0948  -1.5085   0.0000   0.0000   0.0000   0.7932
  -3.000   0.2855   0.01176   0.00482  -0.1375  0.7731  0.1169  -1.3902   0.0000   0.0000   0.0000   0.7391
  -2.750   0.3146   0.01147   0.00463  -0.1378  0.7705  0.1507  -1.2740   0.0000   0.0000   0.0000   0.6943
  -2.250   0.3708   0.01106   0.00447  -0.1382  0.7628  0.2261  -1.0524   0.0000   0.0000   0.0000   0.6268
  -2.000   0.4000   0.01087   0.00435  -0.1386  0.7601  0.2679  -0.9454   0.0000   0.0000   0.0000   0.5995
  -1.750   0.4276   0.01069   0.00435  -0.1387  0.7556  0.3152  -0.8456   0.0000   0.0000   0.0000   0.5767
  -1.500   0.4561   0.01046   0.00428  -0.1389  0.7520  0.3738  -0.7807   0.0000   0.0000   0.0000   0.5563
  -1.250   0.4849   0.01022   0.00423  -0.1392  0.7489  0.4461  -0.7991   0.0000   0.0000   0.0000   0.5382
  -1.000   0.5119   0.01001   0.00429  -0.1392  0.7442  0.5277  -0.8168   0.0000   0.0000   0.0000   0.5224
  -0.750   0.5399   0.00980   0.00428  -0.1391  0.7407  0.6045  -0.8363   0.0000   0.0000   0.0000   0.5077
  -0.500   0.5669   0.00968   0.00434  -0.1388  0.7367  0.6733  -0.8557   0.0000   0.0000   0.0000   0.4945
  -0.250   0.5938   0.00959   0.00437  -0.1385  0.7323  0.7258  -0.8752   0.0000   0.0000   0.0000   0.4823
   0.000   0.6212   0.00949   0.00433  -0.1381  0.7290  0.7698  -0.8961   0.0000   0.0000   0.0000   0.4710
   0.250   0.6462   0.00943   0.00440  -0.1373  0.7239  0.8095  -0.9162   0.0000   0.0000   0.0000   0.4608
   0.500   0.6716   0.00934   0.00437  -0.1365  0.7200  0.8495  -0.9373   0.0000   0.0000   0.0000   0.4511
   0.750   0.6943   0.00925   0.00438  -0.1351  0.7153  0.8929  -0.9573   0.0000   0.0000   0.0000   0.4420
   1.000   0.7213   0.00913   0.00429  -0.1345  0.7108  0.9500  -0.9808   0.0000   0.0000   0.0000   0.4336
   1.250   0.7585   0.00910   0.00421  -0.1364  0.7063  1.0000  -1.0109   0.0000   0.0000   0.0000   0.4267
   1.500   0.7872   0.00914   0.00421  -0.1367  0.7010  1.0000  -1.0365   0.0000   0.0000   0.0000   0.4202
   1.750   0.8163   0.00919   0.00419  -0.1370  0.6964  1.0000  -1.0635   0.0000   0.0000   0.0000   0.4140
   2.000   0.8446   0.00924   0.00421  -0.1372  0.6908  1.0000  -1.0913   0.0000   0.0000   0.0000   0.4082
   2.250   0.8732   0.00929   0.00422  -0.1374  0.6855  1.0000  -1.1200   0.0000   0.0000   0.0000   0.4028
   2.500   0.9015   0.00934   0.00423  -0.1375  0.6798  1.0000  -1.1491   0.0000   0.0000   0.0000   0.3977
   2.750   0.9293   0.00941   0.00428  -0.1375  0.6738  1.0000  -1.1792   0.0000   0.0000   0.0000   0.3928
   3.000   0.9580   0.00946   0.00427  -0.1377  0.6683  1.0000  -1.2113   0.0000   0.0000   0.0000   0.3882
   3.250   0.9850   0.00953   0.00436  -0.1376  0.6613  1.0000  -1.2427   0.0000   0.0000   0.0000   0.3839
   3.500   1.0126   0.00961   0.00441  -0.1376  0.6547  1.0000  -1.2765   0.0000   0.0000   0.0000   0.3797
   3.750   1.0404   0.00968   0.00444  -0.1376  0.6482  1.0000  -1.3132   0.0000   0.0000   0.0000   0.3758
   4.000   1.0670   0.00977   0.00454  -0.1374  0.6402  1.0000  -1.3494   0.0000   0.0000   0.0000   0.3720
   4.250   1.0938   0.00987   0.00463  -0.1373  0.6322  1.0000  -1.3887   0.0000   0.0000   0.0000   0.3684
   4.500   1.1204   0.00998   0.00472  -0.1371  0.6239  1.0000  -1.4297   0.0000   0.0000   0.0000   0.3649
   4.750   1.1466   0.01009   0.00482  -0.1368  0.6150  1.0000  -1.4717   0.0000   0.0000   0.0000   0.3615
   5.000   1.1725   0.01022   0.00493  -0.1365  0.6053  1.0000  -1.5168   0.0000   0.0000   0.0000   0.3583
   5.250   1.1980   0.01036   0.00507  -0.1361  0.5951  1.0000  -1.5637   0.0000   0.0000   0.0000   0.3551
   5.500   1.2230   0.01053   0.00522  -0.1357  0.5841  1.0000  -1.6129   0.0000   0.0000   0.0000   0.3521
   5.750   1.2475   0.01071   0.00539  -0.1351  0.5723  1.0000  -1.6670   0.0000   0.0000   0.0000   0.3491
   6.000   1.2714   0.01092   0.00557  -0.1345  0.5600  1.0000  -1.7285   0.0000   0.0000   0.0000   0.3462
   6.250   1.2947   0.01116   0.00578  -0.1337  0.5471  1.0000  -1.7969   0.0000   0.0000   0.0000   0.3434
   6.500   1.3171   0.01142   0.00602  -0.1329  0.5324  1.0000  -1.8712   0.0000   0.0000   0.0000   0.3406
   6.750   1.3385   0.01173   0.00629  -0.1318  0.5175  1.0000  -1.9469   0.0000   0.0000   0.0000   0.3378
   7.000   1.3590   0.01207   0.00659  -0.1306  0.5010  1.0000  -2.0249   0.0000   0.0000   0.0000   0.3351
   7.250   1.3779   0.01246   0.00694  -0.1292  0.4838  1.0000  -2.1044   0.0000   0.0000   0.0000   0.3324
   7.500   1.3951   0.01292   0.00732  -0.1275  0.4659  1.0000  -2.1825   0.0000   0.0000   0.0000   0.3296
   7.750   1.4107   0.01341   0.00776  -0.1255  0.4476  1.0000  -2.2603   0.0000   0.0000   0.0000   0.3268
   8.000   1.4237   0.01394   0.00824  -0.1231  0.4299  1.0000  -2.3341   0.0000   0.0000   0.0000   0.3239
   8.250   1.4362   0.01456   0.00879  -0.1208  0.4124  1.0000  -2.4254   0.0000   0.0000   0.0000   0.3211
   8.500   1.4478   0.01526   0.00943  -0.1184  0.3952  1.0000  -2.5243   0.0000   0.0000   0.0000   0.3184
   8.750   1.4597   0.01600   0.01013  -0.1162  0.3781  1.0000  -2.6250   0.0000   0.0000   0.0000   0.3158
   9.000   1.4712   0.01681   0.01089  -0.1141  0.3616  1.0000  -2.7258   0.0000   0.0000   0.0000   0.3134
   9.500   1.4927   0.01864   0.01264  -0.1100  0.3293  1.0000  -2.9264   0.0000   0.0000   0.0000   0.3086
   9.750   1.5025   0.01968   0.01362  -0.1079  0.3135  1.0000  -3.0274   0.0000   0.0000   0.0000   0.3063
  10.000   1.5120   0.02077   0.01468  -0.1060  0.2976  1.0000  -3.1302   0.0000   0.0000   0.0000   0.3041
  10.250   1.5211   0.02192   0.01579  -0.1040  0.2818  1.0000  -3.2329   0.0000   0.0000   0.0000   0.3020
  10.500   1.5285   0.02322   0.01703  -0.1020  0.2661  1.0000  -3.3317   0.0000   0.0000   0.0000   0.2998
  10.750   1.5365   0.02452   0.01829  -0.1001  0.2498  1.0000  -3.4329   0.0000   0.0000   0.0000   0.2978
  11.000   1.5433   0.02593   0.01965  -0.0982  0.2340  1.0000  -3.5313   0.0000   0.0000   0.0000   0.2958
  11.500   1.5547   0.02900   0.02262  -0.0943  0.2028  1.0000  -3.7236   0.0000   0.0000   0.0000   0.2919
  11.750   1.5594   0.03065   0.02423  -0.0925  0.1882  1.0000  -3.8174   0.0000   0.0000   0.0000   0.2900
  12.000   1.5635   0.03239   0.02592  -0.0906  0.1738  1.0000  -3.9098   0.0000   0.0000   0.0000   0.2882
  12.250   1.5676   0.03416   0.02766  -0.0888  0.1603  1.0000  -4.0024   0.0000   0.0000   0.0000   0.2864
  12.500   1.5711   0.03604   0.02949  -0.0871  0.1478  1.0000  -4.0934   0.0000   0.0000   0.0000   0.2847
  12.750   1.5746   0.03797   0.03140  -0.0855  0.1364  1.0000  -4.1846   0.0000   0.0000   0.0000   0.2830
  13.000   1.5782   0.03994   0.03336  -0.0840  0.1255  1.0000  -4.2774   0.0000   0.0000   0.0000   0.2814
  13.250   1.5808   0.04204   0.03545  -0.0825  0.1157  1.0000  -4.3697   0.0000   0.0000   0.0000   0.2799
  13.500   1.5829   0.04426   0.03765  -0.0811  0.1068  1.0000  -4.4599   0.0000   0.0000   0.0000   0.2784
  13.750   1.5846   0.04656   0.03994  -0.0798  0.0989  1.0000  -4.5487   0.0000   0.0000   0.0000   0.2770
  14.000   1.5863   0.04892   0.04231  -0.0786  0.0918  1.0000  -4.6375   0.0000   0.0000   0.0000   0.2756
  14.250   1.5882   0.05132   0.04473  -0.0774  0.0855  1.0000  -4.7266   0.0000   0.0000   0.0000   0.2743
  14.500   1.5898   0.05378   0.04723  -0.0764  0.0799  1.0000  -4.8149   0.0000   0.0000   0.0000   0.2731
  14.750   1.5909   0.05636   0.04984  -0.0755  0.0752  1.0000  -4.9009   0.0000   0.0000   0.0000   0.2719
  15.000   1.5905   0.05915   0.05266  -0.0746  0.0711  1.0000  -4.9810   0.0000   0.0000   0.0000   0.2708
  15.250   1.5907   0.06192   0.05548  -0.0738  0.0672  1.0000  -5.0632   0.0000   0.0000   0.0000   0.2697
  15.500   1.5910   0.06474   0.05836  -0.0732  0.0637  1.0000  -5.1449   0.0000   0.0000   0.0000   0.2687
  15.750   1.5877   0.06802   0.06167  -0.0725  0.0609  1.0000  -5.2156   0.0000   0.0000   0.0000   0.2679
  16.000   1.5888   0.07084   0.06457  -0.0721  0.0576  1.0000  -5.3103   0.0000   0.0000   0.0000   0.2670
  16.250   1.5855   0.07424   0.06802  -0.0717  0.0551  1.0000  -5.3933   0.0000   0.0000   0.0000   0.2662
  16.500   1.5845   0.07741   0.07126  -0.0714  0.0523  1.0000  -5.4865   0.0000   0.0000   0.0000   0.2655
  16.750   1.5806   0.08097   0.07488  -0.0713  0.0501  1.0000  -5.5674   0.0000   0.0000   0.0000   0.2649
  17.000   1.5782   0.08443   0.07842  -0.0713  0.0477  1.0000  -5.6561   0.0000   0.0000   0.0000   0.2644
  17.250   1.5734   0.08821   0.08226  -0.0713  0.0457  1.0000  -5.7316   0.0000   0.0000   0.0000   0.2640
  17.500   1.5703   0.09183   0.08597  -0.0715  0.0437  1.0000  -5.8149   0.0000   0.0000   0.0000   0.2636
  17.750   1.5645   0.09587   0.09006  -0.0719  0.0421  1.0000  -5.8820   0.0000   0.0000   0.0000   0.2634
  18.000   1.5615   0.09956   0.09385  -0.0724  0.0402  1.0000  -5.9626   0.0000   0.0000   0.0000   0.2631
  18.250   1.5546   0.10379   0.09810  -0.0730  0.0389  1.0000  -6.0227   0.0000   0.0000   0.0000   0.2631
  18.500   1.5525   0.10744   0.10186  -0.0737  0.0373  1.0000  -6.1038   0.0000   0.0000   0.0000   0.2630
  18.750   1.5487   0.11134   0.10582  -0.0746  0.0360  1.0000  -6.1772   0.0000   0.0000   0.0000   0.2630
  19.000   1.5445   0.11527   0.10981  -0.0755  0.0349  1.0000  -6.2451   0.0000   0.0000   0.0000   0.2631
  19.250   1.5425   0.11895   0.11358  -0.0765  0.0337  1.0000  -6.3236   0.0000   0.0000   0.0000   0.2632
  19.500   1.5402   0.12263   0.11731  -0.0777  0.0328  1.0000  -6.4018   0.0000   0.0000   0.0000   0.2634
  19.750   1.5383   0.12622   0.12093  -0.0788  0.0319  1.0000  -6.4798   0.0000   0.0000   0.0000   0.2635
  20.000   1.5377   0.12974   0.12456  -0.0801  0.0310  1.0000  -6.5620   0.0000   0.0000   0.0000   0.2637


