xflr5 v6.61

 Calculated polar for: QX0226

 1 1 Reynolds number fixed          Mach number fixed         

 xtrf =   1.000 (top)        1.000 (bottom)
 Mach =   0.000     Re =     0.520 e 6     Ncrit =   9.000

  alpha     CL        CD       CDp       Cm    Top Xtr Bot Xtr   Cpmin    Chinge    XCp    
 ------- -------- --------- --------- -------- ------- ------- -------- --------- ---------
 -10.000  -0.3500   0.05425   0.05141  -0.1028  0.8519  0.0265  -4.3333   0.0000   0.0000   0.0000  -0.0682
  -9.750  -0.4400   0.02559   0.02069  -0.1322  0.8420  0.0259  -5.6779   0.0000   0.0000   0.0000  -0.0706
  -9.500  -0.4167   0.02460   0.01960  -0.1325  0.8384  0.0264  -5.4731   0.0000   0.0000   0.0000  -0.0883
  -9.250  -0.3952   0.02302   0.01772  -0.1327  0.8353  0.0270  -5.3289   0.0000   0.0000   0.0000  -0.1067
  -9.000  -0.3731   0.02138   0.01566  -0.1330  0.8318  0.0277  -5.2033   0.0000   0.0000   0.0000  -0.1278
  -8.750  -0.3483   0.02037   0.01459  -0.1332  0.8282  0.0282  -5.0078   0.0000   0.0000   0.0000  -0.1542
  -8.500  -0.3223   0.01977   0.01395  -0.1333  0.8252  0.0289  -4.7943   0.0000   0.0000   0.0000  -0.1863
  -8.250  -0.2965   0.01895   0.01298  -0.1334  0.8223  0.0296  -4.6078   0.0000   0.0000   0.0000  -0.2236
  -8.000  -0.2706   0.01804   0.01182  -0.1335  0.8187  0.0303  -4.4471   0.0000   0.0000   0.0000  -0.2683
  -7.750  -0.2444   0.01726   0.01101  -0.1337  0.8156  0.0310  -4.2608   0.0000   0.0000   0.0000  -0.3232
  -7.500  -0.2173   0.01676   0.01046  -0.1338  0.8130  0.0319  -4.0668   0.0000   0.0000   0.0000  -0.3940
  -7.250  -0.1903   0.01618   0.00976  -0.1339  0.8096  0.0329  -3.8923   0.0000   0.0000   0.0000  -0.4847
  -7.000  -0.1634   0.01550   0.00902  -0.1340  0.8063  0.0338  -3.7277   0.0000   0.0000   0.0000  -0.6045
  -6.750  -0.1359   0.01504   0.00853  -0.1341  0.8036  0.0348  -3.5513   0.0000   0.0000   0.0000  -0.7762
  -6.500  -0.1082   0.01462   0.00800  -0.1342  0.8007  0.0361  -3.3858   0.0000   0.0000   0.0000  -1.0383
  -6.250  -0.0810   0.01410   0.00750  -0.1343  0.7972  0.0373  -3.2177   0.0000   0.0000   0.0000  -1.4697
  -6.000  -0.0530   0.01372   0.00708  -0.1345  0.7942  0.0388  -3.0602   0.0000   0.0000   0.0000  -2.3732
  -5.750  -0.0251   0.01329   0.00657  -0.1346  0.7917  0.0403  -2.9088   0.0000   0.0000   0.0000  -5.2831
  -5.500   0.0027   0.01296   0.00626  -0.1348  0.7882  0.0421  -2.7513   0.0000   0.0000   0.0000  51.9851
  -5.250   0.0307   0.01258   0.00586  -0.1349  0.7850  0.0441  -2.6004   0.0000   0.0000   0.0000   4.7814
  -5.000   0.0591   0.01230   0.00554  -0.1351  0.7822  0.0464  -2.4512   0.0000   0.0000   0.0000   2.5996
  -4.750   0.0873   0.01197   0.00522  -0.1353  0.7793  0.0488  -2.3099   0.0000   0.0000   0.0000   1.8413
  -4.500   0.1155   0.01170   0.00493  -0.1355  0.7758  0.0519  -2.1715   0.0000   0.0000   0.0000   1.4516
  -4.250   0.1441   0.01145   0.00467  -0.1357  0.7728  0.0554  -2.0316   0.0000   0.0000   0.0000   1.2129
  -4.000   0.1729   0.01120   0.00440  -0.1359  0.7702  0.0596  -1.8940   0.0000   0.0000   0.0000   1.0528
  -3.750   0.2011   0.01096   0.00420  -0.1361  0.7665  0.0649  -1.7652   0.0000   0.0000   0.0000   0.9400
  -3.500   0.2298   0.01073   0.00397  -0.1363  0.7632  0.0723  -1.6401   0.0000   0.0000   0.0000   0.8538
  -3.250   0.2588   0.01048   0.00375  -0.1366  0.7604  0.0836  -1.5158   0.0000   0.0000   0.0000   0.7865
  -3.000   0.2871   0.01024   0.00360  -0.1368  0.7568  0.1022  -1.3949   0.0000   0.0000   0.0000   0.7335
  -2.750   0.3157   0.00999   0.00346  -0.1370  0.7532  0.1308  -1.2770   0.0000   0.0000   0.0000   0.6899
  -2.500   0.3447   0.00979   0.00334  -0.1374  0.7503  0.1645  -1.1623   0.0000   0.0000   0.0000   0.6532
  -2.250   0.3732   0.00962   0.00328  -0.1376  0.7465  0.1975  -1.0507   0.0000   0.0000   0.0000   0.6224
  -2.000   0.4018   0.00945   0.00321  -0.1378  0.7427  0.2322  -0.9439   0.0000   0.0000   0.0000   0.5959
  -1.750   0.4309   0.00929   0.00312  -0.1382  0.7396  0.2713  -0.8408   0.0000   0.0000   0.0000   0.5728
  -1.500   0.4592   0.00911   0.00310  -0.1384  0.7355  0.3172  -0.7853   0.0000   0.0000   0.0000   0.5529
  -1.250   0.4878   0.00892   0.00306  -0.1386  0.7317  0.3730  -0.8035   0.0000   0.0000   0.0000   0.5351
  -1.000   0.5166   0.00871   0.00302  -0.1389  0.7284  0.4419  -0.8222   0.0000   0.0000   0.0000   0.5193
  -0.750   0.5444   0.00850   0.00306  -0.1390  0.7238  0.5201  -0.8412   0.0000   0.0000   0.0000   0.5053
   0.000   0.6280   0.00811   0.00315  -0.1389  0.7115  0.7098  -0.9019   0.0000   0.0000   0.0000   0.4698
   0.250   0.6558   0.00805   0.00315  -0.1388  0.7078  0.7503  -0.9238   0.0000   0.0000   0.0000   0.4598
   0.500   0.6825   0.00799   0.00320  -0.1384  0.7028  0.7880  -0.9455   0.0000   0.0000   0.0000   0.4506
   1.000   0.7343   0.00787   0.00324  -0.1372  0.6935  0.8613  -0.9902   0.0000   0.0000   0.0000   0.4339
   1.250   0.7580   0.00779   0.00322  -0.1360  0.6891  0.9061  -1.0127   0.0000   0.0000   0.0000   0.4261
   1.500   0.7879   0.00769   0.00319  -0.1362  0.6838  0.9701  -1.0392   0.0000   0.0000   0.0000   0.4192
   1.750   0.8204   0.00772   0.00316  -0.1372  0.6788  1.0000  -1.0682   0.0000   0.0000   0.0000   0.4133
   2.000   0.8488   0.00778   0.00320  -0.1374  0.6730  1.0000  -1.0961   0.0000   0.0000   0.0000   0.4076
   2.250   0.8777   0.00785   0.00320  -0.1377  0.6680  1.0000  -1.1251   0.0000   0.0000   0.0000   0.4023
   2.500   0.9056   0.00791   0.00326  -0.1378  0.6615  1.0000  -1.1539   0.0000   0.0000   0.0000   0.3972
   2.750   0.9339   0.00799   0.00330  -0.1379  0.6556  1.0000  -1.1845   0.0000   0.0000   0.0000   0.3924
   3.000   0.9618   0.00806   0.00335  -0.1380  0.6492  1.0000  -1.2161   0.0000   0.0000   0.0000   0.3879
   3.250   0.9895   0.00815   0.00342  -0.1380  0.6422  1.0000  -1.2480   0.0000   0.0000   0.0000   0.3836
   3.500   1.0172   0.00824   0.00348  -0.1380  0.6354  1.0000  -1.2819   0.0000   0.0000   0.0000   0.3795
   3.750   1.0446   0.00834   0.00355  -0.1380  0.6281  1.0000  -1.3184   0.0000   0.0000   0.0000   0.3756
   4.000   1.0716   0.00844   0.00365  -0.1379  0.6198  1.0000  -1.3550   0.0000   0.0000   0.0000   0.3718
   4.250   1.0985   0.00856   0.00375  -0.1378  0.6111  1.0000  -1.3947   0.0000   0.0000   0.0000   0.3683
   4.500   1.1250   0.00869   0.00386  -0.1376  0.6018  1.0000  -1.4358   0.0000   0.0000   0.0000   0.3648
   4.750   1.1513   0.00883   0.00398  -0.1374  0.5921  1.0000  -1.4778   0.0000   0.0000   0.0000   0.3615
   5.000   1.1772   0.00898   0.00411  -0.1371  0.5818  1.0000  -1.5233   0.0000   0.0000   0.0000   0.3583
   5.250   1.2026   0.00916   0.00426  -0.1368  0.5705  1.0000  -1.5702   0.0000   0.0000   0.0000   0.3552
   5.500   1.2275   0.00936   0.00443  -0.1363  0.5587  1.0000  -1.6198   0.0000   0.0000   0.0000   0.3522
   5.750   1.2519   0.00958   0.00462  -0.1358  0.5461  1.0000  -1.6741   0.0000   0.0000   0.0000   0.3492
   6.000   1.2758   0.00981   0.00483  -0.1352  0.5319  1.0000  -1.7364   0.0000   0.0000   0.0000   0.3464
   6.500   1.3209   0.01040   0.00532  -0.1335  0.5011  1.0000  -1.8798   0.0000   0.0000   0.0000   0.3408
   6.750   1.3419   0.01076   0.00562  -0.1325  0.4841  1.0000  -1.9553   0.0000   0.0000   0.0000   0.3380
   7.000   1.3614   0.01117   0.00595  -0.1311  0.4662  1.0000  -2.0332   0.0000   0.0000   0.0000   0.3353
   7.250   1.3798   0.01161   0.00633  -0.1297  0.4474  1.0000  -2.1119   0.0000   0.0000   0.0000   0.3325
   7.500   1.3972   0.01208   0.00673  -0.1280  0.4286  1.0000  -2.1913   0.0000   0.0000   0.0000   0.3298
   7.750   1.4117   0.01258   0.00717  -0.1259  0.4108  1.0000  -2.2673   0.0000   0.0000   0.0000   0.3269
   8.000   1.4255   0.01316   0.00767  -0.1237  0.3931  1.0000  -2.3428   0.0000   0.0000   0.0000   0.3242
   8.500   1.4528   0.01445   0.00885  -0.1196  0.3590  1.0000  -2.5447   0.0000   0.0000   0.0000   0.3189
   8.750   1.4658   0.01518   0.00953  -0.1176  0.3429  1.0000  -2.6486   0.0000   0.0000   0.0000   0.3164
   9.000   1.4782   0.01598   0.01028  -0.1157  0.3267  1.0000  -2.7523   0.0000   0.0000   0.0000   0.3140
   9.250   1.4908   0.01682   0.01107  -0.1138  0.3106  1.0000  -2.8574   0.0000   0.0000   0.0000   0.3117
   9.500   1.5019   0.01777   0.01196  -0.1119  0.2946  1.0000  -2.9609   0.0000   0.0000   0.0000   0.3094
   9.750   1.5128   0.01877   0.01290  -0.1100  0.2778  1.0000  -3.0675   0.0000   0.0000   0.0000   0.3072
  10.000   1.5232   0.01983   0.01391  -0.1081  0.2614  1.0000  -3.1737   0.0000   0.0000   0.0000   0.3050
  10.250   1.5323   0.02099   0.01501  -0.1062  0.2451  1.0000  -3.2775   0.0000   0.0000   0.0000   0.3029
  10.500   1.5410   0.02222   0.01617  -0.1043  0.2289  1.0000  -3.3809   0.0000   0.0000   0.0000   0.3008
  10.750   1.5498   0.02347   0.01737  -0.1024  0.2132  1.0000  -3.4852   0.0000   0.0000   0.0000   0.2987
  11.000   1.5573   0.02484   0.01868  -0.1005  0.1982  1.0000  -3.5866   0.0000   0.0000   0.0000   0.2967
  11.250   1.5645   0.02624   0.02002  -0.0987  0.1834  1.0000  -3.6882   0.0000   0.0000   0.0000   0.2948
  11.500   1.5711   0.02771   0.02145  -0.0968  0.1693  1.0000  -3.7885   0.0000   0.0000   0.0000   0.2928
  11.750   1.5769   0.02927   0.02295  -0.0950  0.1561  1.0000  -3.8868   0.0000   0.0000   0.0000   0.2910
  12.000   1.5829   0.03084   0.02449  -0.0932  0.1438  1.0000  -3.9862   0.0000   0.0000   0.0000   0.2891
  12.250   1.5883   0.03247   0.02609  -0.0915  0.1323  1.0000  -4.0846   0.0000   0.0000   0.0000   0.2873
  12.500   1.5929   0.03423   0.02781  -0.0897  0.1218  1.0000  -4.1804   0.0000   0.0000   0.0000   0.2856
  12.750   1.5980   0.03597   0.02954  -0.0881  0.1119  1.0000  -4.2786   0.0000   0.0000   0.0000   0.2839
  13.000   1.6027   0.03781   0.03136  -0.0866  0.1027  1.0000  -4.3795   0.0000   0.0000   0.0000   0.2823
  13.250   1.6070   0.03972   0.03327  -0.0851  0.0946  1.0000  -4.4791   0.0000   0.0000   0.0000   0.2807
  13.500   1.6110   0.04171   0.03525  -0.0837  0.0874  1.0000  -4.5782   0.0000   0.0000   0.0000   0.2792
  13.750   1.6148   0.04376   0.03731  -0.0824  0.0811  1.0000  -4.6769   0.0000   0.0000   0.0000   0.2777
  14.000   1.6183   0.04588   0.03945  -0.0812  0.0756  1.0000  -4.7746   0.0000   0.0000   0.0000   0.2763
  14.250   1.6212   0.04811   0.04169  -0.0800  0.0708  1.0000  -4.8702   0.0000   0.0000   0.0000   0.2749
  14.500   1.6233   0.05046   0.04407  -0.0789  0.0665  1.0000  -4.9632   0.0000   0.0000   0.0000   0.2736
  14.750   1.6268   0.05271   0.04637  -0.0779  0.0625  1.0000  -5.0615   0.0000   0.0000   0.0000   0.2724
  15.000   1.6290   0.05515   0.04885  -0.0770  0.0591  1.0000  -5.1546   0.0000   0.0000   0.0000   0.2712
  15.250   1.6294   0.05783   0.05156  -0.0761  0.0560  1.0000  -5.2409   0.0000   0.0000   0.0000   0.2700
  15.500   1.6320   0.06031   0.05410  -0.0753  0.0529  1.0000  -5.3366   0.0000   0.0000   0.0000   0.2689
  15.750   1.6317   0.06316   0.05699  -0.0746  0.0504  1.0000  -5.4305   0.0000   0.0000   0.0000   0.2679
  16.000   1.6325   0.06594   0.05983  -0.0740  0.0478  1.0000  -5.5370   0.0000   0.0000   0.0000   0.2670
  16.250   1.6318   0.06892   0.06288  -0.0735  0.0455  1.0000  -5.6398   0.0000   0.0000   0.0000   0.2661
  16.500   1.6303   0.07206   0.06608  -0.0731  0.0433  1.0000  -5.7391   0.0000   0.0000   0.0000   0.2653
  16.750   1.6289   0.07524   0.06933  -0.0727  0.0412  1.0000  -5.8381   0.0000   0.0000   0.0000   0.2645
  17.000   1.6251   0.07876   0.07290  -0.0725  0.0393  1.0000  -5.9255   0.0000   0.0000   0.0000   0.2639
  17.250   1.6227   0.08216   0.07639  -0.0724  0.0374  1.0000  -6.0178   0.0000   0.0000   0.0000   0.2632
  17.500   1.6176   0.08596   0.08025  -0.0725  0.0358  1.0000  -6.0969   0.0000   0.0000   0.0000   0.2628
  17.750   1.6136   0.08968   0.08405  -0.0726  0.0342  1.0000  -6.1786   0.0000   0.0000   0.0000   0.2624
  18.000   1.6086   0.09356   0.08801  -0.0729  0.0329  1.0000  -6.2559   0.0000   0.0000   0.0000   0.2621
  18.250   1.6017   0.09778   0.09229  -0.0734  0.0318  1.0000  -6.3199   0.0000   0.0000   0.0000   0.2619
  18.500   1.5979   0.10160   0.09622  -0.0739  0.0306  1.0000  -6.3992   0.0000   0.0000   0.0000   0.2617
  18.750   1.5915   0.10583   0.10051  -0.0747  0.0297  1.0000  -6.4638   0.0000   0.0000   0.0000   0.2618
  19.000   1.5846   0.11018   0.10494  -0.0756  0.0289  1.0000  -6.5221   0.0000   0.0000   0.0000   0.2619
  19.250   1.5811   0.11408   0.10893  -0.0766  0.0280  1.0000  -6.5982   0.0000   0.0000   0.0000   0.2620
  19.500   1.5766   0.11814   0.11307  -0.0777  0.0273  1.0000  -6.6682   0.0000   0.0000   0.0000   0.2622
  19.750   1.5703   0.12249   0.11747  -0.0791  0.0267  1.0000  -6.7278   0.0000   0.0000   0.0000   0.2626
  20.000   1.5665   0.12651   0.12158  -0.0805  0.0261  1.0000  -6.7998   0.0000   0.0000   0.0000   0.2630


