xflr5 v6.61

 Calculated polar for: NACA 0012

 1 1 Reynolds number fixed          Mach number fixed         

 xtrf =   1.000 (top)        1.000 (bottom)
 Mach =   0.000     Re =     0.460 e 6     Ncrit =   9.000

  alpha     CL        CD       CDp       Cm    Top Xtr Bot Xtr   Cpmin    Chinge    XCp    
 ------- -------- --------- --------- -------- ------- ------- -------- --------- ---------
 -10.000  -1.0393   0.02004   0.01337  -0.0115  1.0000  0.0344  -5.1764   0.0000   0.0000   0.0000   0.2279
  -9.750  -1.0184   0.01950   0.01271  -0.0104  1.0000  0.0356  -4.9943   0.0000   0.0000   0.0000   0.2290
  -9.500  -1.0019   0.01854   0.01178  -0.0089  1.0000  0.0372  -4.8307   0.0000   0.0000   0.0000   0.2307
  -9.250  -0.9812   0.01801   0.01122  -0.0078  1.0000  0.0390  -4.6454   0.0000   0.0000   0.0000   0.2319
  -9.000  -0.9599   0.01752   0.01065  -0.0067  1.0000  0.0410  -4.4651   0.0000   0.0000   0.0000   0.2331
  -8.750  -0.9415   0.01680   0.00996  -0.0053  1.0000  0.0432  -4.2952   0.0000   0.0000   0.0000   0.2348
  -8.500  -0.9204   0.01634   0.00945  -0.0041  1.0000  0.0456  -4.1184   0.0000   0.0000   0.0000   0.2362
  -8.250  -0.9016   0.01571   0.00883  -0.0027  1.0000  0.0481  -3.9533   0.0000   0.0000   0.0000   0.2380
  -8.000  -0.8807   0.01530   0.00838  -0.0014  1.0000  0.0512  -3.7801   0.0000   0.0000   0.0000   0.2396
  -7.750  -0.8611   0.01477   0.00786   0.0000  1.0000  0.0547  -3.6285   0.0000   0.0000   0.0000   0.2415
  -7.500  -0.8404   0.01436   0.00743   0.0013  1.0000  0.0588  -3.4750   0.0000   0.0000   0.0000   0.2433
  -7.250  -0.8200   0.01392   0.00701   0.0026  1.0000  0.0635  -3.3237   0.0000   0.0000   0.0000   0.2452
  -7.000  -0.8000   0.01348   0.00660   0.0040  1.0000  0.0689  -3.1755   0.0000   0.0000   0.0000   0.2473
  -6.750  -0.7796   0.01308   0.00622   0.0054  1.0000  0.0756  -3.0279   0.0000   0.0000   0.0000   0.2494
  -6.500  -0.7590   0.01270   0.00587   0.0067  1.0000  0.0837  -2.8818   0.0000   0.0000   0.0000   0.2515
  -6.250  -0.7384   0.01234   0.00554   0.0080  1.0000  0.0934  -2.7376   0.0000   0.0000   0.0000   0.2538
  -6.000  -0.7179   0.01195   0.00524   0.0093  1.0000  0.1053  -2.6068   0.0000   0.0000   0.0000   0.2561
  -5.750  -0.6970   0.01160   0.00496   0.0105  1.0000  0.1202  -2.4767   0.0000   0.0000   0.0000   0.2585
  -5.500  -0.6760   0.01126   0.00471   0.0117  1.0000  0.1379  -2.3479   0.0000   0.0000   0.0000   0.2608
  -5.250  -0.6547   0.01093   0.00449   0.0128  1.0000  0.1589  -2.2202   0.0000   0.0000   0.0000   0.2633
  -5.000  -0.6331   0.01064   0.00429   0.0138  1.0000  0.1828  -2.0938   0.0000   0.0000   0.0000   0.2657
  -4.750  -0.6039   0.01030   0.00409   0.0132  0.9988  0.2123  -1.9614   0.0000   0.0000   0.0000   0.2659
  -4.500  -0.5664   0.00994   0.00390   0.0108  0.9959  0.2477  -1.8126   0.0000   0.0000   0.0000   0.2634
  -4.250  -0.5283   0.00961   0.00373   0.0084  0.9931  0.2847  -1.6663   0.0000   0.0000   0.0000   0.2603
  -4.000  -0.4913   0.00929   0.00355   0.0063  0.9893  0.3218  -1.5360   0.0000   0.0000   0.0000   0.2573
  -3.750  -0.4534   0.00898   0.00340   0.0040  0.9859  0.3591  -1.4070   0.0000   0.0000   0.0000   0.2534
  -3.500  -0.4161   0.00868   0.00326   0.0018  0.9819  0.3956  -1.2897   0.0000   0.0000   0.0000   0.2491
  -3.250  -0.3787   0.00841   0.00311  -0.0003  0.9777  0.4314  -1.1774   0.0000   0.0000   0.0000   0.2441
  -3.000  -0.3404   0.00813   0.00298  -0.0025  0.9739  0.4671  -1.0730   0.0000   0.0000   0.0000   0.2374
  -2.750  -0.3050   0.00788   0.00285  -0.0041  0.9682  0.5007  -0.9802   0.0000   0.0000   0.0000   0.2315
  -2.500  -0.2707   0.00763   0.00273  -0.0053  0.9619  0.5332  -0.8956   0.0000   0.0000   0.0000   0.2252
  -2.250  -0.2386   0.00740   0.00261  -0.0060  0.9541  0.5645  -0.8203   0.0000   0.0000   0.0000   0.2196
  -2.000  -0.2095   0.00719   0.00251  -0.0060  0.9438  0.5944  -0.7546   0.0000   0.0000   0.0000   0.2162
  -1.750  -0.1820   0.00701   0.00242  -0.0056  0.9316  0.6232  -0.6961   0.0000   0.0000   0.0000   0.2142
  -1.500  -0.1554   0.00684   0.00234  -0.0050  0.9180  0.6513  -0.6431   0.0000   0.0000   0.0000   0.2129
  -1.250  -0.1290   0.00669   0.00226  -0.0043  0.9034  0.6789  -0.5956   0.0000   0.0000   0.0000   0.2120
  -1.000  -0.1032   0.00657   0.00221  -0.0034  0.8866  0.7059  -0.5523   0.0000   0.0000   0.0000   0.2119
  -0.750  -0.0774   0.00648   0.00216  -0.0026  0.8686  0.7323  -0.5131   0.0000   0.0000   0.0000   0.2118
  -0.500  -0.0516   0.00641   0.00212  -0.0017  0.8491  0.7579  -0.4771   0.0000   0.0000   0.0000   0.2118
  -0.250  -0.0259   0.00636   0.00210  -0.0008  0.8283  0.7823  -0.4441   0.0000   0.0000   0.0000   0.2127
   0.000   0.0000   0.00635   0.00210  -0.0000  0.8057  0.8057  -0.4136   0.0000   0.0000   0.0000   0.4771
   0.250   0.0259   0.00636   0.00210   0.0008  0.7823  0.8283  -0.4441   0.0000   0.0000   0.0000   0.2127
   0.500   0.0516   0.00641   0.00212   0.0017  0.7579  0.8491  -0.4771   0.0000   0.0000   0.0000   0.2118
   0.750   0.0774   0.00648   0.00216   0.0026  0.7323  0.8686  -0.5131   0.0000   0.0000   0.0000   0.2118
   1.000   0.1032   0.00657   0.00221   0.0034  0.7058  0.8866  -0.5523   0.0000   0.0000   0.0000   0.2119
   1.250   0.1290   0.00669   0.00226   0.0043  0.6789  0.9034  -0.5956   0.0000   0.0000   0.0000   0.2120
   1.500   0.1554   0.00684   0.00234   0.0050  0.6513  0.9180  -0.6431   0.0000   0.0000   0.0000   0.2129
   1.750   0.1820   0.00701   0.00242   0.0056  0.6232  0.9316  -0.6961   0.0000   0.0000   0.0000   0.2142
   2.000   0.2095   0.00719   0.00251   0.0060  0.5944  0.9438  -0.7546   0.0000   0.0000   0.0000   0.2162
   2.250   0.2386   0.00740   0.00261   0.0060  0.5645  0.9541  -0.8203   0.0000   0.0000   0.0000   0.2196
   2.500   0.2707   0.00763   0.00273   0.0053  0.5332  0.9620  -0.8955   0.0000   0.0000   0.0000   0.2252
   2.750   0.3050   0.00788   0.00285   0.0041  0.5007  0.9682  -0.9802   0.0000   0.0000   0.0000   0.2315
   3.000   0.3404   0.00813   0.00298   0.0025  0.4671  0.9739  -1.0730   0.0000   0.0000   0.0000   0.2374
   3.250   0.3787   0.00841   0.00311   0.0003  0.4314  0.9777  -1.1774   0.0000   0.0000   0.0000   0.2441
   3.500   0.4161   0.00868   0.00326  -0.0018  0.3956  0.9819  -1.2897   0.0000   0.0000   0.0000   0.2491
   3.750   0.4534   0.00898   0.00340  -0.0040  0.3591  0.9859  -1.4070   0.0000   0.0000   0.0000   0.2534
   4.000   0.4913   0.00928   0.00355  -0.0063  0.3218  0.9893  -1.5360   0.0000   0.0000   0.0000   0.2573
   4.250   0.5283   0.00961   0.00373  -0.0084  0.2847  0.9931  -1.6664   0.0000   0.0000   0.0000   0.2603
   4.500   0.5664   0.00994   0.00390  -0.0108  0.2477  0.9959  -1.8126   0.0000   0.0000   0.0000   0.2634
   4.750   0.6040   0.01030   0.00409  -0.0132  0.2123  0.9988  -1.9615   0.0000   0.0000   0.0000   0.2660
   5.000   0.6330   0.01063   0.00429  -0.0137  0.1828  1.0000  -2.0936   0.0000   0.0000   0.0000   0.2657
   5.250   0.6546   0.01093   0.00448  -0.0127  0.1590  1.0000  -2.2200   0.0000   0.0000   0.0000   0.2632
   5.500   0.6759   0.01126   0.00471  -0.0117  0.1380  1.0000  -2.3477   0.0000   0.0000   0.0000   0.2608
   5.750   0.6970   0.01160   0.00496  -0.0105  0.1202  1.0000  -2.4765   0.0000   0.0000   0.0000   0.2584
   6.000   0.7178   0.01195   0.00524  -0.0093  0.1054  1.0000  -2.6066   0.0000   0.0000   0.0000   0.2561
   6.250   0.7383   0.01234   0.00554  -0.0080  0.0934  1.0000  -2.7374   0.0000   0.0000   0.0000   0.2538
   6.500   0.7590   0.01270   0.00587  -0.0067  0.0837  1.0000  -2.8816   0.0000   0.0000   0.0000   0.2515
   6.750   0.7795   0.01308   0.00622  -0.0054  0.0756  1.0000  -3.0277   0.0000   0.0000   0.0000   0.2494
   7.000   0.7999   0.01348   0.00660  -0.0040  0.0689  1.0000  -3.1753   0.0000   0.0000   0.0000   0.2473
   7.250   0.8200   0.01392   0.00701  -0.0026  0.0635  1.0000  -3.3235   0.0000   0.0000   0.0000   0.2452
   7.500   0.8403   0.01435   0.00743  -0.0013  0.0588  1.0000  -3.4749   0.0000   0.0000   0.0000   0.2433
   7.750   0.8611   0.01476   0.00786   0.0000  0.0547  1.0000  -3.6283   0.0000   0.0000   0.0000   0.2415
   8.000   0.8807   0.01530   0.00838   0.0014  0.0512  1.0000  -3.7800   0.0000   0.0000   0.0000   0.2396
   8.250   0.9016   0.01571   0.00882   0.0027  0.0481  1.0000  -3.9532   0.0000   0.0000   0.0000   0.2380
   8.500   0.9204   0.01634   0.00945   0.0041  0.0456  1.0000  -4.1184   0.0000   0.0000   0.0000   0.2362
   8.750   0.9415   0.01680   0.00995   0.0053  0.0432  1.0000  -4.2952   0.0000   0.0000   0.0000   0.2348
   9.000   0.9600   0.01752   0.01065   0.0067  0.0410  1.0000  -4.4652   0.0000   0.0000   0.0000   0.2331
   9.250   0.9812   0.01801   0.01122   0.0078  0.0390  1.0000  -4.6456   0.0000   0.0000   0.0000   0.2319
   9.500   1.0019   0.01854   0.01178   0.0089  0.0372  1.0000  -4.8309   0.0000   0.0000   0.0000   0.2307
   9.750   1.0185   0.01950   0.01271   0.0104  0.0356  1.0000  -4.9947   0.0000   0.0000   0.0000   0.2290
  10.000   1.0394   0.02004   0.01337   0.0114  0.0343  1.0000  -5.1768   0.0000   0.0000   0.0000   0.2279
  10.250   1.0590   0.02069   0.01408   0.0126  0.0330  1.0000  -5.3582   0.0000   0.0000   0.0000   0.2267
  10.500   1.0775   0.02142   0.01483   0.0138  0.0319  1.0000  -5.5406   0.0000   0.0000   0.0000   0.2254
  10.750   1.0918   0.02261   0.01603   0.0155  0.0308  1.0000  -5.7085   0.0000   0.0000   0.0000   0.2237
  11.000   1.1107   0.02326   0.01681   0.0166  0.0298  1.0000  -5.9079   0.0000   0.0000   0.0000   0.2226
  11.250   1.1281   0.02400   0.01764   0.0179  0.0288  1.0000  -6.1053   0.0000   0.0000   0.0000   0.2213
  11.500   1.1444   0.02478   0.01846   0.0193  0.0278  1.0000  -6.3036   0.0000   0.0000   0.0000   0.2200
  11.750   1.1584   0.02574   0.01944   0.0208  0.0271  1.0000  -6.4911   0.0000   0.0000   0.0000   0.2185
  12.000   1.1659   0.02731   0.02105   0.0231  0.0264  1.0000  -6.6304   0.0000   0.0000   0.0000   0.2163
  12.250   1.1768   0.02823   0.02212   0.0252  0.0259  1.0000  -6.7951   0.0000   0.0000   0.0000   0.2144
  12.500   1.1863   0.02934   0.02337   0.0271  0.0253  1.0000  -6.9519   0.0000   0.0000   0.0000   0.2125
  12.750   1.1948   0.03059   0.02474   0.0288  0.0248  1.0000  -7.1035   0.0000   0.0000   0.0000   0.2108
  13.000   1.2024   0.03194   0.02620   0.0304  0.0243  1.0000  -7.2530   0.0000   0.0000   0.0000   0.2093
  13.250   1.2094   0.03339   0.02774   0.0317  0.0238  1.0000  -7.4016   0.0000   0.0000   0.0000   0.2079
  13.500   1.2156   0.03497   0.02940   0.0328  0.0234  1.0000  -7.5476   0.0000   0.0000   0.0000   0.2067
  13.750   1.2207   0.03676   0.03126   0.0337  0.0230  1.0000  -7.6871   0.0000   0.0000   0.0000   0.2056
  14.000   1.2229   0.03901   0.03358   0.0345  0.0226  1.0000  -7.8011   0.0000   0.0000   0.0000   0.2045
  14.250   1.2198   0.04202   0.03673   0.0351  0.0222  1.0000  -7.8615   0.0000   0.0000   0.0000   0.2035
  14.500   1.2189   0.04468   0.03958   0.0349  0.0220  1.0000  -7.9462   0.0000   0.0000   0.0000   0.2031
  14.750   1.2161   0.04777   0.04286   0.0342  0.0217  1.0000  -8.0133   0.0000   0.0000   0.0000   0.2031
  15.000   1.2116   0.05131   0.04657   0.0331  0.0214  1.0000  -8.0635   0.0000   0.0000   0.0000   0.2034
  15.250   1.2052   0.05528   0.05072   0.0315  0.0212  1.0000  -8.0956   0.0000   0.0000   0.0000   0.2040
  15.500   1.1970   0.05972   0.05533   0.0294  0.0209  1.0000  -8.1086   0.0000   0.0000   0.0000   0.2050
  15.750   1.1865   0.06466   0.06044   0.0269  0.0207  1.0000  -8.0989   0.0000   0.0000   0.0000   0.2063
  16.000   1.1736   0.07018   0.06612   0.0240  0.0206  1.0000  -8.0618   0.0000   0.0000   0.0000   0.2080
  16.250   1.1579   0.07636   0.07247   0.0205  0.0205  1.0000  -7.9966   0.0000   0.0000   0.0000   0.2102
  16.500   1.1389   0.08337   0.07966   0.0164  0.0204  1.0000  -7.8948   0.0000   0.0000   0.0000   0.2129
  16.750   1.1155   0.09156   0.08803   0.0115  0.0204  1.0000  -7.7362   0.0000   0.0000   0.0000   0.2165
  17.000   1.0845   0.10160   0.09828   0.0054  0.0205  1.0000  -7.4810   0.0000   0.0000   0.0000   0.2213
  17.250   1.0354   0.11616   0.11311  -0.0036  0.0207  1.0000  -6.9938   0.0000   0.0000   0.0000   0.2294
  18.500   0.7821   0.22189   0.21925  -0.0573  0.0249  1.0000  -2.0436   0.0000   0.0000   0.0000   0.3027
  18.750   0.7896   0.22543   0.22279  -0.0594  0.0239  1.0000  -2.0416   0.0000   0.0000   0.0000   0.3044
  19.000   0.7978   0.22851   0.22587  -0.0613  0.0233  1.0000  -2.0689   0.0000   0.0000   0.0000   0.3055
  19.250   0.8065   0.23124   0.22860  -0.0629  0.0229  1.0000  -2.1232   0.0000   0.0000   0.0000   0.3061
  19.500   0.8160   0.23366   0.23104  -0.0641  0.0226  1.0000  -2.2134   0.0000   0.0000   0.0000   0.3062
  19.750   0.8269   0.23587   0.23326  -0.0646  0.0224  1.0000  -2.3399   0.0000   0.0000   0.0000   0.3052
  20.000   0.8354   0.23954   0.23692  -0.0658  0.0222  1.0000  -2.3899   0.0000   0.0000   0.0000   0.3054


