xflr5 v6.61

 Calculated polar for: NACA 0009

 1 1 Reynolds number fixed          Mach number fixed         

 xtrf =   1.000 (top)        1.000 (bottom)
 Mach =   0.000     Re =     0.240 e 6     Ncrit =   9.000

  alpha     CL        CD       CDp       Cm    Top Xtr Bot Xtr   Cpmin    Chinge    XCp    
 ------- -------- --------- --------- -------- ------- ------- -------- --------- ---------
 -10.000  -0.9157   0.05423   0.04986  -0.0198  1.0000  0.0310  -5.0418   0.0000   0.0000   0.0000   0.2202
  -9.750  -0.8993   0.05183   0.04759  -0.0196  1.0000  0.0316  -4.8223   0.0000   0.0000   0.0000   0.2203
  -9.500  -0.9040   0.04649   0.04187  -0.0181  1.0000  0.0298  -4.9396   0.0000   0.0000   0.0000   0.2222
  -9.250  -0.9053   0.04153   0.03648  -0.0164  1.0000  0.0292  -5.0142   0.0000   0.0000   0.0000   0.2243
  -9.000  -0.9022   0.03679   0.03118  -0.0144  1.0000  0.0289  -5.0788   0.0000   0.0000   0.0000   0.2266
  -8.750  -0.8919   0.03315   0.02703  -0.0127  1.0000  0.0292  -5.0582   0.0000   0.0000   0.0000   0.2285
  -8.500  -0.8778   0.03036   0.02366  -0.0110  1.0000  0.0303  -4.9935   0.0000   0.0000   0.0000   0.2304
  -8.250  -0.8605   0.02775   0.02061  -0.0097  1.0000  0.0313  -4.8807   0.0000   0.0000   0.0000   0.2318
  -8.000  -0.8388   0.02596   0.01873  -0.0090  1.0000  0.0323  -4.6745   0.0000   0.0000   0.0000   0.2325
  -7.750  -0.8165   0.02435   0.01694  -0.0082  1.0000  0.0335  -4.4839   0.0000   0.0000   0.0000   0.2335
  -7.500  -0.7938   0.02278   0.01507  -0.0072  1.0000  0.0350  -4.3297   0.0000   0.0000   0.0000   0.2346
  -7.250  -0.7709   0.02135   0.01357  -0.0065  1.0000  0.0370  -4.1516   0.0000   0.0000   0.0000   0.2354
  -7.000  -0.7472   0.02040   0.01251  -0.0059  1.0000  0.0396  -3.9589   0.0000   0.0000   0.0000   0.2363
  -6.750  -0.7239   0.01911   0.01115  -0.0051  1.0000  0.0419  -3.7875   0.0000   0.0000   0.0000   0.2374
  -6.500  -0.7004   0.01816   0.01018  -0.0043  1.0000  0.0448  -3.5981   0.0000   0.0000   0.0000   0.2384
  -6.250  -0.6774   0.01722   0.00924  -0.0035  1.0000  0.0485  -3.4071   0.0000   0.0000   0.0000   0.2396
  -6.000  -0.6542   0.01637   0.00835  -0.0027  1.0000  0.0531  -3.2199   0.0000   0.0000   0.0000   0.2409
  -5.750  -0.6311   0.01559   0.00756  -0.0018  1.0000  0.0585  -3.0334   0.0000   0.0000   0.0000   0.2423
  -5.500  -0.6085   0.01482   0.00684  -0.0010  1.0000  0.0658  -2.8620   0.0000   0.0000   0.0000   0.2437
  -5.250  -0.5856   0.01411   0.00619  -0.0001  1.0000  0.0754  -2.6975   0.0000   0.0000   0.0000   0.2453
  -5.000  -0.5629   0.01340   0.00555   0.0008  1.0000  0.0897  -2.5343   0.0000   0.0000   0.0000   0.2471
  -4.750  -0.5404   0.01267   0.00497   0.0017  1.0000  0.1136  -2.3723   0.0000   0.0000   0.0000   0.2489
  -4.500  -0.5184   0.01189   0.00446   0.0025  1.0000  0.1581  -2.2103   0.0000   0.0000   0.0000   0.2509
  -4.250  -0.4965   0.01115   0.00407   0.0033  1.0000  0.2272  -2.0502   0.0000   0.0000   0.0000   0.2529
  -4.000  -0.4743   0.01052   0.00377   0.0041  1.0000  0.3009  -1.9020   0.0000   0.0000   0.0000   0.2551
  -3.750  -0.4518   0.01001   0.00355   0.0050  1.0000  0.3718  -1.7544   0.0000   0.0000   0.0000   0.2575
  -3.500  -0.4291   0.00957   0.00337   0.0059  1.0000  0.4385  -1.6087   0.0000   0.0000   0.0000   0.2603
  -3.250  -0.4062   0.00918   0.00323   0.0068  1.0000  0.5015  -1.4703   0.0000   0.0000   0.0000   0.2635
  -3.000  -0.3832   0.00885   0.00313   0.0078  1.0000  0.5614  -1.3437   0.0000   0.0000   0.0000   0.2673
  -2.750  -0.3601   0.00856   0.00306   0.0088  1.0000  0.6190  -1.2196   0.0000   0.0000   0.0000   0.2716
  -2.500  -0.3369   0.00831   0.00303   0.0099  1.0000  0.6745  -1.1054   0.0000   0.0000   0.0000   0.2767
  -2.250  -0.3138   0.00811   0.00303   0.0112  1.0000  0.7274  -0.9981   0.0000   0.0000   0.0000   0.2829
  -2.000  -0.2910   0.00797   0.00307   0.0125  1.0000  0.7773  -0.8998   0.0000   0.0000   0.0000   0.2905
  -1.750  -0.2685   0.00790   0.00316   0.0141  1.0000  0.8241  -0.8085   0.0000   0.0000   0.0000   0.3001
  -1.500  -0.2462   0.00791   0.00327   0.0157  1.0000  0.8671  -0.7264   0.0000   0.0000   0.0000   0.3116
  -1.250  -0.2224   0.00800   0.00342   0.0171  1.0000  0.9056  -0.6496   0.0000   0.0000   0.0000   0.3249
  -1.000  -0.1924   0.00814   0.00358   0.0171  1.0000  0.9390  -0.5730   0.0000   0.0000   0.0000   0.3369
  -0.750  -0.1522   0.00830   0.00372   0.0147  1.0000  0.9647  -0.4952   0.0000   0.0000   0.0000   0.3449
  -0.500  -0.1037   0.00844   0.00383   0.0104  1.0000  0.9814  -0.4224   0.0000   0.0000   0.0000   0.3488
  -0.250  -0.0505   0.00854   0.00391   0.0050  1.0000  0.9919  -0.3596   0.0000   0.0000   0.0000   0.3478
   0.000   0.0000   0.00858   0.00395  -0.0000  1.0000  1.0000  -0.3101   0.0000   0.0000   0.0000   0.4085
   0.250   0.0505   0.00854   0.00391  -0.0050  0.9918  1.0000  -0.3596   0.0000   0.0000   0.0000   0.3478
   0.500   0.1037   0.00844   0.00383  -0.0104  0.9814  1.0000  -0.4224   0.0000   0.0000   0.0000   0.3488
   0.750   0.1522   0.00830   0.00372  -0.0147  0.9647  1.0000  -0.4952   0.0000   0.0000   0.0000   0.3449
   1.000   0.1923   0.00814   0.00358  -0.0171  0.9390  1.0000  -0.5730   0.0000   0.0000   0.0000   0.3369
   1.250   0.2224   0.00800   0.00342  -0.0171  0.9056  1.0000  -0.6496   0.0000   0.0000   0.0000   0.3249
   1.500   0.2461   0.00791   0.00327  -0.0157  0.8671  1.0000  -0.7263   0.0000   0.0000   0.0000   0.3116
   1.750   0.2685   0.00790   0.00316  -0.0141  0.8241  1.0000  -0.8085   0.0000   0.0000   0.0000   0.3000
   2.000   0.2909   0.00797   0.00307  -0.0125  0.7774  1.0000  -0.8998   0.0000   0.0000   0.0000   0.2905
   2.250   0.3138   0.00811   0.00303  -0.0112  0.7274  1.0000  -0.9981   0.0000   0.0000   0.0000   0.2829
   2.500   0.3369   0.00831   0.00303  -0.0099  0.6746  1.0000  -1.1054   0.0000   0.0000   0.0000   0.2767
   2.750   0.3601   0.00856   0.00306  -0.0088  0.6191  1.0000  -1.2195   0.0000   0.0000   0.0000   0.2716
   3.000   0.3832   0.00885   0.00313  -0.0078  0.5614  1.0000  -1.3436   0.0000   0.0000   0.0000   0.2672
   3.250   0.4062   0.00918   0.00323  -0.0068  0.5015  1.0000  -1.4702   0.0000   0.0000   0.0000   0.2635
   3.500   0.4291   0.00956   0.00337  -0.0059  0.4385  1.0000  -1.6086   0.0000   0.0000   0.0000   0.2603
   3.750   0.4518   0.01001   0.00354  -0.0050  0.3719  1.0000  -1.7543   0.0000   0.0000   0.0000   0.2575
   4.000   0.4743   0.01052   0.00377  -0.0041  0.3009  1.0000  -1.9019   0.0000   0.0000   0.0000   0.2551
   4.250   0.4965   0.01115   0.00407  -0.0033  0.2272  1.0000  -2.0501   0.0000   0.0000   0.0000   0.2529
   4.500   0.5184   0.01189   0.00446  -0.0025  0.1582  1.0000  -2.2102   0.0000   0.0000   0.0000   0.2509
   4.750   0.5404   0.01267   0.00497  -0.0017  0.1136  1.0000  -2.3722   0.0000   0.0000   0.0000   0.2489
   5.000   0.5629   0.01340   0.00555  -0.0008  0.0897  1.0000  -2.5342   0.0000   0.0000   0.0000   0.2470
   5.250   0.5856   0.01411   0.00619   0.0001  0.0754  1.0000  -2.6975   0.0000   0.0000   0.0000   0.2453
   5.500   0.6085   0.01482   0.00684   0.0010  0.0658  1.0000  -2.8620   0.0000   0.0000   0.0000   0.2437
   5.750   0.6311   0.01559   0.00756   0.0018  0.0585  1.0000  -3.0334   0.0000   0.0000   0.0000   0.2423
   6.000   0.6542   0.01637   0.00835   0.0027  0.0531  1.0000  -3.2199   0.0000   0.0000   0.0000   0.2409
   6.250   0.6774   0.01722   0.00924   0.0035  0.0485  1.0000  -3.4071   0.0000   0.0000   0.0000   0.2396
   6.500   0.7004   0.01816   0.01018   0.0043  0.0448  1.0000  -3.5981   0.0000   0.0000   0.0000   0.2384
   6.750   0.7239   0.01911   0.01115   0.0051  0.0419  1.0000  -3.7875   0.0000   0.0000   0.0000   0.2374
   7.000   0.7472   0.02040   0.01251   0.0059  0.0396  1.0000  -3.9589   0.0000   0.0000   0.0000   0.2363
   7.250   0.7709   0.02135   0.01356   0.0065  0.0370  1.0000  -4.1517   0.0000   0.0000   0.0000   0.2354
   7.500   0.7938   0.02278   0.01507   0.0072  0.0350  1.0000  -4.3298   0.0000   0.0000   0.0000   0.2346
   7.750   0.8165   0.02435   0.01694   0.0082  0.0335  1.0000  -4.4840   0.0000   0.0000   0.0000   0.2335
   8.000   0.8388   0.02596   0.01873   0.0090  0.0323  1.0000  -4.6747   0.0000   0.0000   0.0000   0.2325
   8.250   0.8606   0.02775   0.02061   0.0097  0.0313  1.0000  -4.8808   0.0000   0.0000   0.0000   0.2318
   8.500   0.8779   0.03036   0.02366   0.0110  0.0303  1.0000  -4.9936   0.0000   0.0000   0.0000   0.2304
   8.750   0.8920   0.03315   0.02703   0.0127  0.0292  1.0000  -5.0584   0.0000   0.0000   0.0000   0.2285
   9.000   0.9023   0.03680   0.03119   0.0144  0.0289  1.0000  -5.0789   0.0000   0.0000   0.0000   0.2266
   9.250   0.9054   0.04154   0.03649   0.0164  0.0292  1.0000  -5.0141   0.0000   0.0000   0.0000   0.2243
   9.500   0.9041   0.04650   0.04188   0.0181  0.0298  1.0000  -4.9396   0.0000   0.0000   0.0000   0.2223
   9.750   0.9040   0.05080   0.04643   0.0193  0.0304  1.0000  -4.9307   0.0000   0.0000   0.0000   0.2208


