xflr5 v6.61

 Calculated polar for: NACA 0012

 1 1 Reynolds number fixed          Mach number fixed         

 xtrf =   1.000 (top)        1.000 (bottom)
 Mach =   0.000     Re =     0.900 e 6     Ncrit =   9.000

  alpha     CL        CD       CDp       Cm    Top Xtr Bot Xtr   Cpmin    Chinge    XCp    
 ------- -------- --------- --------- -------- ------- ------- -------- --------- ---------
 -10.000  -1.0753   0.01573   0.00975  -0.0060  1.0000  0.0262  -5.4590   0.0000   0.0000   0.0000   0.2333
  -9.750  -1.0553   0.01511   0.00910  -0.0048  1.0000  0.0275  -5.2680   0.0000   0.0000   0.0000   0.2347
  -9.500  -1.0336   0.01468   0.00866  -0.0038  1.0000  0.0288  -5.0662   0.0000   0.0000   0.0000   0.2359
  -9.250  -1.0114   0.01432   0.00828  -0.0028  1.0000  0.0301  -4.8661   0.0000   0.0000   0.0000   0.2370
  -9.000  -0.9901   0.01392   0.00783  -0.0017  1.0000  0.0315  -4.6750   0.0000   0.0000   0.0000   0.2384
  -8.750  -0.9694   0.01348   0.00741  -0.0004  1.0000  0.0333  -4.4866   0.0000   0.0000   0.0000   0.2400
  -8.500  -0.9474   0.01318   0.00708   0.0007  1.0000  0.0350  -4.2953   0.0000   0.0000   0.0000   0.2414
  -8.250  -0.9266   0.01279   0.00668   0.0019  1.0000  0.0372  -4.1128   0.0000   0.0000   0.0000   0.2431
  -8.000  -0.9052   0.01248   0.00638   0.0032  1.0000  0.0397  -3.9290   0.0000   0.0000   0.0000   0.2447
  -7.750  -0.8843   0.01215   0.00604   0.0045  1.0000  0.0423  -3.7603   0.0000   0.0000   0.0000   0.2466
  -7.500  -0.8632   0.01186   0.00575   0.0057  1.0000  0.0453  -3.5974   0.0000   0.0000   0.0000   0.2484
  -7.250  -0.8424   0.01155   0.00545   0.0071  1.0000  0.0487  -3.4386   0.0000   0.0000   0.0000   0.2504
  -7.000  -0.8212   0.01129   0.00519   0.0083  1.0000  0.0526  -3.2802   0.0000   0.0000   0.0000   0.2524
  -6.750  -0.8002   0.01101   0.00494   0.0096  1.0000  0.0575  -3.1248   0.0000   0.0000   0.0000   0.2545
  -6.500  -0.7751   0.01073   0.00469   0.0100  0.9996  0.0637  -2.9596   0.0000   0.0000   0.0000   0.2557
  -6.250  -0.7402   0.01041   0.00441   0.0083  0.9980  0.0720  -2.7677   0.0000   0.0000   0.0000   0.2542
  -6.000  -0.7056   0.01008   0.00415   0.0067  0.9963  0.0830  -2.5932   0.0000   0.0000   0.0000   0.2526
  -5.750  -0.6708   0.00975   0.00390   0.0050  0.9944  0.0963  -2.4236   0.0000   0.0000   0.0000   0.2508
  -5.500  -0.6354   0.00943   0.00367   0.0032  0.9928  0.1121  -2.2561   0.0000   0.0000   0.0000   0.2486
  -5.250  -0.6015   0.00910   0.00343   0.0018  0.9901  0.1315  -2.0964   0.0000   0.0000   0.0000   0.2466
  -5.000  -0.5661   0.00878   0.00321   0.0000  0.9881  0.1535  -1.9471   0.0000   0.0000   0.0000   0.2439
  -4.750  -0.5314   0.00844   0.00300  -0.0016  0.9856  0.1789  -1.8043   0.0000   0.0000   0.0000   0.2409
  -4.500  -0.4968   0.00812   0.00281  -0.0032  0.9827  0.2060  -1.6650   0.0000   0.0000   0.0000   0.2377
  -4.250  -0.4623   0.00780   0.00262  -0.0047  0.9800  0.2356  -1.5385   0.0000   0.0000   0.0000   0.2339
  -4.000  -0.4314   0.00751   0.00245  -0.0054  0.9742  0.2644  -1.4226   0.0000   0.0000   0.0000   0.2318
  -3.750  -0.4016   0.00724   0.00230  -0.0058  0.9675  0.2938  -1.3160   0.0000   0.0000   0.0000   0.2300
  -3.250  -0.3459   0.00678   0.00204  -0.0056  0.9500  0.3510  -1.1265   0.0000   0.0000   0.0000   0.2283
  -3.000  -0.3193   0.00657   0.00193  -0.0052  0.9391  0.3793  -1.0412   0.0000   0.0000   0.0000   0.2284
  -2.750  -0.2930   0.00638   0.00182  -0.0047  0.9269  0.4075  -0.9635   0.0000   0.0000   0.0000   0.2287
  -2.250  -0.2405   0.00607   0.00163  -0.0037  0.8983  0.4634  -0.8223   0.0000   0.0000   0.0000   0.2297
  -2.000  -0.2140   0.00594   0.00155  -0.0032  0.8817  0.4911  -0.7594   0.0000   0.0000   0.0000   0.2301
  -1.750  -0.1875   0.00582   0.00148  -0.0027  0.8640  0.5187  -0.7014   0.0000   0.0000   0.0000   0.2305
  -1.500  -0.1608   0.00573   0.00142  -0.0023  0.8444  0.5461  -0.6481   0.0000   0.0000   0.0000   0.2307
  -1.250  -0.1341   0.00565   0.00136  -0.0019  0.8240  0.5733  -0.5996   0.0000   0.0000   0.0000   0.2310
  -1.000  -0.1073   0.00560   0.00132  -0.0015  0.8020  0.6005  -0.5554   0.0000   0.0000   0.0000   0.2312
  -0.750  -0.0805   0.00555   0.00129  -0.0011  0.7790  0.6273  -0.5152   0.0000   0.0000   0.0000   0.2312
  -0.500  -0.0537   0.00551   0.00126  -0.0007  0.7554  0.6537  -0.4784   0.0000   0.0000   0.0000   0.2315
  -0.250  -0.0269   0.00550   0.00125  -0.0004  0.7308  0.6797  -0.4447   0.0000   0.0000   0.0000   0.2322
   0.000  -0.0000   0.00549   0.00124   0.0000  0.7053  0.7054  -0.4136   0.0000   0.0000   0.0000   0.4886
   0.250   0.0269   0.00550   0.00125   0.0004  0.6797  0.7308  -0.4447   0.0000   0.0000   0.0000   0.2322
   0.500   0.0537   0.00551   0.00126   0.0007  0.6537  0.7554  -0.4784   0.0000   0.0000   0.0000   0.2315
   0.750   0.0805   0.00555   0.00129   0.0011  0.6273  0.7790  -0.5152   0.0000   0.0000   0.0000   0.2312
   1.250   0.1341   0.00565   0.00136   0.0019  0.5733  0.8240  -0.5997   0.0000   0.0000   0.0000   0.2310
   1.500   0.1608   0.00573   0.00142   0.0023  0.5461  0.8444  -0.6481   0.0000   0.0000   0.0000   0.2307
   1.750   0.1875   0.00582   0.00148   0.0027  0.5187  0.8640  -0.7014   0.0000   0.0000   0.0000   0.2305
   2.000   0.2140   0.00594   0.00155   0.0032  0.4911  0.8817  -0.7594   0.0000   0.0000   0.0000   0.2301
   2.250   0.2405   0.00607   0.00163   0.0037  0.4634  0.8983  -0.8223   0.0000   0.0000   0.0000   0.2297
   2.750   0.2930   0.00638   0.00182   0.0047  0.4075  0.9269  -0.9635   0.0000   0.0000   0.0000   0.2287
   3.000   0.3193   0.00657   0.00193   0.0052  0.3793  0.9391  -1.0412   0.0000   0.0000   0.0000   0.2284
   3.250   0.3459   0.00678   0.00204   0.0056  0.3510  0.9500  -1.1265   0.0000   0.0000   0.0000   0.2283
   3.750   0.4016   0.00724   0.00230   0.0058  0.2938  0.9675  -1.3160   0.0000   0.0000   0.0000   0.2300
   4.000   0.4314   0.00751   0.00245   0.0054  0.2644  0.9742  -1.4227   0.0000   0.0000   0.0000   0.2318
   4.250   0.4623   0.00780   0.00262   0.0047  0.2356  0.9800  -1.5385   0.0000   0.0000   0.0000   0.2339
   4.500   0.4968   0.00812   0.00281   0.0032  0.2060  0.9827  -1.6650   0.0000   0.0000   0.0000   0.2377
   4.750   0.5314   0.00844   0.00300   0.0016  0.1790  0.9857  -1.8043   0.0000   0.0000   0.0000   0.2409
   5.000   0.5662   0.00878   0.00321  -0.0000  0.1535  0.9881  -1.9472   0.0000   0.0000   0.0000   0.2439
   5.250   0.6015   0.00910   0.00343  -0.0018  0.1315  0.9901  -2.0964   0.0000   0.0000   0.0000   0.2467
   5.500   0.6354   0.00943   0.00367  -0.0032  0.1121  0.9929  -2.2561   0.0000   0.0000   0.0000   0.2486
   5.750   0.6708   0.00975   0.00390  -0.0050  0.0963  0.9944  -2.4237   0.0000   0.0000   0.0000   0.2508
   6.000   0.7056   0.01008   0.00415  -0.0067  0.0830  0.9963  -2.5933   0.0000   0.0000   0.0000   0.2526
   6.250   0.7402   0.01041   0.00441  -0.0083  0.0720  0.9981  -2.7678   0.0000   0.0000   0.0000   0.2542
   6.500   0.7752   0.01073   0.00468  -0.0100  0.0637  0.9996  -2.9597   0.0000   0.0000   0.0000   0.2557
   6.750   0.8001   0.01101   0.00494  -0.0096  0.0576  1.0000  -3.1245   0.0000   0.0000   0.0000   0.2545
   7.000   0.8211   0.01129   0.00519  -0.0083  0.0526  1.0000  -3.2799   0.0000   0.0000   0.0000   0.2524
   7.250   0.8423   0.01154   0.00545  -0.0070  0.0487  1.0000  -3.4383   0.0000   0.0000   0.0000   0.2504
   7.500   0.8631   0.01186   0.00575  -0.0057  0.0453  1.0000  -3.5971   0.0000   0.0000   0.0000   0.2484
   7.750   0.8842   0.01215   0.00604  -0.0044  0.0423  1.0000  -3.7601   0.0000   0.0000   0.0000   0.2465
   8.000   0.9052   0.01248   0.00638  -0.0031  0.0397  1.0000  -3.9287   0.0000   0.0000   0.0000   0.2447
   8.250   0.9266   0.01279   0.00668  -0.0019  0.0372  1.0000  -4.1127   0.0000   0.0000   0.0000   0.2431
   8.500   0.9474   0.01318   0.00707  -0.0007  0.0350  1.0000  -4.2951   0.0000   0.0000   0.0000   0.2414
   8.750   0.9693   0.01348   0.00741   0.0004  0.0333  1.0000  -4.4865   0.0000   0.0000   0.0000   0.2400
   9.000   0.9901   0.01391   0.00783   0.0017  0.0315  1.0000  -4.6749   0.0000   0.0000   0.0000   0.2384
   9.250   1.0114   0.01432   0.00828   0.0028  0.0301  1.0000  -4.8661   0.0000   0.0000   0.0000   0.2370
   9.500   1.0336   0.01468   0.00866   0.0038  0.0288  1.0000  -5.0663   0.0000   0.0000   0.0000   0.2359
   9.750   1.0553   0.01511   0.00910   0.0048  0.0275  1.0000  -5.2681   0.0000   0.0000   0.0000   0.2347
  10.000   1.0754   0.01573   0.00975   0.0060  0.0262  1.0000  -5.4592   0.0000   0.0000   0.0000   0.2333
  10.250   1.0983   0.01608   0.01015   0.0067  0.0253  1.0000  -5.6715   0.0000   0.0000   0.0000   0.2324
  10.500   1.1205   0.01650   0.01060   0.0076  0.0243  1.0000  -5.8840   0.0000   0.0000   0.0000   0.2315
  10.750   1.1418   0.01701   0.01113   0.0085  0.0234  1.0000  -6.1087   0.0000   0.0000   0.0000   0.2305
  11.000   1.1591   0.01788   0.01204   0.0099  0.0223  1.0000  -6.3099   0.0000   0.0000   0.0000   0.2290
  11.250   1.1805   0.01836   0.01257   0.0108  0.0218  1.0000  -6.5420   0.0000   0.0000   0.0000   0.2281
  11.500   1.2013   0.01887   0.01315   0.0117  0.0212  1.0000  -6.7740   0.0000   0.0000   0.0000   0.2271
  11.750   1.2212   0.01944   0.01377   0.0127  0.0206  1.0000  -7.0054   0.0000   0.0000   0.0000   0.2261
  12.000   1.2405   0.02003   0.01441   0.0138  0.0200  1.0000  -7.2375   0.0000   0.0000   0.0000   0.2250
  12.250   1.2582   0.02072   0.01513   0.0150  0.0194  1.0000  -7.4634   0.0000   0.0000   0.0000   0.2238
  12.500   1.2711   0.02173   0.01619   0.0168  0.0188  1.0000  -7.6575   0.0000   0.0000   0.0000   0.2221
  12.750   1.2816   0.02277   0.01733   0.0189  0.0183  1.0000  -7.8374   0.0000   0.0000   0.0000   0.2202
  13.000   1.2962   0.02339   0.01802   0.0206  0.0180  1.0000  -8.0538   0.0000   0.0000   0.0000   0.2186
  13.250   1.3091   0.02412   0.01883   0.0224  0.0176  1.0000  -8.2609   0.0000   0.0000   0.0000   0.2170
  13.500   1.3206   0.02498   0.01976   0.0242  0.0172  1.0000  -8.4613   0.0000   0.0000   0.0000   0.2154
  13.750   1.3309   0.02597   0.02082   0.0258  0.0169  1.0000  -8.6544   0.0000   0.0000   0.0000   0.2139
  14.000   1.3401   0.02708   0.02201   0.0273  0.0166  1.0000  -8.8424   0.0000   0.0000   0.0000   0.2124
  14.250   1.3483   0.02835   0.02335   0.0287  0.0163  1.0000  -9.0248   0.0000   0.0000   0.0000   0.2111
  14.500   1.3547   0.02984   0.02492   0.0298  0.0160  1.0000  -9.1954   0.0000   0.0000   0.0000   0.2099
  14.750   1.3580   0.03172   0.02688   0.0307  0.0157  1.0000  -9.3414   0.0000   0.0000   0.0000   0.2088
  15.000   1.3568   0.03420   0.02946   0.0312  0.0155  1.0000  -9.4500   0.0000   0.0000   0.0000   0.2079
  15.250   1.3495   0.03756   0.03294   0.0311  0.0152  1.0000  -9.5044   0.0000   0.0000   0.0000   0.2072
  15.500   1.3408   0.04141   0.03693   0.0304  0.0150  1.0000  -9.5400   0.0000   0.0000   0.0000   0.2071
  15.750   1.3419   0.04441   0.04005   0.0294  0.0149  1.0000  -9.6549   0.0000   0.0000   0.0000   0.2073
  16.000   1.3403   0.04787   0.04363   0.0280  0.0148  1.0000  -9.7460   0.0000   0.0000   0.0000   0.2077
  16.250   1.3361   0.05184   0.04772   0.0263  0.0147  1.0000  -9.8211   0.0000   0.0000   0.0000   0.2084
  16.500   1.3291   0.05632   0.05234   0.0241  0.0146  1.0000  -9.8698   0.0000   0.0000   0.0000   0.2093
  16.750   1.3193   0.06133   0.05748   0.0217  0.0145  1.0000  -9.8885   0.0000   0.0000   0.0000   0.2104
  17.000   1.3067   0.06685   0.06312   0.0189  0.0144  1.0000  -9.8779   0.0000   0.0000   0.0000   0.2117
  17.250   1.2916   0.07285   0.06925   0.0159  0.0144  1.0000  -9.8371   0.0000   0.0000   0.0000   0.2133
  17.500   1.2747   0.07930   0.07583   0.0126  0.0143  1.0000  -9.7719   0.0000   0.0000   0.0000   0.2151
  17.750   1.2562   0.08610   0.08276   0.0091  0.0142  1.0000  -9.6836   0.0000   0.0000   0.0000   0.2172
  18.000   1.2367   0.09325   0.09003   0.0054  0.0142  1.0000  -9.5759   0.0000   0.0000   0.0000   0.2195
  18.250   1.2166   0.10065   0.09756   0.0016  0.0142  1.0000  -9.4510   0.0000   0.0000   0.0000   0.2220
  18.500   1.1961   0.10824   0.10526  -0.0023  0.0141  1.0000  -9.3109   0.0000   0.0000   0.0000   0.2248
  18.750   1.1757   0.11602   0.11316  -0.0065  0.0141  1.0000  -9.1579   0.0000   0.0000   0.0000   0.2278
  19.000   1.1552   0.12396   0.12122  -0.0107  0.0140  1.0000  -8.9889   0.0000   0.0000   0.0000   0.2311
  19.250   1.1345   0.13214   0.12951  -0.0152  0.0140  1.0000  -8.8005   0.0000   0.0000   0.0000   0.2347
  19.500   1.1132   0.14072   0.13822  -0.0200  0.0139  1.0000  -8.5828   0.0000   0.0000   0.0000   0.2389
  19.750   1.0896   0.15008   0.14770  -0.0254  0.0139  1.0000  -8.3080   0.0000   0.0000   0.0000   0.2438
  20.000   1.0583   0.16168   0.15945  -0.0322  0.0139  1.0000  -7.8837   0.0000   0.0000   0.0000   0.2507


