xflr5 v6.61

 Calculated polar for: NACA 0012

 1 1 Reynolds number fixed          Mach number fixed         

 xtrf =   1.000 (top)        1.000 (bottom)
 Mach =   0.000     Re =     0.280 e 6     Ncrit =   9.000

  alpha     CL        CD       CDp       Cm    Top Xtr Bot Xtr   Cpmin    Chinge    XCp    
 ------- -------- --------- --------- -------- ------- ------- -------- --------- ---------
 -10.000  -1.0155   0.02465   0.01727  -0.0151  1.0000  0.0430  -4.9260   0.0000   0.0000   0.0000   0.2241
  -9.750  -0.9963   0.02384   0.01636  -0.0139  1.0000  0.0450  -4.7616   0.0000   0.0000   0.0000   0.2252
  -9.500  -0.9773   0.02281   0.01524  -0.0127  1.0000  0.0470  -4.6065   0.0000   0.0000   0.0000   0.2265
  -9.250  -0.9579   0.02195   0.01442  -0.0116  1.0000  0.0489  -4.4379   0.0000   0.0000   0.0000   0.2277
  -9.000  -0.9378   0.02121   0.01357  -0.0104  1.0000  0.0514  -4.2774   0.0000   0.0000   0.0000   0.2290
  -8.750  -0.9191   0.02028   0.01267  -0.0091  1.0000  0.0538  -4.1189   0.0000   0.0000   0.0000   0.2305
  -8.500  -0.8988   0.01965   0.01200  -0.0079  1.0000  0.0571  -3.9536   0.0000   0.0000   0.0000   0.2318
  -8.250  -0.8800   0.01886   0.01122  -0.0065  1.0000  0.0603  -3.7966   0.0000   0.0000   0.0000   0.2335
  -8.000  -0.8596   0.01828   0.01057  -0.0053  1.0000  0.0642  -3.6415   0.0000   0.0000   0.0000   0.2351
  -7.750  -0.8413   0.01754   0.00989  -0.0038  1.0000  0.0682  -3.5016   0.0000   0.0000   0.0000   0.2370
  -7.500  -0.8222   0.01691   0.00926  -0.0023  1.0000  0.0732  -3.3614   0.0000   0.0000   0.0000   0.2389
  -7.250  -0.8026   0.01634   0.00869  -0.0008  1.0000  0.0792  -3.2208   0.0000   0.0000   0.0000   0.2409
  -7.000  -0.7831   0.01578   0.00814   0.0006  1.0000  0.0862  -3.0810   0.0000   0.0000   0.0000   0.2430
  -6.750  -0.7638   0.01521   0.00763   0.0021  1.0000  0.0945  -2.9427   0.0000   0.0000   0.0000   0.2452
  -6.500  -0.7443   0.01467   0.00716   0.0035  1.0000  0.1047  -2.8048   0.0000   0.0000   0.0000   0.2474
  -6.250  -0.7243   0.01419   0.00671   0.0049  1.0000  0.1178  -2.6725   0.0000   0.0000   0.0000   0.2497
  -6.000  -0.7047   0.01367   0.00630   0.0063  1.0000  0.1337  -2.5482   0.0000   0.0000   0.0000   0.2521
  -5.750  -0.6847   0.01320   0.00592   0.0076  1.0000  0.1535  -2.4240   0.0000   0.0000   0.0000   0.2545
  -5.500  -0.6647   0.01273   0.00559   0.0089  1.0000  0.1772  -2.3007   0.0000   0.0000   0.0000   0.2570
  -5.250  -0.6441   0.01232   0.00531   0.0101  1.0000  0.2051  -2.1774   0.0000   0.0000   0.0000   0.2595
  -5.000  -0.6234   0.01192   0.00506   0.0113  1.0000  0.2356  -2.0582   0.0000   0.0000   0.0000   0.2621
  -4.750  -0.6023   0.01157   0.00485   0.0124  1.0000  0.2675  -1.9462   0.0000   0.0000   0.0000   0.2647
  -4.500  -0.5808   0.01126   0.00468   0.0134  1.0000  0.3006  -1.8348   0.0000   0.0000   0.0000   0.2674
  -4.250  -0.5590   0.01099   0.00454   0.0143  1.0000  0.3343  -1.7244   0.0000   0.0000   0.0000   0.2701
  -4.000  -0.5367   0.01074   0.00443   0.0151  1.0000  0.3678  -1.6199   0.0000   0.0000   0.0000   0.2729
  -3.500  -0.4911   0.01036   0.00432   0.0166  1.0000  0.4350  -1.4207   0.0000   0.0000   0.0000   0.2788
  -3.000  -0.4105   0.00992   0.00418   0.0110  0.9906  0.5156  -1.1814   0.0000   0.0000   0.0000   0.2720
  -2.750  -0.3700   0.00970   0.00411   0.0083  0.9852  0.5544  -1.0738   0.0000   0.0000   0.0000   0.2677
  -2.500  -0.3289   0.00949   0.00405   0.0055  0.9802  0.5917  -0.9734   0.0000   0.0000   0.0000   0.2621
  -2.250  -0.2898   0.00928   0.00397   0.0032  0.9736  0.6275  -0.8837   0.0000   0.0000   0.0000   0.2566
  -2.000  -0.2510   0.00907   0.00390   0.0011  0.9669  0.6614  -0.8018   0.0000   0.0000   0.0000   0.2498
  -1.750  -0.2117   0.00886   0.00383  -0.0010  0.9605  0.6939  -0.7270   0.0000   0.0000   0.0000   0.2406
  -1.500  -0.1744   0.00867   0.00375  -0.0026  0.9531  0.7245  -0.6617   0.0000   0.0000   0.0000   0.2305
  -1.250  -0.1402   0.00848   0.00368  -0.0034  0.9439  0.7529  -0.6053   0.0000   0.0000   0.0000   0.2209
  -1.000  -0.1093   0.00833   0.00362  -0.0035  0.9322  0.7792  -0.5572   0.0000   0.0000   0.0000   0.2136
  -0.750  -0.0804   0.00820   0.00356  -0.0030  0.9188  0.8041  -0.5151   0.0000   0.0000   0.0000   0.2077
  -0.500  -0.0525   0.00810   0.00351  -0.0023  0.9043  0.8277  -0.4775   0.0000   0.0000   0.0000   0.2020
  -0.250  -0.0260   0.00804   0.00349  -0.0012  0.8876  0.8488  -0.4437   0.0000   0.0000   0.0000   0.1990
   0.000   0.0000   0.00802   0.00349  -0.0000  0.8690  0.8690  -0.4130   0.0000   0.0000   0.0000   0.3664
   0.250   0.0260   0.00804   0.00349   0.0012  0.8489  0.8876  -0.4437   0.0000   0.0000   0.0000   0.1990
   0.500   0.0525   0.00810   0.00351   0.0023  0.8277  0.9043  -0.4775   0.0000   0.0000   0.0000   0.2020
   0.750   0.0804   0.00820   0.00356   0.0030  0.8041  0.9188  -0.5151   0.0000   0.0000   0.0000   0.2077
   1.000   0.1093   0.00833   0.00362   0.0035  0.7792  0.9322  -0.5572   0.0000   0.0000   0.0000   0.2136
   1.250   0.1402   0.00848   0.00368   0.0034  0.7529  0.9439  -0.6053   0.0000   0.0000   0.0000   0.2208
   1.500   0.1744   0.00867   0.00375   0.0026  0.7245  0.9531  -0.6617   0.0000   0.0000   0.0000   0.2304
   1.750   0.2117   0.00886   0.00383   0.0010  0.6939  0.9605  -0.7270   0.0000   0.0000   0.0000   0.2406
   2.000   0.2509   0.00907   0.00390  -0.0011  0.6614  0.9669  -0.8018   0.0000   0.0000   0.0000   0.2498
   2.250   0.2898   0.00928   0.00397  -0.0032  0.6275  0.9736  -0.8837   0.0000   0.0000   0.0000   0.2566
   2.500   0.3289   0.00949   0.00405  -0.0055  0.5917  0.9802  -0.9734   0.0000   0.0000   0.0000   0.2621
   2.750   0.3700   0.00970   0.00411  -0.0083  0.5544  0.9852  -1.0738   0.0000   0.0000   0.0000   0.2677
   3.000   0.4105   0.00992   0.00417  -0.0110  0.5156  0.9907  -1.1814   0.0000   0.0000   0.0000   0.2720
   3.250   0.4513   0.01013   0.00425  -0.0138  0.4757  0.9958  -1.2990   0.0000   0.0000   0.0000   0.2759
   3.500   0.4910   0.01036   0.00431  -0.0166  0.4351  1.0000  -1.4205   0.0000   0.0000   0.0000   0.2788
   3.750   0.5138   0.01055   0.00436  -0.0159  0.4018  1.0000  -1.5193   0.0000   0.0000   0.0000   0.2758
   4.000   0.5366   0.01074   0.00443  -0.0151  0.3679  1.0000  -1.6197   0.0000   0.0000   0.0000   0.2729
   4.250   0.5589   0.01099   0.00454  -0.0143  0.3343  1.0000  -1.7242   0.0000   0.0000   0.0000   0.2701
   4.500   0.5808   0.01126   0.00468  -0.0133  0.3007  1.0000  -1.8346   0.0000   0.0000   0.0000   0.2673
   4.750   0.6022   0.01157   0.00485  -0.0123  0.2676  1.0000  -1.9460   0.0000   0.0000   0.0000   0.2647
   5.000   0.6233   0.01192   0.00505  -0.0113  0.2356  1.0000  -2.0581   0.0000   0.0000   0.0000   0.2620
   5.250   0.6441   0.01232   0.00531  -0.0101  0.2051  1.0000  -2.1772   0.0000   0.0000   0.0000   0.2595
   5.500   0.6646   0.01273   0.00559  -0.0089  0.1773  1.0000  -2.3006   0.0000   0.0000   0.0000   0.2570
   5.750   0.6846   0.01320   0.00592  -0.0076  0.1536  1.0000  -2.4238   0.0000   0.0000   0.0000   0.2545
   6.000   0.7046   0.01367   0.00629  -0.0063  0.1337  1.0000  -2.5480   0.0000   0.0000   0.0000   0.2520
   6.250   0.7243   0.01418   0.00671  -0.0049  0.1178  1.0000  -2.6724   0.0000   0.0000   0.0000   0.2497
   6.500   0.7442   0.01467   0.00716  -0.0035  0.1047  1.0000  -2.8047   0.0000   0.0000   0.0000   0.2474
   6.750   0.7637   0.01521   0.00763  -0.0021  0.0945  1.0000  -2.9425   0.0000   0.0000   0.0000   0.2452
   7.000   0.7831   0.01578   0.00814  -0.0006  0.0862  1.0000  -3.0809   0.0000   0.0000   0.0000   0.2430
   7.250   0.8026   0.01634   0.00869   0.0008  0.0792  1.0000  -3.2207   0.0000   0.0000   0.0000   0.2409
   7.500   0.8222   0.01690   0.00926   0.0023  0.0732  1.0000  -3.3614   0.0000   0.0000   0.0000   0.2389
   7.750   0.8413   0.01754   0.00989   0.0038  0.0682  1.0000  -3.5016   0.0000   0.0000   0.0000   0.2370
   8.000   0.8596   0.01828   0.01057   0.0053  0.0642  1.0000  -3.6415   0.0000   0.0000   0.0000   0.2351
   8.250   0.8801   0.01885   0.01122   0.0065  0.0603  1.0000  -3.7966   0.0000   0.0000   0.0000   0.2335
   8.500   0.8989   0.01965   0.01200   0.0079  0.0571  1.0000  -3.9537   0.0000   0.0000   0.0000   0.2318
   8.750   0.9192   0.02028   0.01267   0.0091  0.0538  1.0000  -4.1191   0.0000   0.0000   0.0000   0.2305
   9.000   0.9378   0.02121   0.01357   0.0104  0.0514  1.0000  -4.2776   0.0000   0.0000   0.0000   0.2290
   9.250   0.9580   0.02195   0.01442   0.0116  0.0489  1.0000  -4.4381   0.0000   0.0000   0.0000   0.2277
   9.500   0.9774   0.02281   0.01524   0.0127  0.0470  1.0000  -4.6068   0.0000   0.0000   0.0000   0.2265
   9.750   0.9964   0.02384   0.01636   0.0139  0.0450  1.0000  -4.7620   0.0000   0.0000   0.0000   0.2253
  10.000   1.0156   0.02465   0.01726   0.0151  0.0430  1.0000  -4.9265   0.0000   0.0000   0.0000   0.2241
  10.250   1.0347   0.02559   0.01817   0.0161  0.0414  1.0000  -5.1015   0.0000   0.0000   0.0000   0.2231
  10.500   1.0527   0.02687   0.01957   0.0173  0.0400  1.0000  -5.2511   0.0000   0.0000   0.0000   0.2219
  10.750   1.0700   0.02798   0.02084   0.0186  0.0387  1.0000  -5.4173   0.0000   0.0000   0.0000   0.2206
  11.000   1.0870   0.02909   0.02206   0.0199  0.0375  1.0000  -5.5905   0.0000   0.0000   0.0000   0.2194
  11.250   1.1045   0.03024   0.02322   0.0209  0.0364  1.0000  -5.7768   0.0000   0.0000   0.0000   0.2184
  11.500   1.1203   0.03202   0.02507   0.0220  0.0354  1.0000  -5.9376   0.0000   0.0000   0.0000   0.2174
  11.750   1.1301   0.03339   0.02673   0.0240  0.0344  1.0000  -6.0648   0.0000   0.0000   0.0000   0.2154
  12.000   1.1400   0.03481   0.02834   0.0258  0.0334  1.0000  -6.2016   0.0000   0.0000   0.0000   0.2137
  12.250   1.1488   0.03611   0.02976   0.0277  0.0326  1.0000  -6.3452   0.0000   0.0000   0.0000   0.2118
  12.500   1.1559   0.03749   0.03124   0.0297  0.0319  1.0000  -6.4840   0.0000   0.0000   0.0000   0.2098
  12.750   1.1651   0.03914   0.03292   0.0312  0.0313  1.0000  -6.6325   0.0000   0.0000   0.0000   0.2084
  13.000   1.1690   0.04179   0.03570   0.0328  0.0308  1.0000  -6.7242   0.0000   0.0000   0.0000   0.2068
  13.250   1.1600   0.04414   0.03834   0.0352  0.0305  1.0000  -6.7475   0.0000   0.0000   0.0000   0.2040
  13.500   1.1491   0.04705   0.04154   0.0367  0.0303  1.0000  -6.7512   0.0000   0.0000   0.0000   0.2020
  13.750   1.1358   0.05055   0.04532   0.0373  0.0301  1.0000  -6.7340   0.0000   0.0000   0.0000   0.2006
  14.000   1.1201   0.05472   0.04977   0.0368  0.0299  1.0000  -6.6939   0.0000   0.0000   0.0000   0.2000
  14.250   1.1016   0.05971   0.05501   0.0352  0.0298  1.0000  -6.6271   0.0000   0.0000   0.0000   0.2004
  14.500   1.0798   0.06567   0.06122   0.0323  0.0298  1.0000  -6.5274   0.0000   0.0000   0.0000   0.2019
  14.750   1.0544   0.07280   0.06859   0.0280  0.0298  1.0000  -6.3882   0.0000   0.0000   0.0000   0.2047
  15.000   1.0250   0.08129   0.07730   0.0224  0.0300  1.0000  -6.2025   0.0000   0.0000   0.0000   0.2088
  15.250   0.9916   0.09126   0.08748   0.0157  0.0302  1.0000  -5.9632   0.0000   0.0000   0.0000   0.2143
  15.500   0.9544   0.10282   0.09921   0.0080  0.0305  1.0000  -5.6613   0.0000   0.0000   0.0000   0.2213
  15.750   0.9150   0.11575   0.11227   0.0001  0.0309  1.0000  -5.2946   0.0000   0.0000   0.0000   0.2294
  17.000   0.7508   0.19812   0.19477  -0.0404  0.0411  1.0000  -2.2175   0.0000   0.0000   0.0000   0.2852
  17.250   0.7585   0.20223   0.19887  -0.0416  0.0407  1.0000  -2.2399   0.0000   0.0000   0.0000   0.2859
  17.500   0.7498   0.20923   0.20584  -0.0488  0.0383  1.0000  -1.9438   0.0000   0.0000   0.0000   0.2962
  17.750   0.7576   0.21249   0.20910  -0.0506  0.0372  1.0000  -1.9648   0.0000   0.0000   0.0000   0.2974
  18.000   0.7668   0.21529   0.21191  -0.0518  0.0365  1.0000  -2.0191   0.0000   0.0000   0.0000   0.2978
  18.250   0.7782   0.21783   0.21447  -0.0521  0.0360  1.0000  -2.1165   0.0000   0.0000   0.0000   0.2968
  18.500   0.7939   0.22075   0.21741  -0.0509  0.0357  1.0000  -2.2797   0.0000   0.0000   0.0000   0.2934
  18.750   0.7850   0.22764   0.22426  -0.0593  0.0341  1.0000  -1.8991   0.0000   0.0000   0.0000   0.3049
  19.000   0.7928   0.23103   0.22765  -0.0614  0.0327  1.0000  -1.8993   0.0000   0.0000   0.0000   0.3064
  19.250   0.8017   0.23380   0.23043  -0.0629  0.0318  1.0000  -1.9491   0.0000   0.0000   0.0000   0.3070
  19.500   0.8121   0.23625   0.23288  -0.0637  0.0312  1.0000  -2.0495   0.0000   0.0000   0.0000   0.3064
  19.750   0.8259   0.23916   0.23582  -0.0631  0.0309  1.0000  -2.2063   0.0000   0.0000   0.0000   0.3039
  20.000   0.8240   0.24475   0.24137  -0.0696  0.0303  1.0000  -1.9499   0.0000   0.0000   0.0000   0.3117


