xflr5 v6.61

 Calculated polar for: NACA 0012

 1 1 Reynolds number fixed          Mach number fixed         

 xtrf =   1.000 (top)        1.000 (bottom)
 Mach =   0.000     Re =     1.000 e 6     Ncrit =   9.000

  alpha     CL        CD       CDp       Cm    Top Xtr Bot Xtr   Cpmin    Chinge    XCp    
 ------- -------- --------- --------- -------- ------- ------- -------- --------- ---------
 -10.000  -1.0810   0.01509   0.00921  -0.0051  1.0000  0.0254  -5.5004   0.0000   0.0000   0.0000   0.2342
  -9.750  -1.0579   0.01478   0.00886  -0.0043  1.0000  0.0263  -5.2880   0.0000   0.0000   0.0000   0.2351
  -9.500  -1.0377   0.01420   0.00827  -0.0031  1.0000  0.0278  -5.0971   0.0000   0.0000   0.0000   0.2365
  -9.250  -1.0159   0.01383   0.00789  -0.0021  1.0000  0.0291  -4.8965   0.0000   0.0000   0.0000   0.2378
  -9.000  -0.9937   0.01352   0.00755  -0.0010  1.0000  0.0304  -4.6979   0.0000   0.0000   0.0000   0.2391
  -8.750  -0.9728   0.01310   0.00711   0.0002  1.0000  0.0321  -4.5098   0.0000   0.0000   0.0000   0.2406
  -8.500  -0.9515   0.01275   0.00677   0.0014  1.0000  0.0339  -4.3198   0.0000   0.0000   0.0000   0.2422
  -8.250  -0.9294   0.01250   0.00649   0.0025  1.0000  0.0356  -4.1297   0.0000   0.0000   0.0000   0.2437
  -8.000  -0.9090   0.01211   0.00612   0.0039  1.0000  0.0382  -3.9503   0.0000   0.0000   0.0000   0.2455
  -7.750  -0.8874   0.01187   0.00586   0.0051  1.0000  0.0406  -3.7758   0.0000   0.0000   0.0000   0.2472
  -7.500  -0.8668   0.01153   0.00554   0.0064  1.0000  0.0437  -3.6151   0.0000   0.0000   0.0000   0.2492
  -7.250  -0.8455   0.01128   0.00528   0.0077  1.0000  0.0467  -3.4534   0.0000   0.0000   0.0000   0.2511
  -7.000  -0.8247   0.01099   0.00502   0.0090  1.0000  0.0507  -3.2956   0.0000   0.0000   0.0000   0.2532
  -6.750  -0.7998   0.01071   0.00476   0.0095  0.9996  0.0556  -3.1276   0.0000   0.0000   0.0000   0.2544
  -6.500  -0.7653   0.01040   0.00449   0.0079  0.9982  0.0626  -2.9326   0.0000   0.0000   0.0000   0.2530
  -6.250  -0.7307   0.01011   0.00424   0.0063  0.9967  0.0707  -2.7420   0.0000   0.0000   0.0000   0.2515
  -6.000  -0.6964   0.00979   0.00398   0.0047  0.9948  0.0810  -2.5704   0.0000   0.0000   0.0000   0.2499
  -5.750  -0.6614   0.00948   0.00374   0.0030  0.9933  0.0939  -2.4005   0.0000   0.0000   0.0000   0.2479
  -5.500  -0.6275   0.00917   0.00351   0.0016  0.9909  0.1088  -2.2372   0.0000   0.0000   0.0000   0.2460
  -5.250  -0.5929   0.00885   0.00328   0.0000  0.9888  0.1272  -2.0759   0.0000   0.0000   0.0000   0.2437
  -5.000  -0.5574   0.00851   0.00307  -0.0018  0.9873  0.1488  -1.9280   0.0000   0.0000   0.0000   0.2405
  -4.750  -0.5240   0.00820   0.00287  -0.0031  0.9841  0.1725  -1.7883   0.0000   0.0000   0.0000   0.2380
  -4.500  -0.4901   0.00788   0.00267  -0.0045  0.9811  0.1985  -1.6512   0.0000   0.0000   0.0000   0.2348
  -4.250  -0.4592   0.00760   0.00250  -0.0052  0.9758  0.2256  -1.5328   0.0000   0.0000   0.0000   0.2328
  -4.000  -0.4291   0.00732   0.00234  -0.0057  0.9699  0.2532  -1.4185   0.0000   0.0000   0.0000   0.2310
  -3.750  -0.4006   0.00706   0.00219  -0.0058  0.9624  0.2814  -1.3143   0.0000   0.0000   0.0000   0.2299
  -3.500  -0.3735   0.00684   0.00206  -0.0055  0.9532  0.3090  -1.2178   0.0000   0.0000   0.0000   0.2297
  -3.250  -0.3471   0.00662   0.00193  -0.0051  0.9425  0.3366  -1.1285   0.0000   0.0000   0.0000   0.2299
  -3.000  -0.3209   0.00642   0.00182  -0.0046  0.9305  0.3644  -1.0438   0.0000   0.0000   0.0000   0.2304
  -2.750  -0.2948   0.00625   0.00172  -0.0041  0.9172  0.3922  -0.9660   0.0000   0.0000   0.0000   0.2310
  -2.500  -0.2685   0.00609   0.00162  -0.0036  0.9029  0.4199  -0.8926   0.0000   0.0000   0.0000   0.2315
  -2.250  -0.2420   0.00595   0.00153  -0.0032  0.8869  0.4475  -0.8241   0.0000   0.0000   0.0000   0.2320
  -2.000  -0.2154   0.00583   0.00146  -0.0027  0.8693  0.4750  -0.7608   0.0000   0.0000   0.0000   0.2324
  -1.750  -0.1886   0.00573   0.00139  -0.0023  0.8507  0.5024  -0.7025   0.0000   0.0000   0.0000   0.2327
  -1.500  -0.1618   0.00564   0.00133  -0.0020  0.8303  0.5297  -0.6490   0.0000   0.0000   0.0000   0.2330
  -1.000  -0.1080   0.00552   0.00124  -0.0013  0.7868  0.5839  -0.5559   0.0000   0.0000   0.0000   0.2336
  -0.750  -0.0810   0.00547   0.00121  -0.0009  0.7631  0.6105  -0.5155   0.0000   0.0000   0.0000   0.2336
  -0.500  -0.0540   0.00544   0.00118  -0.0006  0.7390  0.6368  -0.4786   0.0000   0.0000   0.0000   0.2337
  -0.250  -0.0270   0.00543   0.00117  -0.0003  0.7142  0.6628  -0.4448   0.0000   0.0000   0.0000   0.2340
   0.000   0.0000   0.00543   0.00116  -0.0000  0.6887  0.6887  -0.4136   0.0000   0.0000   0.0000   0.4387
   0.250   0.0270   0.00543   0.00117   0.0003  0.6628  0.7142  -0.4448   0.0000   0.0000   0.0000   0.2340
   0.500   0.0540   0.00544   0.00118   0.0006  0.6368  0.7390  -0.4786   0.0000   0.0000   0.0000   0.2337
   0.750   0.0810   0.00547   0.00121   0.0009  0.6106  0.7631  -0.5155   0.0000   0.0000   0.0000   0.2336
   1.000   0.1080   0.00552   0.00124   0.0013  0.5839  0.7867  -0.5559   0.0000   0.0000   0.0000   0.2336
   1.250   0.1349   0.00557   0.00128   0.0016  0.5569  0.8091  -0.6003   0.0000   0.0000   0.0000   0.2332
   1.500   0.1618   0.00564   0.00133   0.0020  0.5298  0.8303  -0.6490   0.0000   0.0000   0.0000   0.2330
   1.750   0.1886   0.00573   0.00139   0.0023  0.5024  0.8507  -0.7025   0.0000   0.0000   0.0000   0.2327
   2.000   0.2154   0.00583   0.00146   0.0027  0.4750  0.8693  -0.7608   0.0000   0.0000   0.0000   0.2324
   2.250   0.2420   0.00595   0.00153   0.0032  0.4475  0.8868  -0.8241   0.0000   0.0000   0.0000   0.2320
   2.500   0.2685   0.00609   0.00162   0.0036  0.4199  0.9029  -0.8926   0.0000   0.0000   0.0000   0.2315
   2.750   0.2948   0.00625   0.00172   0.0041  0.3922  0.9172  -0.9660   0.0000   0.0000   0.0000   0.2310
   3.000   0.3210   0.00642   0.00182   0.0046  0.3644  0.9305  -1.0438   0.0000   0.0000   0.0000   0.2304
   3.250   0.3471   0.00662   0.00193   0.0051  0.3366  0.9425  -1.1285   0.0000   0.0000   0.0000   0.2299
   3.500   0.3735   0.00684   0.00206   0.0055  0.3090  0.9532  -1.2178   0.0000   0.0000   0.0000   0.2297
   3.750   0.4006   0.00706   0.00219   0.0058  0.2814  0.9624  -1.3143   0.0000   0.0000   0.0000   0.2299
   4.000   0.4291   0.00732   0.00234   0.0057  0.2532  0.9699  -1.4185   0.0000   0.0000   0.0000   0.2310
   4.250   0.4592   0.00760   0.00250   0.0052  0.2256  0.9758  -1.5328   0.0000   0.0000   0.0000   0.2328
   4.500   0.4902   0.00788   0.00267   0.0045  0.1986  0.9811  -1.6512   0.0000   0.0000   0.0000   0.2348
   4.750   0.5240   0.00820   0.00286   0.0031  0.1725  0.9841  -1.7884   0.0000   0.0000   0.0000   0.2380
   5.000   0.5574   0.00851   0.00307   0.0018  0.1488  0.9873  -1.9281   0.0000   0.0000   0.0000   0.2405
   5.250   0.5930   0.00884   0.00328  -0.0000  0.1272  0.9888  -2.0760   0.0000   0.0000   0.0000   0.2437
   5.500   0.6275   0.00917   0.00351  -0.0016  0.1088  0.9910  -2.2372   0.0000   0.0000   0.0000   0.2461
   5.750   0.6614   0.00948   0.00374  -0.0031  0.0939  0.9933  -2.4005   0.0000   0.0000   0.0000   0.2479
   6.000   0.6965   0.00979   0.00398  -0.0047  0.0810  0.9948  -2.5705   0.0000   0.0000   0.0000   0.2499
   6.250   0.7308   0.01011   0.00424  -0.0063  0.0707  0.9967  -2.7421   0.0000   0.0000   0.0000   0.2515
   6.500   0.7653   0.01040   0.00449  -0.0079  0.0626  0.9982  -2.9327   0.0000   0.0000   0.0000   0.2530
   6.750   0.7999   0.01071   0.00476  -0.0095  0.0556  0.9996  -3.1277   0.0000   0.0000   0.0000   0.2544
   7.000   0.8246   0.01099   0.00502  -0.0090  0.0507  1.0000  -3.2954   0.0000   0.0000   0.0000   0.2532
   7.250   0.8454   0.01128   0.00528  -0.0077  0.0467  1.0000  -3.4531   0.0000   0.0000   0.0000   0.2511
   7.500   0.8668   0.01153   0.00554  -0.0064  0.0437  1.0000  -3.6148   0.0000   0.0000   0.0000   0.2492
   7.750   0.8873   0.01187   0.00586  -0.0050  0.0406  1.0000  -3.7756   0.0000   0.0000   0.0000   0.2472
   8.000   0.9089   0.01211   0.00612  -0.0038  0.0382  1.0000  -3.9500   0.0000   0.0000   0.0000   0.2455
   8.250   0.9294   0.01250   0.00649  -0.0025  0.0356  1.0000  -4.1294   0.0000   0.0000   0.0000   0.2437
   8.500   0.9514   0.01275   0.00677  -0.0014  0.0339  1.0000  -4.3196   0.0000   0.0000   0.0000   0.2422
   8.750   0.9728   0.01310   0.00711  -0.0002  0.0321  1.0000  -4.5097   0.0000   0.0000   0.0000   0.2406
   9.000   0.9937   0.01352   0.00755   0.0010  0.0304  1.0000  -4.6978   0.0000   0.0000   0.0000   0.2391
   9.250   1.0159   0.01383   0.00789   0.0021  0.0291  1.0000  -4.8964   0.0000   0.0000   0.0000   0.2378
   9.500   1.0377   0.01420   0.00827   0.0031  0.0278  1.0000  -5.0971   0.0000   0.0000   0.0000   0.2365
   9.750   1.0579   0.01477   0.00886   0.0043  0.0263  1.0000  -5.2881   0.0000   0.0000   0.0000   0.2351
  10.000   1.0811   0.01509   0.00921   0.0051  0.0254  1.0000  -5.5005   0.0000   0.0000   0.0000   0.2342
  10.250   1.1038   0.01546   0.00961   0.0059  0.0244  1.0000  -5.7143   0.0000   0.0000   0.0000   0.2332
  10.500   1.1256   0.01592   0.01009   0.0068  0.0234  1.0000  -5.9264   0.0000   0.0000   0.0000   0.2322
  10.750   1.1442   0.01670   0.01090   0.0081  0.0223  1.0000  -6.1298   0.0000   0.0000   0.0000   0.2309
  11.000   1.1668   0.01709   0.01134   0.0088  0.0218  1.0000  -6.3680   0.0000   0.0000   0.0000   0.2300
  11.250   1.1885   0.01755   0.01185   0.0097  0.0211  1.0000  -6.6042   0.0000   0.0000   0.0000   0.2291
  11.500   1.2097   0.01805   0.01239   0.0105  0.0204  1.0000  -6.8415   0.0000   0.0000   0.0000   0.2281
  11.750   1.2301   0.01859   0.01297   0.0115  0.0198  1.0000  -7.0790   0.0000   0.0000   0.0000   0.2271
  12.000   1.2484   0.01929   0.01371   0.0127  0.0192  1.0000  -7.3053   0.0000   0.0000   0.0000   0.2259
  12.250   1.2610   0.02041   0.01489   0.0146  0.0184  1.0000  -7.4905   0.0000   0.0000   0.0000   0.2242
  12.500   1.2808   0.02092   0.01547   0.0156  0.0182  1.0000  -7.7323   0.0000   0.0000   0.0000   0.2232
  12.750   1.2992   0.02149   0.01611   0.0167  0.0177  1.0000  -7.9693   0.0000   0.0000   0.0000   0.2221
  13.000   1.3160   0.02213   0.01681   0.0181  0.0173  1.0000  -8.2004   0.0000   0.0000   0.0000   0.2208
  13.250   1.3296   0.02280   0.01754   0.0199  0.0169  1.0000  -8.4164   0.0000   0.0000   0.0000   0.2192
  13.500   1.3416   0.02356   0.01836   0.0218  0.0165  1.0000  -8.6247   0.0000   0.0000   0.0000   0.2175
  13.750   1.3524   0.02445   0.01930   0.0237  0.0162  1.0000  -8.8267   0.0000   0.0000   0.0000   0.2158
  14.000   1.3607   0.02554   0.02046   0.0255  0.0158  1.0000  -9.0123   0.0000   0.0000   0.0000   0.2141
  14.250   1.3646   0.02702   0.02201   0.0274  0.0155  1.0000  -9.1651   0.0000   0.0000   0.0000   0.2123
  14.500   1.3612   0.02920   0.02430   0.0294  0.0151  1.0000  -9.2592   0.0000   0.0000   0.0000   0.2103
  14.750   1.3637   0.03111   0.02632   0.0304  0.0149  1.0000  -9.3964   0.0000   0.0000   0.0000   0.2091
  15.000   1.3707   0.03279   0.02810   0.0309  0.0148  1.0000  -9.5680   0.0000   0.0000   0.0000   0.2083
  15.250   1.3757   0.03478   0.03019   0.0312  0.0147  1.0000  -9.7245   0.0000   0.0000   0.0000   0.2077
  15.500   1.3789   0.03711   0.03264   0.0310  0.0145  1.0000  -9.8654   0.0000   0.0000   0.0000   0.2073
  15.750   1.3800   0.03983   0.03547   0.0305  0.0143  1.0000  -9.9885   0.0000   0.0000   0.0000   0.2072
  16.000   1.3793   0.04298   0.03873   0.0296  0.0142  1.0000  -10.0992   0.0000   0.0000   0.0000   0.2073
  16.250   1.3762   0.04659   0.04246   0.0282  0.0140  1.0000  -10.1938   0.0000   0.0000   0.0000   0.2076
  16.500   1.3706   0.05071   0.04670   0.0264  0.0139  1.0000  -10.2636   0.0000   0.0000   0.0000   0.2083
  16.750   1.3624   0.05537   0.05148   0.0241  0.0138  1.0000  -10.3053   0.0000   0.0000   0.0000   0.2092
  17.000   1.3510   0.06059   0.05683   0.0216  0.0137  1.0000  -10.3144   0.0000   0.0000   0.0000   0.2103
  17.250   1.3367   0.06638   0.06275   0.0187  0.0136  1.0000  -10.2905   0.0000   0.0000   0.0000   0.2117
  17.500   1.3193   0.07272   0.06922   0.0155  0.0135  1.0000  -10.2311   0.0000   0.0000   0.0000   0.2134
  17.750   1.2998   0.07958   0.07620   0.0120  0.0135  1.0000  -10.1427   0.0000   0.0000   0.0000   0.2153
  18.000   1.2783   0.08687   0.08362   0.0083  0.0135  1.0000  -10.0256   0.0000   0.0000   0.0000   0.2174
  18.250   1.2561   0.09444   0.09132   0.0044  0.0134  1.0000  -9.8908   0.0000   0.0000   0.0000   0.2198
  18.500   1.2334   0.10226   0.09926   0.0004  0.0134  1.0000  -9.7392   0.0000   0.0000   0.0000   0.2225
  18.750   1.2109   0.11016   0.10728  -0.0037  0.0134  1.0000  -9.5776   0.0000   0.0000   0.0000   0.2253
  19.000   1.1894   0.11811   0.11533  -0.0079  0.0133  1.0000  -9.4118   0.0000   0.0000   0.0000   0.2284
  19.250   1.1687   0.12601   0.12335  -0.0121  0.0133  1.0000  -9.2408   0.0000   0.0000   0.0000   0.2316
  19.500   1.1490   0.13393   0.13137  -0.0164  0.0132  1.0000  -9.0647   0.0000   0.0000   0.0000   0.2350
  19.750   1.1297   0.14201   0.13955  -0.0209  0.0132  1.0000  -8.8745   0.0000   0.0000   0.0000   0.2388
  20.000   1.1111   0.15014   0.14777  -0.0256  0.0131  1.0000  -8.6730   0.0000   0.0000   0.0000   0.2429


