xflr5 v6.61

 Calculated polar for: NACA 0012

 1 1 Reynolds number fixed          Mach number fixed         

 xtrf =   1.000 (top)        1.000 (bottom)
 Mach =   0.000     Re =     0.260 e 6     Ncrit =   9.000

  alpha     CL        CD       CDp       Cm    Top Xtr Bot Xtr   Cpmin    Chinge    XCp    
 ------- -------- --------- --------- -------- ------- ------- -------- --------- ---------
 -10.000  -1.0137   0.02563   0.01810  -0.0154  1.0000  0.0447  -4.8875   0.0000   0.0000   0.0000   0.2238
  -9.750  -0.9949   0.02458   0.01689  -0.0141  1.0000  0.0466  -4.7379   0.0000   0.0000   0.0000   0.2250
  -9.500  -0.9752   0.02357   0.01596  -0.0132  1.0000  0.0486  -4.5676   0.0000   0.0000   0.0000   0.2260
  -9.250  -0.9553   0.02273   0.01502  -0.0120  1.0000  0.0508  -4.4083   0.0000   0.0000   0.0000   0.2272
  -9.000  -0.9360   0.02171   0.01396  -0.0108  1.0000  0.0531  -4.2542   0.0000   0.0000   0.0000   0.2286
  -8.750  -0.9161   0.02097   0.01324  -0.0096  1.0000  0.0559  -4.0879   0.0000   0.0000   0.0000   0.2299
  -8.500  -0.8966   0.02016   0.01237  -0.0084  1.0000  0.0591  -3.9319   0.0000   0.0000   0.0000   0.2313
  -8.250  -0.8769   0.01946   0.01169  -0.0071  1.0000  0.0625  -3.7704   0.0000   0.0000   0.0000   0.2328
  -8.000  -0.8579   0.01868   0.01089  -0.0057  1.0000  0.0662  -3.6232   0.0000   0.0000   0.0000   0.2346
  -7.750  -0.8376   0.01811   0.01027  -0.0044  1.0000  0.0709  -3.4802   0.0000   0.0000   0.0000   0.2362
  -7.500  -0.8191   0.01740   0.00963  -0.0029  1.0000  0.0760  -3.3407   0.0000   0.0000   0.0000   0.2382
  -7.250  -0.8001   0.01676   0.00901  -0.0014  1.0000  0.0820  -3.2029   0.0000   0.0000   0.0000   0.2402
  -7.000  -0.7809   0.01615   0.00843   0.0001  1.0000  0.0890  -3.0656   0.0000   0.0000   0.0000   0.2423
  -6.750  -0.7614   0.01559   0.00790   0.0016  1.0000  0.0978  -2.9281   0.0000   0.0000   0.0000   0.2445
  -6.500  -0.7416   0.01507   0.00740   0.0030  1.0000  0.1089  -2.7913   0.0000   0.0000   0.0000   0.2467
  -6.250  -0.7226   0.01448   0.00693   0.0045  1.0000  0.1217  -2.6624   0.0000   0.0000   0.0000   0.2491
  -6.000  -0.7029   0.01396   0.00649   0.0059  1.0000  0.1383  -2.5392   0.0000   0.0000   0.0000   0.2515
  -5.750  -0.6831   0.01346   0.00610   0.0072  1.0000  0.1590  -2.4162   0.0000   0.0000   0.0000   0.2539
  -5.500  -0.6630   0.01300   0.00576   0.0085  1.0000  0.1841  -2.2932   0.0000   0.0000   0.0000   0.2564
  -5.250  -0.6428   0.01255   0.00546   0.0098  1.0000  0.2127  -2.1711   0.0000   0.0000   0.0000   0.2589
  -5.000  -0.6222   0.01215   0.00520   0.0109  1.0000  0.2441  -2.0531   0.0000   0.0000   0.0000   0.2615
  -4.750  -0.6012   0.01179   0.00499   0.0120  1.0000  0.2769  -1.9414   0.0000   0.0000   0.0000   0.2642
  -4.500  -0.5798   0.01148   0.00481   0.0131  1.0000  0.3108  -1.8305   0.0000   0.0000   0.0000   0.2669
  -4.250  -0.5582   0.01119   0.00467   0.0140  1.0000  0.3448  -1.7207   0.0000   0.0000   0.0000   0.2697
  -4.000  -0.5361   0.01095   0.00455   0.0149  1.0000  0.3787  -1.6171   0.0000   0.0000   0.0000   0.2726
  -3.750  -0.5135   0.01074   0.00448   0.0157  1.0000  0.4129  -1.5171   0.0000   0.0000   0.0000   0.2755
  -3.500  -0.4907   0.01056   0.00443   0.0165  1.0000  0.4465  -1.4185   0.0000   0.0000   0.0000   0.2786
  -3.250  -0.4659   0.01040   0.00441   0.0168  0.9995  0.4811  -1.3240   0.0000   0.0000   0.0000   0.2812
  -3.000  -0.4242   0.01019   0.00436   0.0137  0.9946  0.5219  -1.2028   0.0000   0.0000   0.0000   0.2776
  -2.750  -0.3831   0.00999   0.00432   0.0108  0.9890  0.5613  -1.0937   0.0000   0.0000   0.0000   0.2737
  -2.500  -0.3425   0.00980   0.00426   0.0081  0.9828  0.5995  -0.9926   0.0000   0.0000   0.0000   0.2693
  -2.250  -0.3026   0.00960   0.00421   0.0057  0.9765  0.6356  -0.9002   0.0000   0.0000   0.0000   0.2644
  -2.000  -0.2623   0.00941   0.00416   0.0033  0.9702  0.6707  -0.8153   0.0000   0.0000   0.0000   0.2580
  -1.750  -0.2207   0.00922   0.00410   0.0007  0.9645  0.7041  -0.7366   0.0000   0.0000   0.0000   0.2485
  -1.500  -0.1828   0.00904   0.00404  -0.0011  0.9567  0.7347  -0.6698   0.0000   0.0000   0.0000   0.2397
  -1.250  -0.1471   0.00886   0.00398  -0.0022  0.9477  0.7632  -0.6113   0.0000   0.0000   0.0000   0.2305
  -1.000  -0.1136   0.00871   0.00392  -0.0028  0.9375  0.7898  -0.5607   0.0000   0.0000   0.0000   0.2211
  -0.750  -0.0824   0.00858   0.00385  -0.0028  0.9257  0.8147  -0.5166   0.0000   0.0000   0.0000   0.2118
  -0.500  -0.0539   0.00849   0.00382  -0.0021  0.9116  0.8372  -0.4783   0.0000   0.0000   0.0000   0.2063
  -0.250  -0.0268   0.00843   0.00381  -0.0011  0.8951  0.8580  -0.4441   0.0000   0.0000   0.0000   0.2044
   0.000   0.0000   0.00840   0.00378  -0.0000  0.8784  0.8784  -0.4129   0.0000   0.0000   0.0000   0.4560
   0.250   0.0268   0.00843   0.00381   0.0011  0.8580  0.8951  -0.4441   0.0000   0.0000   0.0000   0.2044
   0.500   0.0539   0.00849   0.00382   0.0021  0.8372  0.9116  -0.4783   0.0000   0.0000   0.0000   0.2063
   0.750   0.0824   0.00858   0.00385   0.0028  0.8147  0.9257  -0.5166   0.0000   0.0000   0.0000   0.2118
   1.000   0.1136   0.00871   0.00392   0.0028  0.7898  0.9375  -0.5607   0.0000   0.0000   0.0000   0.2211
   1.250   0.1471   0.00886   0.00398   0.0022  0.7632  0.9478  -0.6113   0.0000   0.0000   0.0000   0.2305
   1.500   0.1828   0.00904   0.00404   0.0011  0.7347  0.9567  -0.6698   0.0000   0.0000   0.0000   0.2397
   1.750   0.2207   0.00922   0.00410  -0.0007  0.7041  0.9645  -0.7366   0.0000   0.0000   0.0000   0.2485
   2.000   0.2623   0.00941   0.00416  -0.0033  0.6707  0.9702  -0.8153   0.0000   0.0000   0.0000   0.2580
   2.250   0.3026   0.00960   0.00421  -0.0057  0.6356  0.9765  -0.9002   0.0000   0.0000   0.0000   0.2644
   2.500   0.3425   0.00980   0.00426  -0.0081  0.5995  0.9829  -0.9926   0.0000   0.0000   0.0000   0.2693
   2.750   0.3831   0.00999   0.00431  -0.0108  0.5613  0.9890  -1.0937   0.0000   0.0000   0.0000   0.2737
   3.000   0.4242   0.01019   0.00436  -0.0137  0.5219  0.9946  -1.2028   0.0000   0.0000   0.0000   0.2776
   3.250   0.4659   0.01040   0.00441  -0.0168  0.4811  0.9995  -1.3240   0.0000   0.0000   0.0000   0.2812
   3.500   0.4906   0.01056   0.00443  -0.0164  0.4465  1.0000  -1.4184   0.0000   0.0000   0.0000   0.2786
   3.750   0.5134   0.01074   0.00448  -0.0157  0.4130  1.0000  -1.5170   0.0000   0.0000   0.0000   0.2755
   4.000   0.5360   0.01095   0.00455  -0.0149  0.3787  1.0000  -1.6170   0.0000   0.0000   0.0000   0.2726
   4.250   0.5581   0.01119   0.00467  -0.0140  0.3448  1.0000  -1.7206   0.0000   0.0000   0.0000   0.2697
   4.500   0.5797   0.01148   0.00481  -0.0130  0.3108  1.0000  -1.8303   0.0000   0.0000   0.0000   0.2669
   4.750   0.6011   0.01179   0.00499  -0.0120  0.2769  1.0000  -1.9413   0.0000   0.0000   0.0000   0.2641
   5.000   0.6221   0.01215   0.00520  -0.0109  0.2441  1.0000  -2.0529   0.0000   0.0000   0.0000   0.2615
   5.250   0.6427   0.01255   0.00546  -0.0097  0.2127  1.0000  -2.1709   0.0000   0.0000   0.0000   0.2589
   5.500   0.6630   0.01300   0.00576  -0.0085  0.1841  1.0000  -2.2930   0.0000   0.0000   0.0000   0.2564
   5.750   0.6831   0.01346   0.00610  -0.0072  0.1590  1.0000  -2.4160   0.0000   0.0000   0.0000   0.2539
   6.000   0.7029   0.01396   0.00649  -0.0059  0.1384  1.0000  -2.5390   0.0000   0.0000   0.0000   0.2514
   6.250   0.7225   0.01448   0.00692  -0.0045  0.1217  1.0000  -2.6623   0.0000   0.0000   0.0000   0.2491
   6.500   0.7416   0.01507   0.00739  -0.0030  0.1089  1.0000  -2.7912   0.0000   0.0000   0.0000   0.2467
   6.750   0.7614   0.01559   0.00790  -0.0016  0.0979  1.0000  -2.9280   0.0000   0.0000   0.0000   0.2445
   7.000   0.7809   0.01615   0.00842  -0.0001  0.0890  1.0000  -3.0655   0.0000   0.0000   0.0000   0.2423
   7.250   0.8001   0.01676   0.00901   0.0014  0.0820  1.0000  -3.2028   0.0000   0.0000   0.0000   0.2402
   7.500   0.8191   0.01740   0.00963   0.0029  0.0760  1.0000  -3.3407   0.0000   0.0000   0.0000   0.2382
   7.750   0.8376   0.01811   0.01027   0.0044  0.0709  1.0000  -3.4802   0.0000   0.0000   0.0000   0.2362
   8.000   0.8579   0.01867   0.01089   0.0057  0.0662  1.0000  -3.6232   0.0000   0.0000   0.0000   0.2346
   8.250   0.8769   0.01946   0.01169   0.0071  0.0625  1.0000  -3.7704   0.0000   0.0000   0.0000   0.2328
   8.500   0.8966   0.02016   0.01237   0.0084  0.0591  1.0000  -3.9320   0.0000   0.0000   0.0000   0.2313
   8.750   0.9162   0.02097   0.01324   0.0096  0.0559  1.0000  -4.0880   0.0000   0.0000   0.0000   0.2299
   9.000   0.9360   0.02171   0.01396   0.0108  0.0531  1.0000  -4.2544   0.0000   0.0000   0.0000   0.2286
   9.250   0.9553   0.02273   0.01502   0.0120  0.0508  1.0000  -4.4086   0.0000   0.0000   0.0000   0.2273
   9.500   0.9753   0.02357   0.01595   0.0132  0.0485  1.0000  -4.5679   0.0000   0.0000   0.0000   0.2260
   9.750   0.9950   0.02458   0.01689   0.0141  0.0466  1.0000  -4.7383   0.0000   0.0000   0.0000   0.2250
  10.000   1.0138   0.02563   0.01810   0.0154  0.0447  1.0000  -4.8878   0.0000   0.0000   0.0000   0.2238
  10.250   1.0325   0.02653   0.01911   0.0165  0.0428  1.0000  -5.0490   0.0000   0.0000   0.0000   0.2226
  10.500   1.0518   0.02759   0.02014   0.0174  0.0414  1.0000  -5.2250   0.0000   0.0000   0.0000   0.2217
  10.750   1.0693   0.02909   0.02176   0.0186  0.0401  1.0000  -5.3848   0.0000   0.0000   0.0000   0.2206
  11.000   1.0850   0.03041   0.02331   0.0201  0.0389  1.0000  -5.5352   0.0000   0.0000   0.0000   0.2192
  11.250   1.1007   0.03172   0.02477   0.0214  0.0378  1.0000  -5.6960   0.0000   0.0000   0.0000   0.2179
  11.500   1.1163   0.03293   0.02604   0.0226  0.0367  1.0000  -5.8702   0.0000   0.0000   0.0000   0.2168
  11.750   1.1341   0.03491   0.02797   0.0232  0.0357  1.0000  -6.0499   0.0000   0.0000   0.0000   0.2162
  12.000   1.1382   0.03645   0.02989   0.0258  0.0349  1.0000  -6.1417   0.0000   0.0000   0.0000   0.2137
  12.250   1.1410   0.03823   0.03195   0.0283  0.0340  1.0000  -6.2300   0.0000   0.0000   0.0000   0.2112
  12.500   1.1420   0.04002   0.03394   0.0308  0.0333  1.0000  -6.3162   0.0000   0.0000   0.0000   0.2086
  12.750   1.1430   0.04193   0.03603   0.0330  0.0328  1.0000  -6.4041   0.0000   0.0000   0.0000   0.2064
  13.000   1.1449   0.04386   0.03809   0.0346  0.0323  1.0000  -6.5017   0.0000   0.0000   0.0000   0.2045
  13.250   1.1445   0.04602   0.04038   0.0360  0.0319  1.0000  -6.5868   0.0000   0.0000   0.0000   0.2029
  13.500   1.1441   0.04840   0.04286   0.0370  0.0315  1.0000  -6.6712   0.0000   0.0000   0.0000   0.2016
  13.750   1.1413   0.05137   0.04594   0.0376  0.0311  1.0000  -6.7313   0.0000   0.0000   0.0000   0.2006
  14.250   1.1112   0.05994   0.05495   0.0368  0.0308  1.0000  -6.6613   0.0000   0.0000   0.0000   0.1994
  14.500   1.0902   0.06527   0.06053   0.0346  0.0308  1.0000  -6.5760   0.0000   0.0000   0.0000   0.2002
  14.750   1.0674   0.07146   0.06694   0.0313  0.0308  1.0000  -6.4671   0.0000   0.0000   0.0000   0.2020
  15.000   1.0432   0.07852   0.07421   0.0271  0.0309  1.0000  -6.3333   0.0000   0.0000   0.0000   0.2049
  17.500   0.7620   0.20659   0.20311  -0.0445  0.0410  1.0000  -2.1783   0.0000   0.0000   0.0000   0.2892
  17.750   0.7609   0.21203   0.20853  -0.0487  0.0405  1.0000  -2.0369   0.0000   0.0000   0.0000   0.2946
  18.000   0.7627   0.21702   0.21351  -0.0530  0.0383  1.0000  -1.9086   0.0000   0.0000   0.0000   0.2999
  18.250   0.7707   0.22027   0.21676  -0.0548  0.0372  1.0000  -1.9256   0.0000   0.0000   0.0000   0.3011
  18.500   0.7799   0.22313   0.21962  -0.0561  0.0365  1.0000  -1.9734   0.0000   0.0000   0.0000   0.3015
  18.750   0.7909   0.22579   0.22230  -0.0566  0.0360  1.0000  -2.0619   0.0000   0.0000   0.0000   0.3007
  19.000   0.8071   0.22918   0.22571  -0.0553  0.0357  1.0000  -2.2249   0.0000   0.0000   0.0000   0.2972
  19.250   0.7995   0.23504   0.23153  -0.0636  0.0338  1.0000  -1.8723   0.0000   0.0000   0.0000   0.3081
  19.500   0.8077   0.23822   0.23472  -0.0656  0.0325  1.0000  -1.8969   0.0000   0.0000   0.0000   0.3094
  19.750   0.8166   0.24105   0.23755  -0.0672  0.0317  1.0000  -1.9505   0.0000   0.0000   0.0000   0.3099
  20.000   0.8265   0.24372   0.24023  -0.0682  0.0313  1.0000  -2.0328   0.0000   0.0000   0.0000   0.3097


