xflr5 v6.61

 Calculated polar for: NACA 0012

 1 1 Reynolds number fixed          Mach number fixed         

 xtrf =   1.000 (top)        1.000 (bottom)
 Mach =   0.000     Re =     0.540 e 6     Ncrit =   9.000

  alpha     CL        CD       CDp       Cm    Top Xtr Bot Xtr   Cpmin    Chinge    XCp    
 ------- -------- --------- --------- -------- ------- ------- -------- --------- ---------
 -10.000  -1.0504   0.01868   0.01220  -0.0098  1.0000  0.0321  -5.2654   0.0000   0.0000   0.0000   0.2295
  -9.750  -1.0302   0.01810   0.01159  -0.0087  1.0000  0.0334  -5.0758   0.0000   0.0000   0.0000   0.2307
  -9.500  -1.0091   0.01759   0.01102  -0.0077  1.0000  0.0349  -4.8879   0.0000   0.0000   0.0000   0.2319
  -9.250  -0.9896   0.01693   0.01032  -0.0064  1.0000  0.0364  -4.7119   0.0000   0.0000   0.0000   0.2333
  -9.000  -0.9693   0.01638   0.00977  -0.0053  1.0000  0.0383  -4.5276   0.0000   0.0000   0.0000   0.2347
  -8.750  -0.9475   0.01599   0.00932  -0.0042  1.0000  0.0404  -4.3417   0.0000   0.0000   0.0000   0.2360
  -8.500  -0.9285   0.01537   0.00871  -0.0028  1.0000  0.0426  -4.1710   0.0000   0.0000   0.0000   0.2377
  -8.250  -0.9075   0.01496   0.00828  -0.0016  1.0000  0.0451  -3.9926   0.0000   0.0000   0.0000   0.2392
  -8.000  -0.8876   0.01446   0.00776  -0.0002  1.0000  0.0479  -3.8234   0.0000   0.0000   0.0000   0.2410
  -7.750  -0.8665   0.01409   0.00737   0.0011  1.0000  0.0512  -3.6620   0.0000   0.0000   0.0000   0.2427
  -7.500  -0.8464   0.01363   0.00694   0.0024  1.0000  0.0550  -3.5081   0.0000   0.0000   0.0000   0.2446
  -7.250  -0.8257   0.01326   0.00656   0.0037  1.0000  0.0594  -3.3543   0.0000   0.0000   0.0000   0.2465
  -6.750  -0.7843   0.01253   0.00586   0.0064  1.0000  0.0706  -3.0522   0.0000   0.0000   0.0000   0.2506
  -6.500  -0.7636   0.01219   0.00555   0.0077  1.0000  0.0780  -2.9040   0.0000   0.0000   0.0000   0.2528
  -6.250  -0.7431   0.01183   0.00524   0.0090  1.0000  0.0870  -2.7585   0.0000   0.0000   0.0000   0.2551
  -6.000  -0.7222   0.01149   0.00497   0.0102  1.0000  0.0978  -2.6244   0.0000   0.0000   0.0000   0.2573
  -5.750  -0.7011   0.01118   0.00471   0.0114  1.0000  0.1111  -2.4928   0.0000   0.0000   0.0000   0.2597
  -5.500  -0.6798   0.01087   0.00448   0.0125  1.0000  0.1273  -2.3625   0.0000   0.0000   0.0000   0.2620
  -5.250  -0.6556   0.01055   0.00427   0.0130  0.9996  0.1470  -2.2266   0.0000   0.0000   0.0000   0.2637
  -5.000  -0.6188   0.01018   0.00403   0.0108  0.9973  0.1749  -2.0630   0.0000   0.0000   0.0000   0.2615
  -4.750  -0.5822   0.00981   0.00381   0.0087  0.9945  0.2058  -1.9140   0.0000   0.0000   0.0000   0.2591
  -4.500  -0.5454   0.00946   0.00362   0.0066  0.9918  0.2392  -1.7678   0.0000   0.0000   0.0000   0.2563
  -4.250  -0.5088   0.00912   0.00342   0.0045  0.9886  0.2741  -1.6283   0.0000   0.0000   0.0000   0.2532
  -4.000  -0.4721   0.00880   0.00325   0.0025  0.9854  0.3097  -1.4993   0.0000   0.0000   0.0000   0.2497
  -3.750  -0.4352   0.00849   0.00309   0.0004  0.9819  0.3454  -1.3739   0.0000   0.0000   0.0000   0.2455
  -3.500  -0.3982   0.00819   0.00294  -0.0016  0.9784  0.3806  -1.2592   0.0000   0.0000   0.0000   0.2405
  -3.000  -0.3275   0.00765   0.00265  -0.0049  0.9687  0.4483  -1.0533   0.0000   0.0000   0.0000   0.2299
  -2.750  -0.2943   0.00740   0.00253  -0.0059  0.9624  0.4807  -0.9652   0.0000   0.0000   0.0000   0.2247
  -2.500  -0.2636   0.00717   0.00240  -0.0063  0.9542  0.5116  -0.8863   0.0000   0.0000   0.0000   0.2208
  -2.250  -0.2354   0.00697   0.00230  -0.0062  0.9437  0.5413  -0.8165   0.0000   0.0000   0.0000   0.2187
  -2.000  -0.2085   0.00679   0.00221  -0.0057  0.9314  0.5702  -0.7535   0.0000   0.0000   0.0000   0.2176
  -1.750  -0.1821   0.00662   0.00212  -0.0051  0.9179  0.5987  -0.6961   0.0000   0.0000   0.0000   0.2171
  -1.500  -0.1559   0.00647   0.00204  -0.0044  0.9033  0.6266  -0.6436   0.0000   0.0000   0.0000   0.2168
  -1.250  -0.1300   0.00634   0.00198  -0.0037  0.8867  0.6540  -0.5964   0.0000   0.0000   0.0000   0.2170
  -1.000  -0.1041   0.00623   0.00192  -0.0029  0.8687  0.6810  -0.5530   0.0000   0.0000   0.0000   0.2173
  -0.750  -0.0781   0.00615   0.00188  -0.0022  0.8494  0.7076  -0.5136   0.0000   0.0000   0.0000   0.2174
  -0.500  -0.0521   0.00610   0.00184  -0.0014  0.8287  0.7335  -0.4775   0.0000   0.0000   0.0000   0.2176
  -0.250  -0.0260   0.00606   0.00183  -0.0007  0.8064  0.7591  -0.4442   0.0000   0.0000   0.0000   0.2167
   0.000  -0.0000   0.00605   0.00182   0.0000  0.7832  0.7832  -0.4136   0.0000   0.0000   0.0000   0.5122
   0.500   0.0521   0.00610   0.00184   0.0014  0.7336  0.8287  -0.4775   0.0000   0.0000   0.0000   0.2176
   0.750   0.0781   0.00615   0.00188   0.0022  0.7075  0.8494  -0.5136   0.0000   0.0000   0.0000   0.2174
   1.000   0.1041   0.00623   0.00192   0.0029  0.6810  0.8687  -0.5530   0.0000   0.0000   0.0000   0.2173
   1.250   0.1300   0.00634   0.00198   0.0037  0.6540  0.8867  -0.5964   0.0000   0.0000   0.0000   0.2170
   1.500   0.1559   0.00647   0.00204   0.0044  0.6266  0.9033  -0.6436   0.0000   0.0000   0.0000   0.2168
   1.750   0.1821   0.00662   0.00212   0.0051  0.5986  0.9179  -0.6961   0.0000   0.0000   0.0000   0.2171
   2.000   0.2085   0.00679   0.00221   0.0057  0.5702  0.9314  -0.7535   0.0000   0.0000   0.0000   0.2176
   2.250   0.2354   0.00697   0.00230   0.0062  0.5413  0.9437  -0.8165   0.0000   0.0000   0.0000   0.2187
   2.500   0.2636   0.00717   0.00240   0.0063  0.5116  0.9542  -0.8863   0.0000   0.0000   0.0000   0.2208
   2.750   0.2943   0.00740   0.00253   0.0059  0.4807  0.9624  -0.9652   0.0000   0.0000   0.0000   0.2247
   3.000   0.3275   0.00765   0.00265   0.0049  0.4483  0.9687  -1.0533   0.0000   0.0000   0.0000   0.2299
   3.500   0.3982   0.00819   0.00293   0.0016  0.3806  0.9784  -1.2592   0.0000   0.0000   0.0000   0.2405
   3.750   0.4352   0.00849   0.00309  -0.0004  0.3454  0.9819  -1.3739   0.0000   0.0000   0.0000   0.2455
   4.000   0.4721   0.00880   0.00325  -0.0025  0.3098  0.9854  -1.4993   0.0000   0.0000   0.0000   0.2497
   4.250   0.5088   0.00912   0.00342  -0.0045  0.2741  0.9886  -1.6283   0.0000   0.0000   0.0000   0.2532
   4.500   0.5454   0.00946   0.00361  -0.0066  0.2392  0.9919  -1.7678   0.0000   0.0000   0.0000   0.2563
   4.750   0.5822   0.00981   0.00381  -0.0087  0.2058  0.9946  -1.9141   0.0000   0.0000   0.0000   0.2591
   5.000   0.6188   0.01018   0.00403  -0.0108  0.1748  0.9974  -2.0630   0.0000   0.0000   0.0000   0.2615
   5.250   0.6557   0.01055   0.00427  -0.0130  0.1470  0.9996  -2.2267   0.0000   0.0000   0.0000   0.2637
   5.500   0.6798   0.01087   0.00448  -0.0125  0.1273  1.0000  -2.3623   0.0000   0.0000   0.0000   0.2620
   5.750   0.7011   0.01117   0.00471  -0.0114  0.1111  1.0000  -2.4926   0.0000   0.0000   0.0000   0.2597
   6.000   0.7221   0.01149   0.00497  -0.0102  0.0979  1.0000  -2.6242   0.0000   0.0000   0.0000   0.2573
   6.250   0.7430   0.01183   0.00524  -0.0090  0.0870  1.0000  -2.7583   0.0000   0.0000   0.0000   0.2550
   6.500   0.7636   0.01219   0.00555  -0.0077  0.0780  1.0000  -2.9038   0.0000   0.0000   0.0000   0.2528
   6.750   0.7843   0.01253   0.00586  -0.0064  0.0706  1.0000  -3.0519   0.0000   0.0000   0.0000   0.2506
   7.250   0.8256   0.01326   0.00656  -0.0037  0.0594  1.0000  -3.3541   0.0000   0.0000   0.0000   0.2465
   7.500   0.8464   0.01363   0.00694  -0.0024  0.0550  1.0000  -3.5079   0.0000   0.0000   0.0000   0.2446
   7.750   0.8665   0.01409   0.00737  -0.0011  0.0512  1.0000  -3.6619   0.0000   0.0000   0.0000   0.2427
   8.000   0.8876   0.01446   0.00776   0.0002  0.0479  1.0000  -3.8232   0.0000   0.0000   0.0000   0.2410
   8.250   0.9075   0.01496   0.00828   0.0016  0.0451  1.0000  -3.9925   0.0000   0.0000   0.0000   0.2392
   8.500   0.9285   0.01537   0.00871   0.0028  0.0426  1.0000  -4.1710   0.0000   0.0000   0.0000   0.2377
   8.750   0.9475   0.01599   0.00932   0.0042  0.0404  1.0000  -4.3417   0.0000   0.0000   0.0000   0.2360
   9.000   0.9693   0.01638   0.00977   0.0053  0.0383  1.0000  -4.5277   0.0000   0.0000   0.0000   0.2347
   9.250   0.9896   0.01693   0.01032   0.0064  0.0364  1.0000  -4.7121   0.0000   0.0000   0.0000   0.2333
   9.500   1.0091   0.01759   0.01102   0.0077  0.0349  1.0000  -4.8881   0.0000   0.0000   0.0000   0.2319
   9.750   1.0302   0.01810   0.01159   0.0087  0.0334  1.0000  -5.0760   0.0000   0.0000   0.0000   0.2307
  10.000   1.0505   0.01868   0.01220   0.0098  0.0321  1.0000  -5.2657   0.0000   0.0000   0.0000   0.2296
  10.250   1.0663   0.01969   0.01320   0.0114  0.0308  1.0000  -5.4291   0.0000   0.0000   0.0000   0.2279
  10.500   1.0871   0.02022   0.01383   0.0124  0.0298  1.0000  -5.6200   0.0000   0.0000   0.0000   0.2268
  10.750   1.1069   0.02082   0.01450   0.0135  0.0287  1.0000  -5.8254   0.0000   0.0000   0.0000   0.2257
  11.000   1.1257   0.02146   0.01518   0.0146  0.0276  1.0000  -6.0370   0.0000   0.0000   0.0000   0.2246
  11.250   1.1402   0.02248   0.01620   0.0162  0.0267  1.0000  -6.2235   0.0000   0.0000   0.0000   0.2230
  11.500   1.1552   0.02344   0.01725   0.0178  0.0260  1.0000  -6.4073   0.0000   0.0000   0.0000   0.2215
  11.750   1.1714   0.02422   0.01815   0.0192  0.0253  1.0000  -6.6026   0.0000   0.0000   0.0000   0.2201
  12.000   1.1854   0.02506   0.01909   0.0209  0.0246  1.0000  -6.7896   0.0000   0.0000   0.0000   0.2185
  12.250   1.1967   0.02594   0.02003   0.0229  0.0240  1.0000  -6.9681   0.0000   0.0000   0.0000   0.2166
  12.500   1.2071   0.02689   0.02104   0.0249  0.0235  1.0000  -7.1445   0.0000   0.0000   0.0000   0.2148
  12.750   1.2157   0.02804   0.02223   0.0267  0.0230  1.0000  -7.3115   0.0000   0.0000   0.0000   0.2129
  13.000   1.2196   0.02972   0.02397   0.0288  0.0225  1.0000  -7.4413   0.0000   0.0000   0.0000   0.2109
  13.250   1.2237   0.03147   0.02585   0.0305  0.0221  1.0000  -7.5649   0.0000   0.0000   0.0000   0.2092
  13.500   1.2308   0.03293   0.02745   0.0317  0.0218  1.0000  -7.7133   0.0000   0.0000   0.0000   0.2079
  13.750   1.2365   0.03461   0.02927   0.0326  0.0214  1.0000  -7.8528   0.0000   0.0000   0.0000   0.2068
  14.000   1.2409   0.03652   0.03130   0.0332  0.0210  1.0000  -7.9847   0.0000   0.0000   0.0000   0.2060
  14.250   1.2444   0.03864   0.03355   0.0335  0.0206  1.0000  -8.1108   0.0000   0.0000   0.0000   0.2053
  14.500   1.2470   0.04098   0.03600   0.0334  0.0202  1.0000  -8.2315   0.0000   0.0000   0.0000   0.2049
  14.750   1.2486   0.04357   0.03869   0.0330  0.0199  1.0000  -8.3458   0.0000   0.0000   0.0000   0.2048
  15.000   1.2491   0.04644   0.04167   0.0322  0.0196  1.0000  -8.4495   0.0000   0.0000   0.0000   0.2049
  15.250   1.2479   0.04964   0.04496   0.0312  0.0194  1.0000  -8.5383   0.0000   0.0000   0.0000   0.2051
  15.500   1.2447   0.05322   0.04864   0.0299  0.0192  1.0000  -8.6079   0.0000   0.0000   0.0000   0.2056
  15.750   1.2389   0.05724   0.05276   0.0283  0.0190  1.0000  -8.6516   0.0000   0.0000   0.0000   0.2062
  16.000   1.2297   0.06184   0.05748   0.0264  0.0188  1.0000  -8.6601   0.0000   0.0000   0.0000   0.2070
  16.250   1.2159   0.06714   0.06293   0.0241  0.0186  1.0000  -8.6247   0.0000   0.0000   0.0000   0.2080
  16.500   1.1974   0.07337   0.06932   0.0213  0.0185  1.0000  -8.5421   0.0000   0.0000   0.0000   0.2095
  16.750   1.1836   0.07938   0.07549   0.0179  0.0184  1.0000  -8.4960   0.0000   0.0000   0.0000   0.2116
  17.000   1.1676   0.08598   0.08225   0.0141  0.0184  1.0000  -8.4207   0.0000   0.0000   0.0000   0.2141
  17.250   1.1494   0.09320   0.08963   0.0099  0.0183  1.0000  -8.3134   0.0000   0.0000   0.0000   0.2170
  17.500   1.1285   0.10110   0.09770   0.0053  0.0183  1.0000  -8.1675   0.0000   0.0000   0.0000   0.2204
  17.750   1.1048   0.10987   0.10663   0.0001  0.0183  1.0000  -7.9748   0.0000   0.0000   0.0000   0.2245
  18.000   1.0770   0.11980   0.11673  -0.0058  0.0183  1.0000  -7.7152   0.0000   0.0000   0.0000   0.2295
  18.250   1.0415   0.13184   0.12896  -0.0129  0.0184  1.0000  -7.3328   0.0000   0.0000   0.0000   0.2363
  18.500   0.9843   0.15019   0.14756  -0.0240  0.0186  1.0000  -6.5957   0.0000   0.0000   0.0000   0.2482


