xflr5 v6.61

 Calculated polar for: NACA 0009

 1 1 Reynolds number fixed          Mach number fixed         

 xtrf =   1.000 (top)        1.000 (bottom)
 Mach =   0.000     Re =     0.300 e 6     Ncrit =   9.000

  alpha     CL        CD       CDp       Cm    Top Xtr Bot Xtr   Cpmin    Chinge    XCp    
 ------- -------- --------- --------- -------- ------- ------- -------- --------- ---------
 -10.000  -0.8735   0.05752   0.05412  -0.0206  1.0000  0.0297  -4.5777   0.0000   0.0000   0.0000   0.2184
  -9.750  -0.9279   0.04442   0.04015  -0.0182  1.0000  0.0244  -5.3464   0.0000   0.0000   0.0000   0.2222
  -9.500  -0.9443   0.03649   0.03132  -0.0151  1.0000  0.0233  -5.7119   0.0000   0.0000   0.0000   0.2259
  -9.250  -0.9344   0.03321   0.02764  -0.0135  1.0000  0.0236  -5.6585   0.0000   0.0000   0.0000   0.2276
  -9.000  -0.9200   0.03060   0.02469  -0.0122  1.0000  0.0240  -5.5456   0.0000   0.0000   0.0000   0.2291
  -8.750  -0.9034   0.02821   0.02194  -0.0109  1.0000  0.0246  -5.4184   0.0000   0.0000   0.0000   0.2305
  -8.500  -0.8847   0.02620   0.01954  -0.0097  1.0000  0.0257  -5.2733   0.0000   0.0000   0.0000   0.2318
  -8.250  -0.8648   0.02430   0.01731  -0.0086  1.0000  0.0269  -5.1029   0.0000   0.0000   0.0000   0.2330
  -8.000  -0.8425   0.02305   0.01602  -0.0080  1.0000  0.0281  -4.8585   0.0000   0.0000   0.0000   0.2337
  -7.750  -0.8197   0.02174   0.01457  -0.0072  1.0000  0.0293  -4.6464   0.0000   0.0000   0.0000   0.2346
  -7.500  -0.7964   0.02057   0.01314  -0.0063  1.0000  0.0307  -4.4716   0.0000   0.0000   0.0000   0.2357
  -7.250  -0.7740   0.01918   0.01176  -0.0056  1.0000  0.0322  -4.2825   0.0000   0.0000   0.0000   0.2366
  -7.000  -0.7502   0.01842   0.01092  -0.0050  1.0000  0.0346  -4.0726   0.0000   0.0000   0.0000   0.2375
  -6.750  -0.7274   0.01740   0.00986  -0.0042  1.0000  0.0369  -3.8797   0.0000   0.0000   0.0000   0.2386
  -6.500  -0.7039   0.01662   0.00905  -0.0034  1.0000  0.0396  -3.6790   0.0000   0.0000   0.0000   0.2397
  -6.250  -0.6812   0.01572   0.00815  -0.0026  1.0000  0.0425  -3.4865   0.0000   0.0000   0.0000   0.2410
  -6.000  -0.6577   0.01506   0.00745  -0.0018  1.0000  0.0468  -3.2855   0.0000   0.0000   0.0000   0.2422
  -5.750  -0.6342   0.01444   0.00681  -0.0010  1.0000  0.0518  -3.0847   0.0000   0.0000   0.0000   0.2435
  -5.500  -0.6111   0.01377   0.00616  -0.0002  1.0000  0.0580  -2.9069   0.0000   0.0000   0.0000   0.2450
  -5.250  -0.5883   0.01309   0.00556   0.0006  1.0000  0.0666  -2.7352   0.0000   0.0000   0.0000   0.2466
  -5.000  -0.5651   0.01251   0.00501   0.0015  1.0000  0.0791  -2.5649   0.0000   0.0000   0.0000   0.2483
  -4.750  -0.5421   0.01189   0.00452   0.0023  1.0000  0.0995  -2.3951   0.0000   0.0000   0.0000   0.2501
  -4.500  -0.5195   0.01124   0.00408   0.0031  1.0000  0.1355  -2.2268   0.0000   0.0000   0.0000   0.2520
  -4.250  -0.4970   0.01059   0.00372   0.0038  1.0000  0.1918  -2.0607   0.0000   0.0000   0.0000   0.2539
  -4.000  -0.4742   0.01002   0.00344   0.0046  1.0000  0.2573  -1.9099   0.0000   0.0000   0.0000   0.2560
  -3.750  -0.4513   0.00952   0.00322   0.0053  1.0000  0.3233  -1.7603   0.0000   0.0000   0.0000   0.2582
  -3.500  -0.4281   0.00909   0.00304   0.0060  1.0000  0.3878  -1.6129   0.0000   0.0000   0.0000   0.2607
  -3.250  -0.4049   0.00870   0.00290   0.0068  1.0000  0.4495  -1.4723   0.0000   0.0000   0.0000   0.2636
  -3.000  -0.3814   0.00837   0.00279   0.0076  1.0000  0.5089  -1.3444   0.0000   0.0000   0.0000   0.2668
  -2.750  -0.3578   0.00807   0.00272   0.0084  1.0000  0.5661  -1.2190   0.0000   0.0000   0.0000   0.2706
  -2.500  -0.3340   0.00782   0.00268   0.0093  1.0000  0.6214  -1.1033   0.0000   0.0000   0.0000   0.2749
  -2.250  -0.3102   0.00760   0.00266   0.0102  1.0000  0.6752  -0.9946   0.0000   0.0000   0.0000   0.2800
  -2.000  -0.2864   0.00742   0.00269   0.0111  1.0000  0.7269  -0.8949   0.0000   0.0000   0.0000   0.2863
  -1.750  -0.2627   0.00729   0.00275   0.0122  1.0000  0.7760  -0.8019   0.0000   0.0000   0.0000   0.2939
  -1.500  -0.2392   0.00722   0.00285   0.0134  1.0000  0.8219  -0.7182   0.0000   0.0000   0.0000   0.3036
  -1.250  -0.2165   0.00723   0.00297   0.0148  1.0000  0.8646  -0.6438   0.0000   0.0000   0.0000   0.3160
  -1.000  -0.1884   0.00729   0.00311   0.0151  0.9980  0.9026  -0.5703   0.0000   0.0000   0.0000   0.3279
  -0.750  -0.1459   0.00736   0.00321   0.0124  0.9920  0.9314  -0.4900   0.0000   0.0000   0.0000   0.3330
  -0.500  -0.0997   0.00744   0.00328   0.0088  0.9865  0.9519  -0.4199   0.0000   0.0000   0.0000   0.3367
  -0.250  -0.0506   0.00748   0.00332   0.0046  0.9810  0.9657  -0.3603   0.0000   0.0000   0.0000   0.3388
   0.000   0.0000   0.00750   0.00333   0.0000  0.9746  0.9746  -0.3103   0.0000   0.0000   0.0000   0.1337
   0.250   0.0506   0.00748   0.00332  -0.0046  0.9657  0.9810  -0.3603   0.0000   0.0000   0.0000   0.3388
   0.500   0.0997   0.00744   0.00328  -0.0088  0.9519  0.9865  -0.4199   0.0000   0.0000   0.0000   0.3367
   0.750   0.1459   0.00736   0.00321  -0.0124  0.9314  0.9920  -0.4900   0.0000   0.0000   0.0000   0.3330
   1.000   0.1884   0.00729   0.00311  -0.0151  0.9026  0.9980  -0.5703   0.0000   0.0000   0.0000   0.3279
   1.250   0.2165   0.00723   0.00297  -0.0148  0.8645  1.0000  -0.6437   0.0000   0.0000   0.0000   0.3160
   1.500   0.2392   0.00722   0.00285  -0.0134  0.8220  1.0000  -0.7182   0.0000   0.0000   0.0000   0.3036
   1.750   0.2626   0.00729   0.00275  -0.0122  0.7760  1.0000  -0.8018   0.0000   0.0000   0.0000   0.2939
   2.000   0.2864   0.00741   0.00269  -0.0111  0.7269  1.0000  -0.8948   0.0000   0.0000   0.0000   0.2863
   2.250   0.3102   0.00760   0.00266  -0.0101  0.6752  1.0000  -0.9946   0.0000   0.0000   0.0000   0.2800
   2.500   0.3340   0.00781   0.00268  -0.0093  0.6215  1.0000  -1.1033   0.0000   0.0000   0.0000   0.2749
   2.750   0.3577   0.00807   0.00272  -0.0084  0.5661  1.0000  -1.2189   0.0000   0.0000   0.0000   0.2706
   3.000   0.3814   0.00837   0.00279  -0.0076  0.5089  1.0000  -1.3443   0.0000   0.0000   0.0000   0.2668
   3.250   0.4048   0.00870   0.00290  -0.0068  0.4495  1.0000  -1.4722   0.0000   0.0000   0.0000   0.2636
   3.500   0.4281   0.00909   0.00304  -0.0060  0.3879  1.0000  -1.6128   0.0000   0.0000   0.0000   0.2607
   3.750   0.4512   0.00952   0.00322  -0.0053  0.3233  1.0000  -1.7602   0.0000   0.0000   0.0000   0.2582
   4.000   0.4742   0.01001   0.00343  -0.0046  0.2573  1.0000  -1.9098   0.0000   0.0000   0.0000   0.2559
   4.250   0.4969   0.01059   0.00372  -0.0038  0.1918  1.0000  -2.0606   0.0000   0.0000   0.0000   0.2539
   4.500   0.5194   0.01124   0.00408  -0.0031  0.1356  1.0000  -2.2267   0.0000   0.0000   0.0000   0.2519
   4.750   0.5421   0.01189   0.00452  -0.0023  0.0995  1.0000  -2.3950   0.0000   0.0000   0.0000   0.2500
   5.000   0.5650   0.01250   0.00501  -0.0015  0.0791  1.0000  -2.5648   0.0000   0.0000   0.0000   0.2483
   5.250   0.5883   0.01309   0.00556  -0.0006  0.0666  1.0000  -2.7351   0.0000   0.0000   0.0000   0.2466
   5.500   0.6111   0.01377   0.00616   0.0002  0.0580  1.0000  -2.9069   0.0000   0.0000   0.0000   0.2450
   5.750   0.6342   0.01444   0.00681   0.0010  0.0518  1.0000  -3.0847   0.0000   0.0000   0.0000   0.2435
   6.000   0.6577   0.01506   0.00744   0.0018  0.0468  1.0000  -3.2855   0.0000   0.0000   0.0000   0.2422
   6.250   0.6812   0.01572   0.00815   0.0026  0.0425  1.0000  -3.4865   0.0000   0.0000   0.0000   0.2410
   6.500   0.7039   0.01662   0.00905   0.0034  0.0396  1.0000  -3.6790   0.0000   0.0000   0.0000   0.2397
   6.750   0.7274   0.01740   0.00986   0.0042  0.0369  1.0000  -3.8797   0.0000   0.0000   0.0000   0.2386
   7.000   0.7502   0.01842   0.01092   0.0050  0.0346  1.0000  -4.0726   0.0000   0.0000   0.0000   0.2375
   7.250   0.7740   0.01918   0.01176   0.0056  0.0322  1.0000  -4.2826   0.0000   0.0000   0.0000   0.2366
   7.500   0.7964   0.02057   0.01314   0.0063  0.0307  1.0000  -4.4716   0.0000   0.0000   0.0000   0.2357
   7.750   0.8197   0.02174   0.01457   0.0072  0.0293  1.0000  -4.6465   0.0000   0.0000   0.0000   0.2346
   8.000   0.8425   0.02305   0.01602   0.0080  0.0281  1.0000  -4.8586   0.0000   0.0000   0.0000   0.2337
   8.250   0.8648   0.02430   0.01732   0.0086  0.0269  1.0000  -5.1030   0.0000   0.0000   0.0000   0.2330
   8.500   0.8847   0.02620   0.01954   0.0096  0.0257  1.0000  -5.2734   0.0000   0.0000   0.0000   0.2319
   8.750   0.9034   0.02822   0.02195   0.0109  0.0246  1.0000  -5.4186   0.0000   0.0000   0.0000   0.2305
   9.000   0.9201   0.03060   0.02469   0.0122  0.0240  1.0000  -5.5458   0.0000   0.0000   0.0000   0.2291
   9.250   0.9345   0.03321   0.02764   0.0135  0.0236  1.0000  -5.6588   0.0000   0.0000   0.0000   0.2277
   9.500   0.9443   0.03650   0.03133   0.0151  0.0233  1.0000  -5.7120   0.0000   0.0000   0.0000   0.2259
   9.750   0.9279   0.04444   0.04017   0.0182  0.0244  1.0000  -5.3455   0.0000   0.0000   0.0000   0.2223
  10.000   0.9145   0.05033   0.04650   0.0199  0.0253  1.0000  -5.1717   0.0000   0.0000   0.0000   0.2199
  10.250   0.9057   0.05465   0.05103   0.0210  0.0258  1.0000  -5.1262   0.0000   0.0000   0.0000   0.2183
  10.500   0.8967   0.05824   0.05473   0.0222  0.0261  1.0000  -5.1218   0.0000   0.0000   0.0000   0.2165
  10.750   0.7898   0.05001   0.04680   0.0283  0.0258  1.0000  -4.7492   0.0000   0.0000   0.0000   0.2056
  11.000   0.7668   0.05558   0.05248   0.0258  0.0259  1.0000  -4.6525   0.0000   0.0000   0.0000   0.2075
  11.250   0.7456   0.06203   0.05901   0.0223  0.0261  1.0000  -4.5503   0.0000   0.0000   0.0000   0.2108
  11.500   0.7308   0.06827   0.06528   0.0197  0.0263  1.0000  -4.4846   0.0000   0.0000   0.0000   0.2135
  12.750   0.5602   0.13010   0.12725  -0.0082  0.0411  1.0000  -2.0353   0.0000   0.0000   0.0000   0.2568
  13.000   0.5619   0.13345   0.13060  -0.0083  0.0407  1.0000  -2.0527   0.0000   0.0000   0.0000   0.2568
  13.250   0.5332   0.13886   0.13598  -0.0130  0.0395  1.0000  -1.6989   0.0000   0.0000   0.0000   0.2668
  13.500   0.5279   0.14153   0.13865  -0.0141  0.0382  1.0000  -1.6351   0.0000   0.0000   0.0000   0.2692
  13.750   0.5280   0.14395   0.14108  -0.0148  0.0372  1.0000  -1.6266   0.0000   0.0000   0.0000   0.2704
  14.000   0.5331   0.14605   0.14320  -0.0150  0.0363  1.0000  -1.6761   0.0000   0.0000   0.0000   0.2702
  14.250   0.5488   0.14803   0.14519  -0.0133  0.0356  1.0000  -1.8599   0.0000   0.0000   0.0000   0.2658
  14.500   0.5279   0.15226   0.14940  -0.0178  0.0349  1.0000  -1.5446   0.0000   0.0000   0.0000   0.2758
  14.750   0.5265   0.15519   0.15233  -0.0194  0.0330  1.0000  -1.4934   0.0000   0.0000   0.0000   0.2789
  15.000   0.5303   0.15751   0.15466  -0.0202  0.0319  1.0000  -1.5280   0.0000   0.0000   0.0000   0.2798
  15.250   0.5379   0.15967   0.15682  -0.0202  0.0313  1.0000  -1.6198   0.0000   0.0000   0.0000   0.2790
  15.500   0.5493   0.16263   0.15979  -0.0196  0.0308  1.0000  -1.7444   0.0000   0.0000   0.0000   0.2768
  15.750   0.5352   0.16607   0.16321  -0.0236  0.0303  1.0000  -1.4790   0.0000   0.0000   0.0000   0.2854
  16.000   0.5354   0.16910   0.16625  -0.0252  0.0289  1.0000  -1.4177   0.0000   0.0000   0.0000   0.2885
  16.250   0.5386   0.17172   0.16887  -0.0263  0.0279  1.0000  -1.4174   0.0000   0.0000   0.0000   0.2901
  16.500   0.5430   0.17414   0.17130  -0.0272  0.0272  1.0000  -1.4456   0.0000   0.0000   0.0000   0.2910
  16.750   0.5499   0.17649   0.17365  -0.0275  0.0267  1.0000  -1.5222   0.0000   0.0000   0.0000   0.2906
  17.000   0.5610   0.17981   0.17699  -0.0271  0.0264  1.0000  -1.6332   0.0000   0.0000   0.0000   0.2886
  17.250   0.5527   0.18263   0.17980  -0.0304  0.0261  1.0000  -1.4268   0.0000   0.0000   0.0000   0.2954
  17.500   0.5529   0.18577   0.18294  -0.0323  0.0251  1.0000  -1.3307   0.0000   0.0000   0.0000   0.2989
  17.750   0.5562   0.18854   0.18572  -0.0336  0.0242  1.0000  -1.3131   0.0000   0.0000   0.0000   0.3006
  18.000   0.5602   0.19112   0.18831  -0.0347  0.0234  1.0000  -1.3180   0.0000   0.0000   0.0000   0.3019
  18.250   0.5655   0.19349   0.19068  -0.0355  0.0228  1.0000  -1.3621   0.0000   0.0000   0.0000   0.3024
  18.500   0.5791   0.19672   0.19393  -0.0345  0.0223  1.0000  -1.5488   0.0000   0.0000   0.0000   0.2988
  18.750   0.5730   0.19934   0.19654  -0.0376  0.0221  1.0000  -1.3440   0.0000   0.0000   0.0000   0.3049
  19.000   0.5738   0.20253   0.19974  -0.0396  0.0212  1.0000  -1.2423   0.0000   0.0000   0.0000   0.3083
  19.250   0.5774   0.20538   0.20260  -0.0409  0.0204  1.0000  -1.2350   0.0000   0.0000   0.0000   0.3099
  19.500   0.5814   0.20810   0.20533  -0.0421  0.0197  1.0000  -1.2446   0.0000   0.0000   0.0000   0.3113
  19.750   0.5857   0.21071   0.20795  -0.0432  0.0192  1.0000  -1.2695   0.0000   0.0000   0.0000   0.3123
  20.000   0.5907   0.21326   0.21051  -0.0441  0.0188  1.0000  -1.3187   0.0000   0.0000   0.0000   0.3129


