xflr5 v6.61

 Calculated polar for: NACA 0012

 1 1 Reynolds number fixed          Mach number fixed         

 xtrf =   1.000 (top)        1.000 (bottom)
 Mach =   0.000     Re =     0.940 e 6     Ncrit =   9.000

  alpha     CL        CD       CDp       Cm    Top Xtr Bot Xtr   Cpmin    Chinge    XCp    
 ------- -------- --------- --------- -------- ------- ------- -------- --------- ---------
 -10.000  -1.0778   0.01545   0.00951  -0.0056  1.0000  0.0259  -5.4770   0.0000   0.0000   0.0000   0.2337
  -9.750  -1.0565   0.01496   0.00899  -0.0046  1.0000  0.0270  -5.2777   0.0000   0.0000   0.0000   0.2349
  -9.500  -1.0354   0.01447   0.00849  -0.0035  1.0000  0.0284  -5.0798   0.0000   0.0000   0.0000   0.2362
  -9.250  -1.0133   0.01411   0.00811  -0.0025  1.0000  0.0297  -4.8789   0.0000   0.0000   0.0000   0.2374
  -9.000  -0.9909   0.01382   0.00778  -0.0015  1.0000  0.0308  -4.6801   0.0000   0.0000   0.0000   0.2386
  -8.750  -0.9709   0.01331   0.00728  -0.0001  1.0000  0.0328  -4.4968   0.0000   0.0000   0.0000   0.2403
  -8.500  -0.9492   0.01299   0.00694   0.0010  1.0000  0.0346  -4.3057   0.0000   0.0000   0.0000   0.2417
  -8.250  -0.9279   0.01266   0.00659   0.0022  1.0000  0.0366  -4.1207   0.0000   0.0000   0.0000   0.2433
  -8.000  -0.9068   0.01232   0.00627   0.0035  1.0000  0.0391  -3.9381   0.0000   0.0000   0.0000   0.2451
  -7.750  -0.8855   0.01204   0.00596   0.0047  1.0000  0.0416  -3.7668   0.0000   0.0000   0.0000   0.2468
  -7.500  -0.8648   0.01171   0.00566   0.0060  1.0000  0.0446  -3.6049   0.0000   0.0000   0.0000   0.2488
  -7.250  -0.8437   0.01143   0.00537   0.0073  1.0000  0.0479  -3.4451   0.0000   0.0000   0.0000   0.2507
  -7.000  -0.8225   0.01118   0.00513   0.0086  1.0000  0.0517  -3.2861   0.0000   0.0000   0.0000   0.2527
  -6.750  -0.8016   0.01089   0.00487   0.0099  1.0000  0.0567  -3.1310   0.0000   0.0000   0.0000   0.2548
  -6.000  -0.7017   0.00996   0.00408   0.0059  0.9956  0.0822  -2.5837   0.0000   0.0000   0.0000   0.2515
  -5.750  -0.6669   0.00964   0.00383   0.0042  0.9939  0.0953  -2.4139   0.0000   0.0000   0.0000   0.2496
  -5.500  -0.6322   0.00932   0.00360   0.0026  0.9920  0.1107  -2.2484   0.0000   0.0000   0.0000   0.2476
  -5.250  -0.5980   0.00899   0.00337   0.0011  0.9895  0.1297  -2.0879   0.0000   0.0000   0.0000   0.2454
  -5.000  -0.5625   0.00867   0.00315  -0.0007  0.9877  0.1516  -1.9391   0.0000   0.0000   0.0000   0.2425
  -4.750  -0.5283   0.00834   0.00294  -0.0022  0.9849  0.1762  -1.7977   0.0000   0.0000   0.0000   0.2397
  -4.500  -0.4939   0.00802   0.00275  -0.0038  0.9821  0.2031  -1.6588   0.0000   0.0000   0.0000   0.2364
  -4.250  -0.4613   0.00771   0.00257  -0.0049  0.9780  0.2313  -1.5367   0.0000   0.0000   0.0000   0.2336
  -4.000  -0.4296   0.00743   0.00240  -0.0057  0.9731  0.2602  -1.4192   0.0000   0.0000   0.0000   0.2310
  -3.750  -0.4009   0.00716   0.00226  -0.0059  0.9656  0.2886  -1.3147   0.0000   0.0000   0.0000   0.2297
  -3.500  -0.3731   0.00692   0.00212  -0.0057  0.9570  0.3171  -1.2172   0.0000   0.0000   0.0000   0.2291
  -3.250  -0.3462   0.00671   0.00199  -0.0054  0.9471  0.3453  -1.1271   0.0000   0.0000   0.0000   0.2289
  -3.000  -0.3198   0.00651   0.00188  -0.0050  0.9360  0.3734  -1.0421   0.0000   0.0000   0.0000   0.2292
  -2.750  -0.2936   0.00633   0.00178  -0.0045  0.9234  0.4012  -0.9644   0.0000   0.0000   0.0000   0.2296
  -2.000  -0.2146   0.00590   0.00151  -0.0030  0.8769  0.4846  -0.7599   0.0000   0.0000   0.0000   0.2311
  -1.750  -0.1879   0.00578   0.00144  -0.0026  0.8583  0.5122  -0.7018   0.0000   0.0000   0.0000   0.2314
  -1.500  -0.1613   0.00569   0.00138  -0.0022  0.8389  0.5396  -0.6485   0.0000   0.0000   0.0000   0.2318
  -1.250  -0.1345   0.00562   0.00133  -0.0018  0.8177  0.5667  -0.5999   0.0000   0.0000   0.0000   0.2320
  -1.000  -0.1076   0.00556   0.00129  -0.0014  0.7958  0.5936  -0.5556   0.0000   0.0000   0.0000   0.2322
  -0.750  -0.0808   0.00552   0.00125  -0.0010  0.7727  0.6201  -0.5154   0.0000   0.0000   0.0000   0.2325
  -0.500  -0.0538   0.00548   0.00123  -0.0007  0.7485  0.6466  -0.4785   0.0000   0.0000   0.0000   0.2324
  -0.250  -0.0268   0.00547   0.00121  -0.0004  0.7238  0.6729  -0.4447   0.0000   0.0000   0.0000   0.2319
   0.000   0.0000   0.00546   0.00121  -0.0000  0.6987  0.6987  -0.4136   0.0000   0.0000   0.0000   0.4690
   0.250   0.0268   0.00547   0.00121   0.0004  0.6729  0.7238  -0.4447   0.0000   0.0000   0.0000   0.2319
   0.500   0.0538   0.00548   0.00123   0.0007  0.6466  0.7485  -0.4785   0.0000   0.0000   0.0000   0.2324
   0.750   0.0808   0.00552   0.00125   0.0010  0.6201  0.7727  -0.5154   0.0000   0.0000   0.0000   0.2325
   1.000   0.1076   0.00556   0.00129   0.0014  0.5936  0.7958  -0.5556   0.0000   0.0000   0.0000   0.2322
   1.250   0.1345   0.00562   0.00133   0.0018  0.5667  0.8177  -0.5999   0.0000   0.0000   0.0000   0.2320
   1.500   0.1613   0.00569   0.00138   0.0022  0.5396  0.8389  -0.6485   0.0000   0.0000   0.0000   0.2318
   1.750   0.1879   0.00578   0.00144   0.0026  0.5122  0.8583  -0.7018   0.0000   0.0000   0.0000   0.2314
   2.000   0.2146   0.00590   0.00151   0.0030  0.4846  0.8769  -0.7599   0.0000   0.0000   0.0000   0.2311
   2.250   0.2410   0.00602   0.00159   0.0035  0.4569  0.8935  -0.8230   0.0000   0.0000   0.0000   0.2306
   2.750   0.2936   0.00633   0.00178   0.0045  0.4012  0.9233  -0.9644   0.0000   0.0000   0.0000   0.2296
   3.000   0.3198   0.00651   0.00188   0.0050  0.3734  0.9360  -1.0421   0.0000   0.0000   0.0000   0.2292
   3.250   0.3462   0.00671   0.00199   0.0054  0.3453  0.9471  -1.1271   0.0000   0.0000   0.0000   0.2289
   3.500   0.3732   0.00692   0.00212   0.0057  0.3171  0.9570  -1.2172   0.0000   0.0000   0.0000   0.2291
   3.750   0.4009   0.00716   0.00226   0.0059  0.2886  0.9656  -1.3147   0.0000   0.0000   0.0000   0.2297
   4.000   0.4296   0.00743   0.00240   0.0057  0.2602  0.9731  -1.4192   0.0000   0.0000   0.0000   0.2310
   4.250   0.4613   0.00771   0.00257   0.0049  0.2313  0.9780  -1.5367   0.0000   0.0000   0.0000   0.2336
   4.500   0.4939   0.00802   0.00275   0.0038  0.2031  0.9821  -1.6589   0.0000   0.0000   0.0000   0.2364
   4.750   0.5283   0.00834   0.00294   0.0022  0.1762  0.9850  -1.7977   0.0000   0.0000   0.0000   0.2397
   5.000   0.5625   0.00867   0.00315   0.0007  0.1516  0.9877  -1.9392   0.0000   0.0000   0.0000   0.2425
   5.250   0.5980   0.00899   0.00337  -0.0011  0.1297  0.9895  -2.0879   0.0000   0.0000   0.0000   0.2454
   5.500   0.6322   0.00932   0.00360  -0.0026  0.1107  0.9920  -2.2485   0.0000   0.0000   0.0000   0.2476
   5.750   0.6669   0.00964   0.00383  -0.0042  0.0953  0.9939  -2.4140   0.0000   0.0000   0.0000   0.2496
   6.000   0.7018   0.00995   0.00408  -0.0059  0.0822  0.9957  -2.5837   0.0000   0.0000   0.0000   0.2515
   6.250   0.7360   0.01029   0.00434  -0.0074  0.0714  0.9976  -2.7563   0.0000   0.0000   0.0000   0.2530
   6.500   0.7710   0.01059   0.00460  -0.0091  0.0632  0.9990  -2.9483   0.0000   0.0000   0.0000   0.2546
   6.750   0.8015   0.01089   0.00487  -0.0099  0.0567  1.0000  -3.1307   0.0000   0.0000   0.0000   0.2548
   7.000   0.8224   0.01117   0.00513  -0.0086  0.0517  1.0000  -3.2859   0.0000   0.0000   0.0000   0.2527
   7.250   0.8437   0.01143   0.00537  -0.0073  0.0479  1.0000  -3.4448   0.0000   0.0000   0.0000   0.2507
   7.500   0.8647   0.01171   0.00566  -0.0060  0.0446  1.0000  -3.6046   0.0000   0.0000   0.0000   0.2487
   7.750   0.8855   0.01203   0.00596  -0.0047  0.0416  1.0000  -3.7666   0.0000   0.0000   0.0000   0.2468
   8.000   0.9068   0.01232   0.00627  -0.0034  0.0391  1.0000  -3.9378   0.0000   0.0000   0.0000   0.2450
   8.250   0.9278   0.01266   0.00659  -0.0022  0.0366  1.0000  -4.1205   0.0000   0.0000   0.0000   0.2433
   8.500   0.9491   0.01299   0.00694  -0.0010  0.0346  1.0000  -4.3055   0.0000   0.0000   0.0000   0.2417
   8.750   0.9709   0.01331   0.00728   0.0002  0.0328  1.0000  -4.4967   0.0000   0.0000   0.0000   0.2403
   9.000   0.9909   0.01382   0.00777   0.0015  0.0308  1.0000  -4.6800   0.0000   0.0000   0.0000   0.2386
   9.250   1.0133   0.01411   0.00811   0.0025  0.0297  1.0000  -4.8789   0.0000   0.0000   0.0000   0.2374
   9.500   1.0354   0.01447   0.00849   0.0035  0.0284  1.0000  -5.0798   0.0000   0.0000   0.0000   0.2362
   9.750   1.0565   0.01496   0.00898   0.0046  0.0270  1.0000  -5.2778   0.0000   0.0000   0.0000   0.2349
  10.000   1.0779   0.01545   0.00951   0.0056  0.0259  1.0000  -5.4772   0.0000   0.0000   0.0000   0.2337
  10.250   1.1006   0.01582   0.00992   0.0064  0.0249  1.0000  -5.6896   0.0000   0.0000   0.0000   0.2328
  10.500   1.1229   0.01624   0.01037   0.0072  0.0239  1.0000  -5.9032   0.0000   0.0000   0.0000   0.2318
  10.750   1.1435   0.01681   0.01096   0.0082  0.0230  1.0000  -6.1233   0.0000   0.0000   0.0000   0.2307
  11.000   1.1622   0.01756   0.01176   0.0095  0.0221  1.0000  -6.3334   0.0000   0.0000   0.0000   0.2294
  11.250   1.1840   0.01801   0.01226   0.0103  0.0215  1.0000  -6.5689   0.0000   0.0000   0.0000   0.2285
  11.500   1.2049   0.01852   0.01283   0.0112  0.0209  1.0000  -6.8025   0.0000   0.0000   0.0000   0.2275
  11.750   1.2252   0.01907   0.01342   0.0122  0.0203  1.0000  -7.0373   0.0000   0.0000   0.0000   0.2265
  12.000   1.2445   0.01967   0.01406   0.0133  0.0197  1.0000  -7.2706   0.0000   0.0000   0.0000   0.2255
  12.250   1.2609   0.02047   0.01490   0.0147  0.0191  1.0000  -7.4868   0.0000   0.0000   0.0000   0.2241
  12.500   1.2716   0.02165   0.01616   0.0167  0.0184  1.0000  -7.6624   0.0000   0.0000   0.0000   0.2222
  12.750   1.2899   0.02221   0.01679   0.0179  0.0181  1.0000  -7.8979   0.0000   0.0000   0.0000   0.2211
  13.000   1.3050   0.02284   0.01749   0.0195  0.0177  1.0000  -8.1177   0.0000   0.0000   0.0000   0.2196
  13.250   1.3178   0.02355   0.01827   0.0214  0.0173  1.0000  -8.3265   0.0000   0.0000   0.0000   0.2179
  13.500   1.3295   0.02437   0.01916   0.0232  0.0169  1.0000  -8.5303   0.0000   0.0000   0.0000   0.2163
  13.750   1.3401   0.02530   0.02016   0.0249  0.0166  1.0000  -8.7282   0.0000   0.0000   0.0000   0.2147
  14.000   1.3498   0.02635   0.02128   0.0265  0.0163  1.0000  -8.9214   0.0000   0.0000   0.0000   0.2132
  14.250   1.3575   0.02761   0.02260   0.0280  0.0160  1.0000  -9.1022   0.0000   0.0000   0.0000   0.2118
  14.500   1.3617   0.02922   0.02429   0.0294  0.0157  1.0000  -9.2574   0.0000   0.0000   0.0000   0.2103
  14.750   1.3608   0.03143   0.02659   0.0305  0.0154  1.0000  -9.3701   0.0000   0.0000   0.0000   0.2090
  15.000   1.3525   0.03457   0.02987   0.0312  0.0151  1.0000  -9.4188   0.0000   0.0000   0.0000   0.2078
  15.250   1.3544   0.03701   0.03243   0.0311  0.0149  1.0000  -9.5461   0.0000   0.0000   0.0000   0.2073
  15.500   1.3575   0.03950   0.03502   0.0307  0.0148  1.0000  -9.6826   0.0000   0.0000   0.0000   0.2071
  15.750   1.3584   0.04240   0.03804   0.0299  0.0147  1.0000  -9.7993   0.0000   0.0000   0.0000   0.2072
  16.000   1.3569   0.04577   0.04153   0.0287  0.0146  1.0000  -9.8955   0.0000   0.0000   0.0000   0.2075
  16.250   1.3528   0.04964   0.04552   0.0271  0.0144  1.0000  -9.9767   0.0000   0.0000   0.0000   0.2081
  16.500   1.3462   0.05403   0.05004   0.0250  0.0143  1.0000  -10.0316   0.0000   0.0000   0.0000   0.2089
  16.750   1.3366   0.05894   0.05509   0.0226  0.0142  1.0000  -10.0560   0.0000   0.0000   0.0000   0.2099
  17.000   1.3243   0.06440   0.06067   0.0199  0.0141  1.0000  -10.0505   0.0000   0.0000   0.0000   0.2112
  17.250   1.3091   0.07036   0.06676   0.0169  0.0141  1.0000  -10.0128   0.0000   0.0000   0.0000   0.2127
  17.500   1.2917   0.07682   0.07335   0.0136  0.0140  1.0000  -9.9469   0.0000   0.0000   0.0000   0.2145
  17.750   1.2726   0.08368   0.08034   0.0101  0.0139  1.0000  -9.8567   0.0000   0.0000   0.0000   0.2165
  18.000   1.2522   0.09090   0.08768   0.0065  0.0139  1.0000  -9.7437   0.0000   0.0000   0.0000   0.2187
  18.250   1.2314   0.09836   0.09526   0.0026  0.0139  1.0000  -9.6162   0.0000   0.0000   0.0000   0.2212
  18.500   1.2101   0.10601   0.10303  -0.0013  0.0138  1.0000  -9.4721   0.0000   0.0000   0.0000   0.2239
  18.750   1.1891   0.11381   0.11095  -0.0054  0.0138  1.0000  -9.3176   0.0000   0.0000   0.0000   0.2269
  19.000   1.1684   0.12171   0.11897  -0.0096  0.0137  1.0000  -9.1523   0.0000   0.0000   0.0000   0.2300
  19.250   1.1477   0.12977   0.12713  -0.0140  0.0137  1.0000  -8.9712   0.0000   0.0000   0.0000   0.2335
  19.500   1.1271   0.13808   0.13555  -0.0186  0.0136  1.0000  -8.7712   0.0000   0.0000   0.0000   0.2374
  19.750   1.1059   0.14676   0.14435  -0.0235  0.0136  1.0000  -8.5411   0.0000   0.0000   0.0000   0.2417
  20.000   1.0822   0.15629   0.15401  -0.0291  0.0135  1.0000  -8.2472   0.0000   0.0000   0.0000   0.2470


