xflr5 v6.61

 Calculated polar for: NACA 0009

 1 1 Reynolds number fixed          Mach number fixed         

 xtrf =   1.000 (top)        1.000 (bottom)
 Mach =   0.000     Re =     0.320 e 6     Ncrit =   9.000

  alpha     CL        CD       CDp       Cm    Top Xtr Bot Xtr   Cpmin    Chinge    XCp    
 ------- -------- --------- --------- -------- ------- ------- -------- --------- ---------
  -9.500  -0.9544   0.03403   0.02848  -0.0138  1.0000  0.0220  -5.9760   0.0000   0.0000   0.0000   0.2274
  -9.000  -0.9274   0.02815   0.02187  -0.0110  1.0000  0.0228  -5.7724   0.0000   0.0000   0.0000   0.2304
  -8.750  -0.9074   0.02657   0.02018  -0.0102  1.0000  0.0235  -5.5484   0.0000   0.0000   0.0000   0.2312
  -8.500  -0.8865   0.02516   0.01861  -0.0094  1.0000  0.0245  -5.3294   0.0000   0.0000   0.0000   0.2321
  -8.250  -0.8652   0.02380   0.01695  -0.0084  1.0000  0.0259  -5.1320   0.0000   0.0000   0.0000   0.2332
  -8.000  -0.8438   0.02210   0.01503  -0.0076  1.0000  0.0270  -4.9362   0.0000   0.0000   0.0000   0.2342
  -7.750  -0.8210   0.02094   0.01384  -0.0069  1.0000  0.0282  -4.6962   0.0000   0.0000   0.0000   0.2350
  -7.500  -0.7978   0.01986   0.01264  -0.0062  1.0000  0.0296  -4.4973   0.0000   0.0000   0.0000   0.2359
  -7.250  -0.7745   0.01880   0.01139  -0.0053  1.0000  0.0311  -4.3213   0.0000   0.0000   0.0000   0.2370
  -7.000  -0.7518   0.01781   0.01046  -0.0047  1.0000  0.0331  -4.1055   0.0000   0.0000   0.0000   0.2379
  -6.750  -0.7275   0.01718   0.00968  -0.0040  1.0000  0.0356  -3.9022   0.0000   0.0000   0.0000   0.2389
  -6.500  -0.7054   0.01614   0.00872  -0.0031  1.0000  0.0381  -3.7025   0.0000   0.0000   0.0000   0.2401
  -6.250  -0.6819   0.01541   0.00791  -0.0023  1.0000  0.0411  -3.5079   0.0000   0.0000   0.0000   0.2414
  -6.000  -0.6587   0.01473   0.00724  -0.0016  1.0000  0.0452  -3.3004   0.0000   0.0000   0.0000   0.2426
  -5.750  -0.6356   0.01405   0.00658  -0.0008  1.0000  0.0500  -3.0996   0.0000   0.0000   0.0000   0.2439
  -5.500  -0.6123   0.01342   0.00596   0.0000  1.0000  0.0559  -2.9189   0.0000   0.0000   0.0000   0.2454
  -5.250  -0.5887   0.01288   0.00541   0.0008  1.0000  0.0645  -2.7447   0.0000   0.0000   0.0000   0.2469
  -5.000  -0.5657   0.01226   0.00488   0.0016  1.0000  0.0764  -2.5725   0.0000   0.0000   0.0000   0.2486
  -4.750  -0.5427   0.01167   0.00440   0.0025  1.0000  0.0957  -2.4016   0.0000   0.0000   0.0000   0.2504
  -4.500  -0.5199   0.01106   0.00398   0.0033  1.0000  0.1296  -2.2316   0.0000   0.0000   0.0000   0.2523
  -4.250  -0.4971   0.01044   0.00364   0.0040  1.0000  0.1827  -2.0637   0.0000   0.0000   0.0000   0.2542
  -4.000  -0.4743   0.00988   0.00335   0.0047  1.0000  0.2453  -1.9123   0.0000   0.0000   0.0000   0.2562
  -3.750  -0.4512   0.00940   0.00313   0.0054  1.0000  0.3099  -1.7621   0.0000   0.0000   0.0000   0.2585
  -3.500  -0.4280   0.00896   0.00296   0.0061  1.0000  0.3735  -1.6144   0.0000   0.0000   0.0000   0.2609
  -3.250  -0.4046   0.00858   0.00281   0.0069  1.0000  0.4346  -1.4731   0.0000   0.0000   0.0000   0.2637
  -3.000  -0.3811   0.00825   0.00271   0.0076  1.0000  0.4937  -1.3448   0.0000   0.0000   0.0000   0.2669
  -2.750  -0.3573   0.00795   0.00264   0.0084  1.0000  0.5508  -1.2191   0.0000   0.0000   0.0000   0.2705
  -2.500  -0.3334   0.00769   0.00260   0.0092  1.0000  0.6060  -1.1030   0.0000   0.0000   0.0000   0.2746
  -2.250  -0.3094   0.00747   0.00258   0.0100  1.0000  0.6599  -0.9940   0.0000   0.0000   0.0000   0.2795
  -2.000  -0.2854   0.00728   0.00260   0.0108  1.0000  0.7117  -0.8938   0.0000   0.0000   0.0000   0.2854
  -1.750  -0.2613   0.00715   0.00265   0.0118  1.0000  0.7615  -0.8003   0.0000   0.0000   0.0000   0.2926
  -1.500  -0.2374   0.00706   0.00275   0.0128  1.0000  0.8082  -0.7161   0.0000   0.0000   0.0000   0.3016
  -1.250  -0.2144   0.00705   0.00287   0.0141  1.0000  0.8516  -0.6413   0.0000   0.0000   0.0000   0.3134
  -1.000  -0.1764   0.00705   0.00295   0.0123  0.9943  0.8901  -0.5559   0.0000   0.0000   0.0000   0.3176
  -0.750  -0.1357   0.00708   0.00302   0.0100  0.9880  0.9194  -0.4795   0.0000   0.0000   0.0000   0.3217
  -0.500  -0.0925   0.00712   0.00307   0.0071  0.9816  0.9412  -0.4137   0.0000   0.0000   0.0000   0.3253
  -0.250  -0.0466   0.00715   0.00310   0.0037  0.9753  0.9567  -0.3575   0.0000   0.0000   0.0000   0.3264
   0.000   0.0000   0.00716   0.00311   0.0000  0.9674  0.9674  -0.3104   0.0000   0.0000   0.0000  -0.0115
   0.250   0.0466   0.00715   0.00310  -0.0037  0.9567  0.9753  -0.3575   0.0000   0.0000   0.0000   0.3264
   0.500   0.0925   0.00712   0.00307  -0.0071  0.9412  0.9816  -0.4137   0.0000   0.0000   0.0000   0.3253
   0.750   0.1357   0.00708   0.00302  -0.0100  0.9194  0.9880  -0.4795   0.0000   0.0000   0.0000   0.3217
   1.000   0.1764   0.00705   0.00295  -0.0123  0.8901  0.9943  -0.5559   0.0000   0.0000   0.0000   0.3176
   1.250   0.2143   0.00705   0.00287  -0.0141  0.8516  1.0000  -0.6413   0.0000   0.0000   0.0000   0.3134
   1.500   0.2374   0.00706   0.00275  -0.0128  0.8082  1.0000  -0.7161   0.0000   0.0000   0.0000   0.3016
   1.750   0.2612   0.00715   0.00265  -0.0118  0.7615  1.0000  -0.8002   0.0000   0.0000   0.0000   0.2925
   2.000   0.2854   0.00728   0.00260  -0.0108  0.7118  1.0000  -0.8938   0.0000   0.0000   0.0000   0.2854
   2.250   0.3094   0.00747   0.00258  -0.0100  0.6599  1.0000  -0.9939   0.0000   0.0000   0.0000   0.2795
   2.500   0.3334   0.00769   0.00260  -0.0091  0.6061  1.0000  -1.1029   0.0000   0.0000   0.0000   0.2746
   2.750   0.3573   0.00795   0.00264  -0.0084  0.5508  1.0000  -1.2190   0.0000   0.0000   0.0000   0.2705
   3.000   0.3810   0.00825   0.00271  -0.0076  0.4937  1.0000  -1.3447   0.0000   0.0000   0.0000   0.2669
   3.250   0.4046   0.00858   0.00281  -0.0069  0.4346  1.0000  -1.4730   0.0000   0.0000   0.0000   0.2637
   3.500   0.4280   0.00896   0.00296  -0.0061  0.3735  1.0000  -1.6143   0.0000   0.0000   0.0000   0.2609
   3.750   0.4512   0.00940   0.00313  -0.0054  0.3099  1.0000  -1.7620   0.0000   0.0000   0.0000   0.2584
   4.000   0.4743   0.00988   0.00335  -0.0047  0.2453  1.0000  -1.9122   0.0000   0.0000   0.0000   0.2562
   4.250   0.4971   0.01044   0.00364  -0.0040  0.1827  1.0000  -2.0636   0.0000   0.0000   0.0000   0.2542
   4.500   0.5198   0.01105   0.00398  -0.0032  0.1296  1.0000  -2.2315   0.0000   0.0000   0.0000   0.2523
   4.750   0.5426   0.01167   0.00440  -0.0025  0.0957  1.0000  -2.4015   0.0000   0.0000   0.0000   0.2504
   5.000   0.5657   0.01226   0.00488  -0.0016  0.0764  1.0000  -2.5724   0.0000   0.0000   0.0000   0.2486
   5.250   0.5887   0.01288   0.00541  -0.0008  0.0645  1.0000  -2.7447   0.0000   0.0000   0.0000   0.2469
   5.500   0.6123   0.01342   0.00595  -0.0000  0.0559  1.0000  -2.9189   0.0000   0.0000   0.0000   0.2454
   5.750   0.6356   0.01405   0.00658   0.0008  0.0500  1.0000  -3.0995   0.0000   0.0000   0.0000   0.2439
   6.000   0.6587   0.01473   0.00724   0.0016  0.0452  1.0000  -3.3004   0.0000   0.0000   0.0000   0.2426
   6.250   0.6819   0.01541   0.00791   0.0023  0.0411  1.0000  -3.5079   0.0000   0.0000   0.0000   0.2414
   6.500   0.7054   0.01614   0.00872   0.0031  0.0381  1.0000  -3.7025   0.0000   0.0000   0.0000   0.2401
   6.750   0.7275   0.01718   0.00968   0.0040  0.0356  1.0000  -3.9022   0.0000   0.0000   0.0000   0.2389
   7.000   0.7518   0.01781   0.01046   0.0047  0.0331  1.0000  -4.1055   0.0000   0.0000   0.0000   0.2379
   7.250   0.7745   0.01880   0.01139   0.0053  0.0311  1.0000  -4.3213   0.0000   0.0000   0.0000   0.2370
   7.500   0.7978   0.01986   0.01264   0.0062  0.0296  1.0000  -4.4974   0.0000   0.0000   0.0000   0.2359
   7.750   0.8211   0.02094   0.01384   0.0069  0.0282  1.0000  -4.6963   0.0000   0.0000   0.0000   0.2350
   8.000   0.8439   0.02210   0.01503   0.0076  0.0270  1.0000  -4.9363   0.0000   0.0000   0.0000   0.2342
   8.250   0.8653   0.02380   0.01695   0.0084  0.0259  1.0000  -5.1322   0.0000   0.0000   0.0000   0.2332
   8.500   0.8865   0.02516   0.01861   0.0094  0.0245  1.0000  -5.3296   0.0000   0.0000   0.0000   0.2321
   8.750   0.9074   0.02657   0.02018   0.0102  0.0235  1.0000  -5.5486   0.0000   0.0000   0.0000   0.2312
   9.000   0.9275   0.02815   0.02187   0.0110  0.0228  1.0000  -5.7726   0.0000   0.0000   0.0000   0.2304
   9.250   0.9431   0.03119   0.02512   0.0120  0.0223  1.0000  -5.9155   0.0000   0.0000   0.0000   0.2293
   9.500   0.9544   0.03403   0.02848   0.0137  0.0220  1.0000  -5.9761   0.0000   0.0000   0.0000   0.2274
   9.750   0.9605   0.03772   0.03268   0.0156  0.0219  1.0000  -5.9771   0.0000   0.0000   0.0000   0.2253
  10.000   0.9615   0.04193   0.03733   0.0175  0.0219  1.0000  -5.9435   0.0000   0.0000   0.0000   0.2232
  10.250   0.9577   0.04631   0.04208   0.0192  0.0220  1.0000  -5.8941   0.0000   0.0000   0.0000   0.2211
  10.500   0.9494   0.05071   0.04678   0.0208  0.0221  1.0000  -5.8340   0.0000   0.0000   0.0000   0.2191
  10.750   0.9377   0.05488   0.05116   0.0222  0.0222  1.0000  -5.7784   0.0000   0.0000   0.0000   0.2171
  11.500   0.6873   0.07758   0.07486   0.0110  0.0259  1.0000  -4.0125   0.0000   0.0000   0.0000   0.2249
  11.750   0.6742   0.08416   0.08143   0.0086  0.0262  1.0000  -3.9245   0.0000   0.0000   0.0000   0.2279
  17.750   0.8156   0.22628   0.22326  -0.0705  0.0195  1.0000  -1.9330   0.0000   0.0000   0.0000   0.3216
  18.000   0.8238   0.22940   0.22638  -0.0721  0.0190  1.0000  -1.9871   0.0000   0.0000   0.0000   0.3223
  18.250   0.8327   0.23235   0.22934  -0.0730  0.0187  1.0000  -2.0934   0.0000   0.0000   0.0000   0.3221
  18.500   0.8441   0.23622   0.23322  -0.0726  0.0185  1.0000  -2.2560   0.0000   0.0000   0.0000   0.3200
  18.750   0.8471   0.24033   0.23731  -0.0775  0.0183  1.0000  -2.0583   0.0000   0.0000   0.0000   0.3253
  19.000   0.8542   0.24478   0.24175  -0.0813  0.0176  1.0000  -1.9251   0.0000   0.0000   0.0000   0.3287
  19.250   0.8623   0.24843   0.24541  -0.0836  0.0169  1.0000  -1.9170   0.0000   0.0000   0.0000   0.3301
  19.500   0.8705   0.25187   0.24885  -0.0857  0.0164  1.0000  -1.9295   0.0000   0.0000   0.0000   0.3313
  19.750   0.8788   0.25514   0.25213  -0.0878  0.0159  1.0000  -1.9552   0.0000   0.0000   0.0000   0.3323
  20.000   0.8870   0.25824   0.25524  -0.0897  0.0156  1.0000  -1.9966   0.0000   0.0000   0.0000   0.3331


