xflr5 v6.61

 Calculated polar for: NACA 0009

 1 1 Reynolds number fixed          Mach number fixed         

 xtrf =   1.000 (top)        1.000 (bottom)
 Mach =   0.000     Re =     0.520 e 6     Ncrit =   9.000

  alpha     CL        CD       CDp       Cm    Top Xtr Bot Xtr   Cpmin    Chinge    XCp    
 ------- -------- --------- --------- -------- ------- ------- -------- --------- ---------
 -10.000  -1.0200   0.02750   0.02210  -0.0120  1.0000  0.0151  -7.2345   0.0000   0.0000   0.0000   0.2292
  -9.750  -1.0055   0.02505   0.01949  -0.0108  1.0000  0.0156  -7.0491   0.0000   0.0000   0.0000   0.2305
  -9.500  -0.9856   0.02388   0.01822  -0.0100  1.0000  0.0161  -6.7800   0.0000   0.0000   0.0000   0.2314
  -9.250  -0.9650   0.02272   0.01692  -0.0092  1.0000  0.0167  -6.5232   0.0000   0.0000   0.0000   0.2323
  -9.000  -0.9439   0.02156   0.01562  -0.0083  1.0000  0.0173  -6.2746   0.0000   0.0000   0.0000   0.2332
  -8.750  -0.9220   0.02048   0.01435  -0.0075  1.0000  0.0180  -6.0297   0.0000   0.0000   0.0000   0.2342
  -8.500  -0.8995   0.01954   0.01324  -0.0067  1.0000  0.0185  -5.7791   0.0000   0.0000   0.0000   0.2351
  -8.250  -0.8793   0.01811   0.01179  -0.0058  1.0000  0.0194  -5.5390   0.0000   0.0000   0.0000   0.2363
  -8.000  -0.8557   0.01747   0.01110  -0.0053  1.0000  0.0205  -5.2543   0.0000   0.0000   0.0000   0.2370
  -7.750  -0.8317   0.01686   0.01039  -0.0047  1.0000  0.0217  -4.9853   0.0000   0.0000   0.0000   0.2378
  -7.500  -0.8094   0.01590   0.00935  -0.0038  1.0000  0.0229  -4.7762   0.0000   0.0000   0.0000   0.2389
  -7.250  -0.7861   0.01522   0.00867  -0.0032  1.0000  0.0242  -4.5411   0.0000   0.0000   0.0000   0.2398
  -7.000  -0.7619   0.01466   0.00804  -0.0026  1.0000  0.0258  -4.3131   0.0000   0.0000   0.0000   0.2407
  -6.750  -0.7389   0.01390   0.00724  -0.0018  1.0000  0.0275  -4.0973   0.0000   0.0000   0.0000   0.2419
  -6.500  -0.7145   0.01344   0.00677  -0.0012  1.0000  0.0297  -3.8615   0.0000   0.0000   0.0000   0.2428
  -6.250  -0.6908   0.01286   0.00616  -0.0005  1.0000  0.0323  -3.6413   0.0000   0.0000   0.0000   0.2439
  -6.000  -0.6662   0.01245   0.00571   0.0001  1.0000  0.0353  -3.4173   0.0000   0.0000   0.0000   0.2450
  -5.750  -0.6425   0.01192   0.00519   0.0008  1.0000  0.0391  -3.2019   0.0000   0.0000   0.0000   0.2464
  -5.500  -0.6185   0.01148   0.00476   0.0015  1.0000  0.0440  -2.9994   0.0000   0.0000   0.0000   0.2477
  -5.250  -0.5944   0.01108   0.00437   0.0022  1.0000  0.0506  -2.8116   0.0000   0.0000   0.0000   0.2492
  -5.000  -0.5706   0.01066   0.00398   0.0030  1.0000  0.0595  -2.6275   0.0000   0.0000   0.0000   0.2509
  -4.750  -0.5468   0.01025   0.00365   0.0037  1.0000  0.0733  -2.4446   0.0000   0.0000   0.0000   0.2526
  -4.500  -0.5231   0.00984   0.00335   0.0044  1.0000  0.0949  -2.2647   0.0000   0.0000   0.0000   0.2545
  -4.250  -0.4996   0.00941   0.00308   0.0051  1.0000  0.1271  -2.0881   0.0000   0.0000   0.0000   0.2565
  -4.000  -0.4762   0.00898   0.00284   0.0058  1.0000  0.1696  -1.9310   0.0000   0.0000   0.0000   0.2586
  -3.750  -0.4527   0.00856   0.00265   0.0065  1.0000  0.2191  -1.7781   0.0000   0.0000   0.0000   0.2608
  -3.250  -0.4051   0.00782   0.00235   0.0077  1.0000  0.3282  -1.4822   0.0000   0.0000   0.0000   0.2657
  -3.000  -0.3809   0.00750   0.00225   0.0082  1.0000  0.3839  -1.3518   0.0000   0.0000   0.0000   0.2685
  -2.750  -0.3564   0.00722   0.00218   0.0087  1.0000  0.4384  -1.2240   0.0000   0.0000   0.0000   0.2715
  -2.500  -0.3317   0.00697   0.00213   0.0092  1.0000  0.4917  -1.1048   0.0000   0.0000   0.0000   0.2748
  -2.250  -0.2989   0.00670   0.00208   0.0079  0.9981  0.5494  -0.9775   0.0000   0.0000   0.0000   0.2738
  -2.000  -0.2609   0.00642   0.00202   0.0056  0.9942  0.6081  -0.8526   0.0000   0.0000   0.0000   0.2689
  -1.750  -0.2234   0.00616   0.00196   0.0035  0.9898  0.6632  -0.7410   0.0000   0.0000   0.0000   0.2632
  -1.500  -0.1858   0.00592   0.00192   0.0015  0.9852  0.7146  -0.6419   0.0000   0.0000   0.0000   0.2555
  -1.250  -0.1480   0.00571   0.00188  -0.0005  0.9805  0.7607  -0.5557   0.0000   0.0000   0.0000   0.2440
  -1.000  -0.1134   0.00553   0.00185  -0.0017  0.9731  0.8009  -0.4852   0.0000   0.0000   0.0000   0.2326
  -0.750  -0.0814   0.00540   0.00183  -0.0022  0.9631  0.8355  -0.4276   0.0000   0.0000   0.0000   0.2207
  -0.500  -0.0525   0.00530   0.00182  -0.0019  0.9495  0.8658  -0.3812   0.0000   0.0000   0.0000   0.2106
  -0.250  -0.0253   0.00524   0.00182  -0.0012  0.9338  0.8917  -0.3428   0.0000   0.0000   0.0000   0.1997
   0.000   0.0000   0.00522   0.00182  -0.0000  0.9144  0.9144  -0.3107   0.0000   0.0000   0.0000   0.5138
   0.250   0.0253   0.00524   0.00182   0.0012  0.8917  0.9338  -0.3428   0.0000   0.0000   0.0000   0.1997
   0.500   0.0525   0.00530   0.00182   0.0019  0.8658  0.9495  -0.3812   0.0000   0.0000   0.0000   0.2106
   0.750   0.0814   0.00540   0.00183   0.0022  0.8355  0.9631  -0.4276   0.0000   0.0000   0.0000   0.2207
   1.000   0.1134   0.00553   0.00185   0.0017  0.8009  0.9731  -0.4852   0.0000   0.0000   0.0000   0.2326
   1.250   0.1480   0.00571   0.00188   0.0005  0.7607  0.9805  -0.5557   0.0000   0.0000   0.0000   0.2440
   1.500   0.1858   0.00592   0.00192  -0.0015  0.7146  0.9852  -0.6419   0.0000   0.0000   0.0000   0.2555
   1.750   0.2234   0.00616   0.00196  -0.0035  0.6632  0.9898  -0.7410   0.0000   0.0000   0.0000   0.2632
   2.000   0.2609   0.00642   0.00202  -0.0056  0.6081  0.9942  -0.8527   0.0000   0.0000   0.0000   0.2689
   2.250   0.2989   0.00670   0.00208  -0.0079  0.5494  0.9981  -0.9775   0.0000   0.0000   0.0000   0.2738
   2.500   0.3317   0.00697   0.00213  -0.0092  0.4918  1.0000  -1.1047   0.0000   0.0000   0.0000   0.2748
   2.750   0.3564   0.00722   0.00218  -0.0087  0.4384  1.0000  -1.2239   0.0000   0.0000   0.0000   0.2715
   3.000   0.3809   0.00750   0.00225  -0.0082  0.3840  1.0000  -1.3517   0.0000   0.0000   0.0000   0.2685
   3.250   0.4051   0.00782   0.00234  -0.0077  0.3283  1.0000  -1.4821   0.0000   0.0000   0.0000   0.2657
   3.500   0.4290   0.00818   0.00248  -0.0071  0.2730  1.0000  -1.6277   0.0000   0.0000   0.0000   0.2632
   3.750   0.4527   0.00856   0.00264  -0.0065  0.2191  1.0000  -1.7779   0.0000   0.0000   0.0000   0.2608
   4.000   0.4762   0.00898   0.00284  -0.0058  0.1696  1.0000  -1.9308   0.0000   0.0000   0.0000   0.2586
   4.250   0.4996   0.00941   0.00308  -0.0051  0.1272  1.0000  -2.0880   0.0000   0.0000   0.0000   0.2564
   4.500   0.5231   0.00984   0.00335  -0.0044  0.0949  1.0000  -2.2646   0.0000   0.0000   0.0000   0.2545
   4.750   0.5467   0.01025   0.00365  -0.0037  0.0733  1.0000  -2.4444   0.0000   0.0000   0.0000   0.2526
   5.000   0.5706   0.01066   0.00398  -0.0030  0.0596  1.0000  -2.6274   0.0000   0.0000   0.0000   0.2509
   5.250   0.5944   0.01108   0.00437  -0.0022  0.0506  1.0000  -2.8115   0.0000   0.0000   0.0000   0.2492
   5.500   0.6184   0.01148   0.00476  -0.0015  0.0440  1.0000  -2.9993   0.0000   0.0000   0.0000   0.2477
   5.750   0.6425   0.01192   0.00519  -0.0008  0.0391  1.0000  -3.2019   0.0000   0.0000   0.0000   0.2464
   6.000   0.6662   0.01245   0.00571  -0.0001  0.0353  1.0000  -3.4172   0.0000   0.0000   0.0000   0.2450
   6.250   0.6908   0.01286   0.00616   0.0006  0.0323  1.0000  -3.6413   0.0000   0.0000   0.0000   0.2439
   6.500   0.7144   0.01344   0.00677   0.0012  0.0297  1.0000  -3.8614   0.0000   0.0000   0.0000   0.2428
   6.750   0.7389   0.01390   0.00724   0.0018  0.0275  1.0000  -4.0973   0.0000   0.0000   0.0000   0.2419
   7.000   0.7619   0.01466   0.00804   0.0026  0.0258  1.0000  -4.3131   0.0000   0.0000   0.0000   0.2407
   7.250   0.7861   0.01522   0.00867   0.0032  0.0242  1.0000  -4.5412   0.0000   0.0000   0.0000   0.2398
   7.500   0.8095   0.01590   0.00935   0.0038  0.0229  1.0000  -4.7763   0.0000   0.0000   0.0000   0.2389
   7.750   0.8317   0.01686   0.01039   0.0047  0.0217  1.0000  -4.9854   0.0000   0.0000   0.0000   0.2378
   8.000   0.8558   0.01747   0.01110   0.0052  0.0205  1.0000  -5.2545   0.0000   0.0000   0.0000   0.2370
   8.250   0.8793   0.01811   0.01179   0.0058  0.0194  1.0000  -5.5392   0.0000   0.0000   0.0000   0.2363
   8.500   0.8995   0.01954   0.01324   0.0067  0.0185  1.0000  -5.7792   0.0000   0.0000   0.0000   0.2351
   8.750   0.9221   0.02048   0.01435   0.0075  0.0180  1.0000  -6.0299   0.0000   0.0000   0.0000   0.2342
   9.000   0.9439   0.02156   0.01562   0.0083  0.0173  1.0000  -6.2749   0.0000   0.0000   0.0000   0.2333
   9.250   0.9651   0.02272   0.01692   0.0092  0.0167  1.0000  -6.5235   0.0000   0.0000   0.0000   0.2323
   9.500   0.9856   0.02388   0.01822   0.0100  0.0161  1.0000  -6.7804   0.0000   0.0000   0.0000   0.2314
   9.750   1.0055   0.02505   0.01949   0.0108  0.0156  1.0000  -7.0496   0.0000   0.0000   0.0000   0.2305
  10.000   1.0200   0.02751   0.02211   0.0119  0.0151  1.0000  -7.2345   0.0000   0.0000   0.0000   0.2293
  10.250   1.0354   0.02917   0.02411   0.0133  0.0147  1.0000  -7.4188   0.0000   0.0000   0.0000   0.2279
  10.500   1.0480   0.03121   0.02649   0.0147  0.0142  1.0000  -7.5702   0.0000   0.0000   0.0000   0.2264
  10.750   1.0554   0.03392   0.02956   0.0164  0.0138  1.0000  -7.6586   0.0000   0.0000   0.0000   0.2246
  11.000   1.0571   0.03710   0.03309   0.0183  0.0136  1.0000  -7.6947   0.0000   0.0000   0.0000   0.2225
  11.250   1.0510   0.04077   0.03712   0.0204  0.0135  1.0000  -7.6659   0.0000   0.0000   0.0000   0.2202
  11.500   1.0330   0.04466   0.04133   0.0232  0.0134  1.0000  -7.5598   0.0000   0.0000   0.0000   0.2169
  11.750   1.0071   0.04960   0.04657   0.0237  0.0135  1.0000  -7.3826   0.0000   0.0000   0.0000   0.2154
  12.000   0.9774   0.05670   0.05395   0.0197  0.0136  1.0000  -7.1354   0.0000   0.0000   0.0000   0.2183
  12.250   0.9456   0.06708   0.06458   0.0105  0.0138  1.0000  -6.8064   0.0000   0.0000   0.0000   0.2270
  12.500   0.9082   0.08182   0.07951  -0.0021  0.0142  1.0000  -6.3202   0.0000   0.0000   0.0000   0.2401
  12.750   0.8587   0.09972   0.09748  -0.0133  0.0148  1.0000  -5.5898   0.0000   0.0000   0.0000   0.2533


