xflr5 v6.61

 Calculated polar for: NACA 0009

 1 1 Reynolds number fixed          Mach number fixed         

 xtrf =   1.000 (top)        1.000 (bottom)
 Mach =   0.000     Re =     0.440 e 6     Ncrit =   9.000

  alpha     CL        CD       CDp       Cm    Top Xtr Bot Xtr   Cpmin    Chinge    XCp    
 ------- -------- --------- --------- -------- ------- ------- -------- --------- ---------
 -10.000  -1.0021   0.03194   0.02704  -0.0143  1.0000  0.0169  -6.7533   0.0000   0.0000   0.0000   0.2269
  -9.750  -0.9897   0.02948   0.02422  -0.0128  1.0000  0.0174  -6.6356   0.0000   0.0000   0.0000   0.2284
  -9.500  -0.9749   0.02715   0.02152  -0.0114  1.0000  0.0178  -6.5094   0.0000   0.0000   0.0000   0.2300
  -9.250  -0.9569   0.02539   0.01942  -0.0101  1.0000  0.0183  -6.3377   0.0000   0.0000   0.0000   0.2313
  -9.000  -0.9389   0.02322   0.01701  -0.0090  1.0000  0.0188  -6.1613   0.0000   0.0000   0.0000   0.2325
  -8.750  -0.9179   0.02194   0.01567  -0.0083  1.0000  0.0195  -5.9038   0.0000   0.0000   0.0000   0.2333
  -8.500  -0.8957   0.02093   0.01457  -0.0076  1.0000  0.0203  -5.6452   0.0000   0.0000   0.0000   0.2341
  -8.250  -0.8731   0.01996   0.01346  -0.0069  1.0000  0.0213  -5.3963   0.0000   0.0000   0.0000   0.2350
  -8.000  -0.8499   0.01910   0.01242  -0.0061  1.0000  0.0224  -5.1507   0.0000   0.0000   0.0000   0.2359
  -7.750  -0.8282   0.01796   0.01129  -0.0054  1.0000  0.0236  -4.8975   0.0000   0.0000   0.0000   0.2369
  -7.500  -0.8047   0.01720   0.01047  -0.0047  1.0000  0.0249  -4.6742   0.0000   0.0000   0.0000   0.2377
  -7.250  -0.7808   0.01652   0.00966  -0.0040  1.0000  0.0263  -4.4629   0.0000   0.0000   0.0000   0.2387
  -7.000  -0.7590   0.01550   0.00864  -0.0032  1.0000  0.0278  -4.2560   0.0000   0.0000   0.0000   0.2399
  -6.750  -0.7348   0.01495   0.00805  -0.0026  1.0000  0.0299  -4.0292   0.0000   0.0000   0.0000   0.2408
  -6.500  -0.7117   0.01423   0.00731  -0.0018  1.0000  0.0323  -3.8144   0.0000   0.0000   0.0000   0.2420
  -6.250  -0.6874   0.01374   0.00678  -0.0012  1.0000  0.0351  -3.5937   0.0000   0.0000   0.0000   0.2430
  -6.000  -0.6642   0.01309   0.00613  -0.0004  1.0000  0.0382  -3.3835   0.0000   0.0000   0.0000   0.2443
  -5.750  -0.6404   0.01256   0.00559   0.0003  1.0000  0.0423  -3.1720   0.0000   0.0000   0.0000   0.2456
  -5.500  -0.6165   0.01209   0.00512   0.0010  1.0000  0.0477  -2.9746   0.0000   0.0000   0.0000   0.2470
  -5.250  -0.5927   0.01161   0.00467   0.0018  1.0000  0.0546  -2.7914   0.0000   0.0000   0.0000   0.2485
  -5.000  -0.5688   0.01119   0.00426   0.0025  1.0000  0.0648  -2.6097   0.0000   0.0000   0.0000   0.2501
  -4.750  -0.5453   0.01071   0.00388   0.0033  1.0000  0.0802  -2.4307   0.0000   0.0000   0.0000   0.2519
  -4.500  -0.5219   0.01023   0.00355   0.0040  1.0000  0.1052  -2.2537   0.0000   0.0000   0.0000   0.2537
  -4.250  -0.4986   0.00975   0.00325   0.0047  1.0000  0.1438  -2.0791   0.0000   0.0000   0.0000   0.2557
  -4.000  -0.4753   0.00927   0.00300   0.0054  1.0000  0.1929  -1.9243   0.0000   0.0000   0.0000   0.2577
  -3.750  -0.4519   0.00883   0.00279   0.0061  1.0000  0.2479  -1.7722   0.0000   0.0000   0.0000   0.2599
  -3.500  -0.4284   0.00842   0.00262   0.0067  1.0000  0.3059  -1.6228   0.0000   0.0000   0.0000   0.2623
  -3.250  -0.4046   0.00805   0.00248   0.0073  1.0000  0.3637  -1.4785   0.0000   0.0000   0.0000   0.2649
  -3.000  -0.3805   0.00773   0.00238   0.0079  1.0000  0.4207  -1.3487   0.0000   0.0000   0.0000   0.2677
  -2.750  -0.3562   0.00744   0.00231   0.0085  1.0000  0.4762  -1.2215   0.0000   0.0000   0.0000   0.2708
  -2.500  -0.3317   0.00719   0.00226   0.0090  1.0000  0.5305  -1.1034   0.0000   0.0000   0.0000   0.2744
  -2.250  -0.3070   0.00697   0.00224   0.0096  1.0000  0.5838  -0.9929   0.0000   0.0000   0.0000   0.2784
  -2.000  -0.2818   0.00677   0.00225   0.0100  1.0000  0.6359  -0.8904   0.0000   0.0000   0.0000   0.2829
  -1.750  -0.2437   0.00652   0.00222   0.0078  0.9959  0.6930  -0.7738   0.0000   0.0000   0.0000   0.2794
  -1.500  -0.2054   0.00631   0.00220   0.0056  0.9910  0.7455  -0.6702   0.0000   0.0000   0.0000   0.2749
  -1.250  -0.1674   0.00612   0.00219   0.0036  0.9858  0.7917  -0.5795   0.0000   0.0000   0.0000   0.2693
  -1.000  -0.1291   0.00598   0.00219   0.0017  0.9805  0.8313  -0.5018   0.0000   0.0000   0.0000   0.2606
  -0.750  -0.0931   0.00587   0.00218   0.0003  0.9731  0.8646  -0.4383   0.0000   0.0000   0.0000   0.2512
  -0.500  -0.0600   0.00580   0.00218  -0.0003  0.9630  0.8918  -0.3871   0.0000   0.0000   0.0000   0.2425
  -0.250  -0.0297   0.00576   0.00218  -0.0002  0.9495  0.9148  -0.3458   0.0000   0.0000   0.0000   0.2392
   0.000  -0.0000   0.00575   0.00218   0.0000  0.9340  0.9340  -0.3106   0.0000   0.0000   0.0000   0.4718
   0.250   0.0297   0.00576   0.00218   0.0002  0.9148  0.9495  -0.3458   0.0000   0.0000   0.0000   0.2392
   0.500   0.0600   0.00580   0.00218   0.0003  0.8918  0.9630  -0.3871   0.0000   0.0000   0.0000   0.2425
   0.750   0.0931   0.00587   0.00218  -0.0003  0.8646  0.9731  -0.4383   0.0000   0.0000   0.0000   0.2511
   1.000   0.1291   0.00598   0.00219  -0.0017  0.8313  0.9805  -0.5018   0.0000   0.0000   0.0000   0.2606
   1.250   0.1674   0.00612   0.00219  -0.0036  0.7916  0.9858  -0.5795   0.0000   0.0000   0.0000   0.2693
   1.500   0.2054   0.00631   0.00220  -0.0056  0.7455  0.9910  -0.6702   0.0000   0.0000   0.0000   0.2749
   1.750   0.2437   0.00652   0.00222  -0.0078  0.6930  0.9959  -0.7738   0.0000   0.0000   0.0000   0.2794
   2.000   0.2818   0.00677   0.00225  -0.0100  0.6360  1.0000  -0.8903   0.0000   0.0000   0.0000   0.2829
   2.250   0.3070   0.00697   0.00224  -0.0095  0.5839  1.0000  -0.9928   0.0000   0.0000   0.0000   0.2784
   2.500   0.3317   0.00719   0.00226  -0.0090  0.5305  1.0000  -1.1033   0.0000   0.0000   0.0000   0.2744
   2.750   0.3562   0.00744   0.00231  -0.0085  0.4763  1.0000  -1.2214   0.0000   0.0000   0.0000   0.2708
   3.000   0.3805   0.00773   0.00238  -0.0079  0.4207  1.0000  -1.3487   0.0000   0.0000   0.0000   0.2677
   3.250   0.4045   0.00805   0.00248  -0.0073  0.3638  1.0000  -1.4784   0.0000   0.0000   0.0000   0.2649
   3.500   0.4283   0.00842   0.00262  -0.0067  0.3059  1.0000  -1.6227   0.0000   0.0000   0.0000   0.2623
   3.750   0.4519   0.00883   0.00279  -0.0061  0.2480  1.0000  -1.7721   0.0000   0.0000   0.0000   0.2599
   4.000   0.4753   0.00927   0.00300  -0.0054  0.1929  1.0000  -1.9242   0.0000   0.0000   0.0000   0.2577
   4.250   0.4985   0.00975   0.00325  -0.0047  0.1439  1.0000  -2.0789   0.0000   0.0000   0.0000   0.2557
   4.500   0.5219   0.01023   0.00355  -0.0040  0.1053  1.0000  -2.2536   0.0000   0.0000   0.0000   0.2537
   4.750   0.5453   0.01071   0.00388  -0.0033  0.0802  1.0000  -2.4306   0.0000   0.0000   0.0000   0.2519
   5.000   0.5688   0.01119   0.00426  -0.0025  0.0648  1.0000  -2.6096   0.0000   0.0000   0.0000   0.2501
   5.250   0.5927   0.01161   0.00467  -0.0018  0.0546  1.0000  -2.7913   0.0000   0.0000   0.0000   0.2485
   5.500   0.6164   0.01208   0.00512  -0.0010  0.0477  1.0000  -2.9745   0.0000   0.0000   0.0000   0.2470
   5.750   0.6404   0.01256   0.00559  -0.0003  0.0423  1.0000  -3.1719   0.0000   0.0000   0.0000   0.2456
   6.000   0.6642   0.01309   0.00613   0.0004  0.0382  1.0000  -3.3834   0.0000   0.0000   0.0000   0.2443
   6.250   0.6874   0.01374   0.00678   0.0012  0.0351  1.0000  -3.5937   0.0000   0.0000   0.0000   0.2430
   6.500   0.7117   0.01423   0.00731   0.0018  0.0323  1.0000  -3.8144   0.0000   0.0000   0.0000   0.2420
   6.750   0.7348   0.01495   0.00805   0.0026  0.0299  1.0000  -4.0293   0.0000   0.0000   0.0000   0.2408
   7.000   0.7590   0.01550   0.00864   0.0032  0.0278  1.0000  -4.2560   0.0000   0.0000   0.0000   0.2399
   7.250   0.7808   0.01652   0.00966   0.0040  0.0263  1.0000  -4.4630   0.0000   0.0000   0.0000   0.2387
   7.500   0.8048   0.01720   0.01047   0.0047  0.0249  1.0000  -4.6743   0.0000   0.0000   0.0000   0.2378
   7.750   0.8282   0.01796   0.01129   0.0054  0.0236  1.0000  -4.8976   0.0000   0.0000   0.0000   0.2369
   8.000   0.8499   0.01910   0.01242   0.0061  0.0224  1.0000  -5.1508   0.0000   0.0000   0.0000   0.2359
   8.250   0.8731   0.01996   0.01346   0.0069  0.0213  1.0000  -5.3964   0.0000   0.0000   0.0000   0.2350
   8.500   0.8958   0.02093   0.01457   0.0076  0.0203  1.0000  -5.6454   0.0000   0.0000   0.0000   0.2342
   8.750   0.9179   0.02194   0.01567   0.0083  0.0195  1.0000  -5.9040   0.0000   0.0000   0.0000   0.2333
   9.000   0.9389   0.02322   0.01701   0.0090  0.0188  1.0000  -6.1615   0.0000   0.0000   0.0000   0.2325
   9.250   0.9569   0.02539   0.01942   0.0101  0.0183  1.0000  -6.3380   0.0000   0.0000   0.0000   0.2313
   9.500   0.9750   0.02715   0.02152   0.0113  0.0178  1.0000  -6.5097   0.0000   0.0000   0.0000   0.2300
   9.750   0.9898   0.02948   0.02423   0.0128  0.0174  1.0000  -6.6358   0.0000   0.0000   0.0000   0.2285
  10.000   1.0022   0.03195   0.02704   0.0143  0.0169  1.0000  -6.7537   0.0000   0.0000   0.0000   0.2269
  10.250   1.0150   0.03391   0.02925   0.0155  0.0163  1.0000  -6.9274   0.0000   0.0000   0.0000   0.2256
  10.500   1.0317   0.03494   0.03033   0.0163  0.0158  1.0000  -7.2081   0.0000   0.0000   0.0000   0.2247
  10.750   1.0439   0.03659   0.03207   0.0173  0.0154  1.0000  -7.4409   0.0000   0.0000   0.0000   0.2236
  11.000   1.0440   0.04000   0.03574   0.0191  0.0152  1.0000  -7.4945   0.0000   0.0000   0.0000   0.2217
  11.250   1.0338   0.04417   0.04024   0.0212  0.0151  1.0000  -7.4340   0.0000   0.0000   0.0000   0.2192
  11.500   1.0170   0.04779   0.04413   0.0237  0.0151  1.0000  -7.3592   0.0000   0.0000   0.0000   0.2161
  11.750   0.9989   0.05169   0.04827   0.0243  0.0151  1.0000  -7.2792   0.0000   0.0000   0.0000   0.2147
  12.000   0.9805   0.05654   0.05335   0.0222  0.0151  1.0000  -7.1788   0.0000   0.0000   0.0000   0.2159
  12.250   0.9554   0.06427   0.06138   0.0156  0.0153  1.0000  -6.9417   0.0000   0.0000   0.0000   0.2217
  14.500   0.7471   0.17034   0.16782  -0.0407  0.0224  1.0000  -2.5652   0.0000   0.0000   0.0000   0.2930
  14.750   0.7499   0.17527   0.17273  -0.0425  0.0222  1.0000  -2.5230   0.0000   0.0000   0.0000   0.2949
  15.000   0.7443   0.18347   0.18090  -0.0489  0.0211  1.0000  -2.1263   0.0000   0.0000   0.0000   0.3040
  15.250   0.7497   0.18761   0.18505  -0.0510  0.0203  1.0000  -2.1019   0.0000   0.0000   0.0000   0.3061
  15.500   0.7560   0.19134   0.18877  -0.0528  0.0197  1.0000  -2.1119   0.0000   0.0000   0.0000   0.3076
  15.750   0.7630   0.19475   0.19218  -0.0544  0.0193  1.0000  -2.1484   0.0000   0.0000   0.0000   0.3087
  16.000   0.7710   0.19767   0.19510  -0.0555  0.0189  1.0000  -2.2311   0.0000   0.0000   0.0000   0.3090
  16.250   0.7821   0.19996   0.19740  -0.0551  0.0186  1.0000  -2.4164   0.0000   0.0000   0.0000   0.3071
  16.500   0.7867   0.20475   0.20219  -0.0574  0.0184  1.0000  -2.3455   0.0000   0.0000   0.0000   0.3094
  16.750   0.7877   0.21107   0.20848  -0.0629  0.0174  1.0000  -2.0265   0.0000   0.0000   0.0000   0.3162
  17.000   0.7948   0.21489   0.21230  -0.0650  0.0167  1.0000  -2.0057   0.0000   0.0000   0.0000   0.3178
  17.250   0.8024   0.21839   0.21582  -0.0669  0.0161  1.0000  -2.0120   0.0000   0.0000   0.0000   0.3191
  17.500   0.8102   0.22163   0.21906  -0.0686  0.0157  1.0000  -2.0422   0.0000   0.0000   0.0000   0.3201
  17.750   0.8184   0.22460   0.22203  -0.0701  0.0154  1.0000  -2.1038   0.0000   0.0000   0.0000   0.3206
  18.000   0.8275   0.22734   0.22478  -0.0708  0.0152  1.0000  -2.2252   0.0000   0.0000   0.0000   0.3201
  18.250   0.8367   0.23116   0.22860  -0.0714  0.0150  1.0000  -2.3197   0.0000   0.0000   0.0000   0.3195
  18.500   0.8404   0.23606   0.23349  -0.0761  0.0149  1.0000  -2.1076   0.0000   0.0000   0.0000   0.3245
  18.750   0.8476   0.24094   0.23835  -0.0797  0.0141  1.0000  -1.9622   0.0000   0.0000   0.0000   0.3278
  19.000   0.8557   0.24460   0.24202  -0.0819  0.0135  1.0000  -1.9599   0.0000   0.0000   0.0000   0.3292
  19.250   0.8638   0.24807   0.24549  -0.0840  0.0131  1.0000  -1.9746   0.0000   0.0000   0.0000   0.3304
  19.500   0.8720   0.25140   0.24883  -0.0861  0.0128  1.0000  -2.0010   0.0000   0.0000   0.0000   0.3314
  19.750   0.8802   0.25457   0.25200  -0.0881  0.0125  1.0000  -2.0404   0.0000   0.0000   0.0000   0.3324
  20.000   0.8884   0.25758   0.25502  -0.0899  0.0123  1.0000  -2.0970   0.0000   0.0000   0.0000   0.3331


