xflr5 v6.61

 Calculated polar for: NACA 0012

 1 1 Reynolds number fixed          Mach number fixed         

 xtrf =   1.000 (top)        1.000 (bottom)
 Mach =   0.000     Re =     0.780 e 6     Ncrit =   9.000

  alpha     CL        CD       CDp       Cm    Top Xtr Bot Xtr   Cpmin    Chinge    XCp    
 ------- -------- --------- --------- -------- ------- ------- -------- --------- ---------
 -10.000  -1.0706   0.01632   0.01021  -0.0067  1.0000  0.0278  -5.4208   0.0000   0.0000   0.0000   0.2326
  -9.750  -1.0488   0.01587   0.00974  -0.0058  1.0000  0.0290  -5.2177   0.0000   0.0000   0.0000   0.2337
  -9.500  -1.0267   0.01546   0.00930  -0.0049  1.0000  0.0303  -5.0180   0.0000   0.0000   0.0000   0.2348
  -9.250  -1.0060   0.01495   0.00874  -0.0037  1.0000  0.0316  -4.8301   0.0000   0.0000   0.0000   0.2361
  -9.000  -0.9853   0.01448   0.00827  -0.0025  1.0000  0.0333  -4.6403   0.0000   0.0000   0.0000   0.2375
  -8.750  -0.9635   0.01413   0.00789  -0.0015  1.0000  0.0349  -4.4487   0.0000   0.0000   0.0000   0.2389
  -8.500  -0.9428   0.01369   0.00744  -0.0002  1.0000  0.0370  -4.2664   0.0000   0.0000   0.0000   0.2405
  -8.250  -0.9215   0.01334   0.00709   0.0010  1.0000  0.0393  -4.0810   0.0000   0.0000   0.0000   0.2421
  -8.000  -0.9004   0.01299   0.00672   0.0022  1.0000  0.0417  -3.9015   0.0000   0.0000   0.0000   0.2437
  -7.750  -0.8796   0.01263   0.00636   0.0035  1.0000  0.0445  -3.7346   0.0000   0.0000   0.0000   0.2455
  -7.500  -0.8586   0.01230   0.00603   0.0048  1.0000  0.0476  -3.5747   0.0000   0.0000   0.0000   0.2474
  -7.250  -0.8376   0.01200   0.00574   0.0061  1.0000  0.0513  -3.4153   0.0000   0.0000   0.0000   0.2493
  -7.000  -0.8169   0.01167   0.00544   0.0074  1.0000  0.0558  -3.2598   0.0000   0.0000   0.0000   0.2514
  -6.750  -0.7959   0.01138   0.00516   0.0087  1.0000  0.0609  -3.1058   0.0000   0.0000   0.0000   0.2535
  -6.500  -0.7748   0.01110   0.00490   0.0100  1.0000  0.0669  -2.9539   0.0000   0.0000   0.0000   0.2556
  -6.250  -0.7537   0.01083   0.00466   0.0112  1.0000  0.0740  -2.8041   0.0000   0.0000   0.0000   0.2578
  -6.000  -0.7195   0.01051   0.00440   0.0097  0.9985  0.0852  -2.6279   0.0000   0.0000   0.0000   0.2566
  -5.750  -0.6843   0.01016   0.00413   0.0079  0.9966  0.0992  -2.4570   0.0000   0.0000   0.0000   0.2549
  -5.500  -0.6491   0.00983   0.00389   0.0061  0.9945  0.1161  -2.2896   0.0000   0.0000   0.0000   0.2530
  -5.250  -0.6134   0.00948   0.00365   0.0043  0.9927  0.1368  -2.1247   0.0000   0.0000   0.0000   0.2506
  -5.000  -0.5790   0.00914   0.00342   0.0027  0.9898  0.1601  -1.9753   0.0000   0.0000   0.0000   0.2485
  -4.750  -0.5431   0.00879   0.00321   0.0008  0.9877  0.1871  -1.8293   0.0000   0.0000   0.0000   0.2454
  -4.500  -0.5084   0.00846   0.00301  -0.0008  0.9847  0.2159  -1.6893   0.0000   0.0000   0.0000   0.2425
  -4.250  -0.4727   0.00813   0.00282  -0.0027  0.9820  0.2471  -1.5584   0.0000   0.0000   0.0000   0.2385
  -4.000  -0.4380   0.00782   0.00264  -0.0042  0.9787  0.2786  -1.4349   0.0000   0.0000   0.0000   0.2346
  -3.500  -0.3748   0.00726   0.00234  -0.0058  0.9671  0.3405  -1.2198   0.0000   0.0000   0.0000   0.2289
  -3.250  -0.3456   0.00702   0.00221  -0.0060  0.9591  0.3706  -1.1260   0.0000   0.0000   0.0000   0.2271
  -3.000  -0.3178   0.00681   0.00209  -0.0059  0.9496  0.3998  -1.0389   0.0000   0.0000   0.0000   0.2261
  -2.750  -0.2909   0.00661   0.00198  -0.0055  0.9387  0.4286  -0.9606   0.0000   0.0000   0.0000   0.2258
  -2.250  -0.2383   0.00627   0.00178  -0.0045  0.9129  0.4852  -0.8198   0.0000   0.0000   0.0000   0.2262
  -2.000  -0.2121   0.00612   0.00170  -0.0039  0.8974  0.5132  -0.7573   0.0000   0.0000   0.0000   0.2266
  -1.750  -0.1858   0.00599   0.00162  -0.0034  0.8807  0.5411  -0.6998   0.0000   0.0000   0.0000   0.2270
  -1.500  -0.1594   0.00588   0.00155  -0.0028  0.8627  0.5687  -0.6468   0.0000   0.0000   0.0000   0.2273
  -1.250  -0.1330   0.00579   0.00150  -0.0023  0.8430  0.5961  -0.5988   0.0000   0.0000   0.0000   0.2276
  -1.000  -0.1064   0.00572   0.00145  -0.0019  0.8222  0.6231  -0.5547   0.0000   0.0000   0.0000   0.2278
  -0.750  -0.0799   0.00567   0.00141  -0.0014  0.8002  0.6498  -0.5148   0.0000   0.0000   0.0000   0.2282
  -0.500  -0.0532   0.00563   0.00139  -0.0009  0.7767  0.6762  -0.4781   0.0000   0.0000   0.0000   0.2280
   0.000  -0.0000   0.00560   0.00137   0.0000  0.7280  0.7280  -0.4136   0.0000   0.0000   0.0000   0.4560
   0.500   0.0532   0.00563   0.00139   0.0009  0.6762  0.7768  -0.4781   0.0000   0.0000   0.0000   0.2280
   0.750   0.0799   0.00567   0.00141   0.0014  0.6498  0.8002  -0.5148   0.0000   0.0000   0.0000   0.2282
   1.000   0.1064   0.00572   0.00145   0.0019  0.6231  0.8222  -0.5547   0.0000   0.0000   0.0000   0.2278
   1.250   0.1330   0.00579   0.00150   0.0023  0.5961  0.8430  -0.5988   0.0000   0.0000   0.0000   0.2276
   1.500   0.1594   0.00588   0.00155   0.0028  0.5687  0.8627  -0.6468   0.0000   0.0000   0.0000   0.2273
   1.750   0.1858   0.00599   0.00162   0.0034  0.5411  0.8807  -0.6998   0.0000   0.0000   0.0000   0.2270
   2.000   0.2121   0.00612   0.00170   0.0039  0.5132  0.8974  -0.7573   0.0000   0.0000   0.0000   0.2266
   2.750   0.2909   0.00661   0.00198   0.0055  0.4286  0.9387  -0.9606   0.0000   0.0000   0.0000   0.2258
   3.000   0.3178   0.00681   0.00209   0.0059  0.3998  0.9496  -1.0389   0.0000   0.0000   0.0000   0.2261
   3.250   0.3456   0.00702   0.00221   0.0060  0.3706  0.9591  -1.1260   0.0000   0.0000   0.0000   0.2271
   3.500   0.3748   0.00726   0.00234   0.0058  0.3405  0.9671  -1.2198   0.0000   0.0000   0.0000   0.2289
   4.000   0.4380   0.00782   0.00264   0.0042  0.2786  0.9787  -1.4349   0.0000   0.0000   0.0000   0.2346
   4.250   0.4727   0.00813   0.00282   0.0027  0.2471  0.9820  -1.5584   0.0000   0.0000   0.0000   0.2385
   4.500   0.5084   0.00846   0.00301   0.0008  0.2159  0.9847  -1.6893   0.0000   0.0000   0.0000   0.2425
   4.750   0.5431   0.00879   0.00321  -0.0008  0.1871  0.9878  -1.8293   0.0000   0.0000   0.0000   0.2454
   5.000   0.5790   0.00913   0.00342  -0.0027  0.1601  0.9898  -1.9754   0.0000   0.0000   0.0000   0.2485
   5.250   0.6134   0.00948   0.00365  -0.0043  0.1368  0.9927  -2.1247   0.0000   0.0000   0.0000   0.2506
   5.500   0.6491   0.00982   0.00389  -0.0061  0.1161  0.9945  -2.2897   0.0000   0.0000   0.0000   0.2530
   5.750   0.6843   0.01016   0.00413  -0.0079  0.0992  0.9967  -2.4571   0.0000   0.0000   0.0000   0.2549
   6.000   0.7195   0.01051   0.00440  -0.0097  0.0852  0.9985  -2.6280   0.0000   0.0000   0.0000   0.2566
   6.250   0.7536   0.01082   0.00466  -0.0112  0.0740  1.0000  -2.8038   0.0000   0.0000   0.0000   0.2578
   6.500   0.7748   0.01110   0.00490  -0.0100  0.0669  1.0000  -2.9537   0.0000   0.0000   0.0000   0.2556
   6.750   0.7958   0.01138   0.00516  -0.0087  0.0610  1.0000  -3.1055   0.0000   0.0000   0.0000   0.2535
   7.000   0.8168   0.01167   0.00543  -0.0074  0.0558  1.0000  -3.2595   0.0000   0.0000   0.0000   0.2514
   7.250   0.8375   0.01200   0.00574  -0.0061  0.0513  1.0000  -3.4150   0.0000   0.0000   0.0000   0.2493
   7.500   0.8586   0.01230   0.00603  -0.0048  0.0476  1.0000  -3.5745   0.0000   0.0000   0.0000   0.2474
   7.750   0.8795   0.01263   0.00636  -0.0035  0.0445  1.0000  -3.7344   0.0000   0.0000   0.0000   0.2455
   8.000   0.9003   0.01299   0.00672  -0.0022  0.0417  1.0000  -3.9013   0.0000   0.0000   0.0000   0.2437
   8.250   0.9215   0.01334   0.00709  -0.0010  0.0393  1.0000  -4.0809   0.0000   0.0000   0.0000   0.2420
   8.500   0.9428   0.01369   0.00744   0.0002  0.0370  1.0000  -4.2663   0.0000   0.0000   0.0000   0.2405
   8.750   0.9634   0.01413   0.00789   0.0015  0.0350  1.0000  -4.4486   0.0000   0.0000   0.0000   0.2389
   9.000   0.9852   0.01448   0.00827   0.0025  0.0333  1.0000  -4.6402   0.0000   0.0000   0.0000   0.2375
   9.250   1.0060   0.01495   0.00874   0.0037  0.0316  1.0000  -4.8301   0.0000   0.0000   0.0000   0.2361
   9.500   1.0267   0.01546   0.00929   0.0049  0.0303  1.0000  -5.0181   0.0000   0.0000   0.0000   0.2348
   9.750   1.0489   0.01587   0.00974   0.0058  0.0290  1.0000  -5.2179   0.0000   0.0000   0.0000   0.2337
  10.000   1.0707   0.01631   0.01021   0.0067  0.0278  1.0000  -5.4210   0.0000   0.0000   0.0000   0.2326
  10.250   1.0887   0.01712   0.01103   0.0081  0.0264  1.0000  -5.6024   0.0000   0.0000   0.0000   0.2311
  10.500   1.1114   0.01749   0.01147   0.0089  0.0256  1.0000  -5.8140   0.0000   0.0000   0.0000   0.2303
  10.750   1.1329   0.01797   0.01200   0.0098  0.0247  1.0000  -6.0358   0.0000   0.0000   0.0000   0.2293
  11.000   1.1537   0.01850   0.01257   0.0107  0.0238  1.0000  -6.2619   0.0000   0.0000   0.0000   0.2283
  11.250   1.1726   0.01918   0.01327   0.0119  0.0230  1.0000  -6.4800   0.0000   0.0000   0.0000   0.2271
  11.500   1.1868   0.02023   0.01437   0.0136  0.0222  1.0000  -6.6657   0.0000   0.0000   0.0000   0.2254
  11.750   1.2066   0.02078   0.01500   0.0146  0.0217  1.0000  -6.8920   0.0000   0.0000   0.0000   0.2244
  12.000   1.2249   0.02142   0.01572   0.0158  0.0212  1.0000  -7.1119   0.0000   0.0000   0.0000   0.2232
  12.250   1.2419   0.02212   0.01649   0.0172  0.0206  1.0000  -7.3288   0.0000   0.0000   0.0000   0.2219
  12.500   1.2577   0.02285   0.01727   0.0186  0.0201  1.0000  -7.5432   0.0000   0.0000   0.0000   0.2206
  12.750   1.2702   0.02361   0.01809   0.0205  0.0196  1.0000  -7.7434   0.0000   0.0000   0.0000   0.2188
  13.000   1.2789   0.02460   0.01912   0.0228  0.0191  1.0000  -7.9220   0.0000   0.0000   0.0000   0.2167
  13.250   1.2794   0.02621   0.02082   0.0256  0.0186  1.0000  -8.0410   0.0000   0.0000   0.0000   0.2141
  13.500   1.2879   0.02739   0.02209   0.0272  0.0183  1.0000  -8.2131   0.0000   0.0000   0.0000   0.2126
  13.750   1.2984   0.02847   0.02327   0.0285  0.0180  1.0000  -8.4017   0.0000   0.0000   0.0000   0.2113
  14.000   1.3067   0.02980   0.02470   0.0297  0.0177  1.0000  -8.5746   0.0000   0.0000   0.0000   0.2101
  14.250   1.3132   0.03137   0.02638   0.0306  0.0174  1.0000  -8.7346   0.0000   0.0000   0.0000   0.2090
  14.500   1.3185   0.03317   0.02828   0.0313  0.0171  1.0000  -8.8866   0.0000   0.0000   0.0000   0.2081
  14.750   1.3226   0.03521   0.03042   0.0316  0.0168  1.0000  -9.0303   0.0000   0.0000   0.0000   0.2074
  15.000   1.3257   0.03751   0.03282   0.0316  0.0165  1.0000  -9.1655   0.0000   0.0000   0.0000   0.2070
  15.250   1.3273   0.04014   0.03555   0.0311  0.0163  1.0000  -9.2886   0.0000   0.0000   0.0000   0.2068
  15.500   1.3272   0.04315   0.03866   0.0303  0.0161  1.0000  -9.3968   0.0000   0.0000   0.0000   0.2069
  15.750   1.3248   0.04660   0.04221   0.0290  0.0159  1.0000  -9.4844   0.0000   0.0000   0.0000   0.2072
  16.000   1.3198   0.05058   0.04630   0.0274  0.0158  1.0000  -9.5461   0.0000   0.0000   0.0000   0.2078
  16.250   1.3117   0.05511   0.05094   0.0253  0.0156  1.0000  -9.5824   0.0000   0.0000   0.0000   0.2087
  16.500   1.3003   0.06021   0.05616   0.0229  0.0155  1.0000  -9.5883   0.0000   0.0000   0.0000   0.2097
  16.750   1.2860   0.06583   0.06190   0.0202  0.0154  1.0000  -9.5616   0.0000   0.0000   0.0000   0.2110
  17.000   1.2690   0.07192   0.06812   0.0173  0.0153  1.0000  -9.5037   0.0000   0.0000   0.0000   0.2125
  17.250   1.2502   0.07848   0.07482   0.0141  0.0152  1.0000  -9.4188   0.0000   0.0000   0.0000   0.2143
  17.500   1.2295   0.08548   0.08195   0.0106  0.0151  1.0000  -9.3059   0.0000   0.0000   0.0000   0.2164
  17.750   1.2096   0.09263   0.08923   0.0069  0.0150  1.0000  -9.1905   0.0000   0.0000   0.0000   0.2187
  18.000   1.1931   0.09948   0.09621   0.0033  0.0150  1.0000  -9.1013   0.0000   0.0000   0.0000   0.2212
  18.250   1.1757   0.10665   0.10350  -0.0006  0.0149  1.0000  -8.9910   0.0000   0.0000   0.0000   0.2239
  18.500   1.1574   0.11415   0.11113  -0.0047  0.0149  1.0000  -8.8597   0.0000   0.0000   0.0000   0.2269
  18.750   1.1380   0.12200   0.11910  -0.0090  0.0149  1.0000  -8.7022   0.0000   0.0000   0.0000   0.2303
  19.000   1.1172   0.13033   0.12757  -0.0136  0.0149  1.0000  -8.5115   0.0000   0.0000   0.0000   0.2341
  19.250   1.0944   0.13942   0.13678  -0.0188  0.0148  1.0000  -8.2714   0.0000   0.0000   0.0000   0.2387
  19.500   1.0668   0.14988   0.14739  -0.0249  0.0148  1.0000  -7.9380   0.0000   0.0000   0.0000   0.2445
  19.750   1.0187   0.16604   0.16377  -0.0345  0.0149  1.0000  -7.2430   0.0000   0.0000   0.0000   0.2550


