xflr5 v6.61

 Calculated polar for: NACA 0009

 1 1 Reynolds number fixed          Mach number fixed         

 xtrf =   1.000 (top)        1.000 (bottom)
 Mach =   0.000     Re =     0.940 e 6     Ncrit =   9.000

  alpha     CL        CD       CDp       Cm    Top Xtr Bot Xtr   Cpmin    Chinge    XCp    
 ------- -------- --------- --------- -------- ------- ------- -------- --------- ---------
 -10.000  -1.0573   0.01911   0.01393  -0.0073  1.0000  0.0112  -8.0209   0.0000   0.0000   0.0000   0.2339
  -9.750  -1.0344   0.01847   0.01320  -0.0067  1.0000  0.0116  -7.6930   0.0000   0.0000   0.0000   0.2346
  -9.500  -1.0102   0.01802   0.01266  -0.0062  1.0000  0.0119  -7.3534   0.0000   0.0000   0.0000   0.2352
  -9.250  -0.9919   0.01655   0.01108  -0.0051  1.0000  0.0126  -7.1066   0.0000   0.0000   0.0000   0.2366
  -9.000  -0.9686   0.01591   0.01040  -0.0045  1.0000  0.0131  -6.7858   0.0000   0.0000   0.0000   0.2373
  -8.750  -0.9446   0.01536   0.00980  -0.0040  1.0000  0.0136  -6.4668   0.0000   0.0000   0.0000   0.2380
  -8.500  -0.9204   0.01483   0.00919  -0.0035  1.0000  0.0142  -6.1565   0.0000   0.0000   0.0000   0.2387
  -8.250  -0.8957   0.01436   0.00865  -0.0031  1.0000  0.0148  -5.8483   0.0000   0.0000   0.0000   0.2394
  -8.000  -0.8728   0.01357   0.00780  -0.0024  1.0000  0.0156  -5.5704   0.0000   0.0000   0.0000   0.2404
  -7.750  -0.8483   0.01306   0.00725  -0.0019  1.0000  0.0165  -5.2856   0.0000   0.0000   0.0000   0.2411
  -7.500  -0.8232   0.01267   0.00683  -0.0015  1.0000  0.0175  -5.0160   0.0000   0.0000   0.0000   0.2418
  -7.250  -0.7975   0.01237   0.00649  -0.0011  1.0000  0.0184  -4.7477   0.0000   0.0000   0.0000   0.2425
  -7.000  -0.7737   0.01176   0.00586  -0.0005  1.0000  0.0200  -4.5043   0.0000   0.0000   0.0000   0.2434
  -6.750  -0.7484   0.01142   0.00549  -0.0000  1.0000  0.0214  -4.2487   0.0000   0.0000   0.0000   0.2443
  -6.500  -0.7236   0.01102   0.00505   0.0005  1.0000  0.0230  -4.0062   0.0000   0.0000   0.0000   0.2453
  -6.250  -0.6989   0.01066   0.00470   0.0011  1.0000  0.0250  -3.7621   0.0000   0.0000   0.0000   0.2463
  -6.000  -0.6742   0.01033   0.00435   0.0017  1.0000  0.0275  -3.5256   0.0000   0.0000   0.0000   0.2475
  -5.750  -0.6495   0.01005   0.00407   0.0023  1.0000  0.0305  -3.2902   0.0000   0.0000   0.0000   0.2487
  -5.500  -0.6251   0.00972   0.00376   0.0030  1.0000  0.0343  -3.0734   0.0000   0.0000   0.0000   0.2501
  -5.250  -0.6008   0.00943   0.00348   0.0037  1.0000  0.0391  -2.8750   0.0000   0.0000   0.0000   0.2517
  -5.000  -0.5765   0.00916   0.00323   0.0044  1.0000  0.0455  -2.6797   0.0000   0.0000   0.0000   0.2533
  -4.750  -0.5525   0.00888   0.00300   0.0051  1.0000  0.0547  -2.4892   0.0000   0.0000   0.0000   0.2552
  -4.500  -0.5286   0.00861   0.00279   0.0059  1.0000  0.0674  -2.3031   0.0000   0.0000   0.0000   0.2572
  -4.250  -0.5048   0.00833   0.00260   0.0066  1.0000  0.0851  -2.1215   0.0000   0.0000   0.0000   0.2593
  -4.000  -0.4811   0.00804   0.00242   0.0074  1.0000  0.1093  -1.9567   0.0000   0.0000   0.0000   0.2617
  -3.750  -0.4560   0.00773   0.00226   0.0078  0.9998  0.1402  -1.7971   0.0000   0.0000   0.0000   0.2635
  -3.500  -0.4207   0.00735   0.00208   0.0059  0.9979  0.1859  -1.6119   0.0000   0.0000   0.0000   0.2606
  -3.250  -0.3856   0.00697   0.00191   0.0041  0.9956  0.2375  -1.4384   0.0000   0.0000   0.0000   0.2573
  -3.000  -0.3501   0.00661   0.00177   0.0022  0.9934  0.2925  -1.2810   0.0000   0.0000   0.0000   0.2530
  -2.750  -0.3153   0.00627   0.00164   0.0005  0.9903  0.3476  -1.1318   0.0000   0.0000   0.0000   0.2484
  -2.500  -0.2793   0.00595   0.00152  -0.0015  0.9876  0.4022  -0.9968   0.0000   0.0000   0.0000   0.2416
  -2.250  -0.2456   0.00566   0.00142  -0.0028  0.9826  0.4542  -0.8770   0.0000   0.0000   0.0000   0.2355
  -2.000  -0.2133   0.00540   0.00134  -0.0038  0.9760  0.5036  -0.7704   0.0000   0.0000   0.0000   0.2290
  -1.750  -0.1827   0.00517   0.00127  -0.0044  0.9669  0.5510  -0.6780   0.0000   0.0000   0.0000   0.2231
  -1.500  -0.1540   0.00497   0.00121  -0.0044  0.9554  0.5959  -0.5985   0.0000   0.0000   0.0000   0.2184
  -1.250  -0.1277   0.00479   0.00116  -0.0039  0.9401  0.6383  -0.5308   0.0000   0.0000   0.0000   0.2166
  -1.000  -0.1020   0.00464   0.00112  -0.0032  0.9225  0.6788  -0.4729   0.0000   0.0000   0.0000   0.2162
  -0.750  -0.0767   0.00453   0.00108  -0.0023  0.9018  0.7177  -0.4229   0.0000   0.0000   0.0000   0.2166
  -0.500  -0.0513   0.00444   0.00105  -0.0015  0.8781  0.7547  -0.3800   0.0000   0.0000   0.0000   0.2172
  -0.250  -0.0256   0.00438   0.00104  -0.0008  0.8514  0.7893  -0.3428   0.0000   0.0000   0.0000   0.2173
   0.000   0.0000   0.00436   0.00103  -0.0000  0.8217  0.8217  -0.3106   0.0000   0.0000   0.0000   0.3978
   0.250   0.0256   0.00438   0.00104   0.0008  0.7893  0.8514  -0.3428   0.0000   0.0000   0.0000   0.2173
   0.500   0.0513   0.00444   0.00105   0.0015  0.7547  0.8781  -0.3800   0.0000   0.0000   0.0000   0.2172
   0.750   0.0767   0.00453   0.00108   0.0023  0.7177  0.9018  -0.4229   0.0000   0.0000   0.0000   0.2166
   1.000   0.1020   0.00464   0.00112   0.0032  0.6788  0.9225  -0.4729   0.0000   0.0000   0.0000   0.2162
   1.250   0.1277   0.00479   0.00116   0.0039  0.6383  0.9401  -0.5308   0.0000   0.0000   0.0000   0.2166
   1.500   0.1540   0.00497   0.00121   0.0044  0.5960  0.9555  -0.5985   0.0000   0.0000   0.0000   0.2184
   1.750   0.1827   0.00517   0.00127   0.0044  0.5510  0.9670  -0.6780   0.0000   0.0000   0.0000   0.2231
   2.000   0.2133   0.00540   0.00134   0.0038  0.5036  0.9760  -0.7704   0.0000   0.0000   0.0000   0.2290
   2.250   0.2456   0.00566   0.00142   0.0028  0.4542  0.9826  -0.8770   0.0000   0.0000   0.0000   0.2355
   2.500   0.2793   0.00595   0.00152   0.0015  0.4022  0.9876  -0.9968   0.0000   0.0000   0.0000   0.2417
   2.750   0.3153   0.00627   0.00164  -0.0005  0.3476  0.9903  -1.1318   0.0000   0.0000   0.0000   0.2484
   3.000   0.3501   0.00661   0.00177  -0.0022  0.2925  0.9934  -1.2810   0.0000   0.0000   0.0000   0.2530
   3.250   0.3857   0.00697   0.00191  -0.0041  0.2375  0.9957  -1.4384   0.0000   0.0000   0.0000   0.2573
   3.500   0.4207   0.00735   0.00208  -0.0059  0.1859  0.9979  -1.6119   0.0000   0.0000   0.0000   0.2606
   3.750   0.4560   0.00773   0.00226  -0.0078  0.1402  0.9998  -1.7972   0.0000   0.0000   0.0000   0.2635
   4.250   0.5048   0.00833   0.00260  -0.0066  0.0851  1.0000  -2.1213   0.0000   0.0000   0.0000   0.2593
   4.500   0.5285   0.00861   0.00279  -0.0059  0.0674  1.0000  -2.3029   0.0000   0.0000   0.0000   0.2571
   4.750   0.5524   0.00888   0.00300  -0.0051  0.0548  1.0000  -2.4890   0.0000   0.0000   0.0000   0.2551
   5.000   0.5764   0.00916   0.00323  -0.0044  0.0455  1.0000  -2.6795   0.0000   0.0000   0.0000   0.2533
   5.250   0.6007   0.00943   0.00348  -0.0037  0.0391  1.0000  -2.8748   0.0000   0.0000   0.0000   0.2516
   5.500   0.6251   0.00972   0.00376  -0.0030  0.0343  1.0000  -3.0733   0.0000   0.0000   0.0000   0.2501
   5.750   0.6494   0.01005   0.00407  -0.0023  0.0305  1.0000  -3.2901   0.0000   0.0000   0.0000   0.2487
   6.000   0.6741   0.01033   0.00435  -0.0017  0.0275  1.0000  -3.5255   0.0000   0.0000   0.0000   0.2475
   6.250   0.6988   0.01066   0.00470  -0.0011  0.0250  1.0000  -3.7620   0.0000   0.0000   0.0000   0.2463
   6.500   0.7236   0.01102   0.00505  -0.0005  0.0230  1.0000  -4.0061   0.0000   0.0000   0.0000   0.2453
   6.750   0.7484   0.01142   0.00549   0.0000  0.0214  1.0000  -4.2486   0.0000   0.0000   0.0000   0.2443
   7.000   0.7737   0.01176   0.00586   0.0005  0.0200  1.0000  -4.5043   0.0000   0.0000   0.0000   0.2434
   7.250   0.7975   0.01237   0.00649   0.0011  0.0184  1.0000  -4.7477   0.0000   0.0000   0.0000   0.2425
   7.500   0.8232   0.01267   0.00683   0.0015  0.0175  1.0000  -5.0161   0.0000   0.0000   0.0000   0.2418
   7.750   0.8484   0.01306   0.00725   0.0019  0.0165  1.0000  -5.2856   0.0000   0.0000   0.0000   0.2411
   8.000   0.8728   0.01357   0.00780   0.0024  0.0156  1.0000  -5.5705   0.0000   0.0000   0.0000   0.2404
   8.250   0.8957   0.01436   0.00865   0.0031  0.0148  1.0000  -5.8485   0.0000   0.0000   0.0000   0.2394
   8.500   0.9204   0.01483   0.00919   0.0035  0.0142  1.0000  -6.1567   0.0000   0.0000   0.0000   0.2387
   8.750   0.9446   0.01536   0.00980   0.0040  0.0136  1.0000  -6.4670   0.0000   0.0000   0.0000   0.2380
   9.000   0.9686   0.01591   0.01040   0.0045  0.0131  1.0000  -6.7861   0.0000   0.0000   0.0000   0.2373
   9.250   0.9919   0.01655   0.01108   0.0051  0.0126  1.0000  -7.1069   0.0000   0.0000   0.0000   0.2366
   9.500   1.0102   0.01802   0.01266   0.0062  0.0119  1.0000  -7.3538   0.0000   0.0000   0.0000   0.2352
   9.750   1.0345   0.01847   0.01320   0.0067  0.0116  1.0000  -7.6935   0.0000   0.0000   0.0000   0.2346
  10.000   1.0574   0.01911   0.01393   0.0072  0.0112  1.0000  -8.0214   0.0000   0.0000   0.0000   0.2339
  10.250   1.0792   0.01990   0.01482   0.0079  0.0108  1.0000  -8.3388   0.0000   0.0000   0.0000   0.2331
  10.500   1.1006   0.02070   0.01573   0.0087  0.0105  1.0000  -8.6608   0.0000   0.0000   0.0000   0.2323
  10.750   1.1216   0.02151   0.01662   0.0094  0.0101  1.0000  -8.9905   0.0000   0.0000   0.0000   0.2314
  11.000   1.1417   0.02238   0.01757   0.0101  0.0098  1.0000  -9.3216   0.0000   0.0000   0.0000   0.2306
  11.250   1.1593   0.02354   0.01883   0.0111  0.0096  1.0000  -9.6240   0.0000   0.0000   0.0000   0.2295
  11.500   1.1671   0.02603   0.02155   0.0131  0.0092  1.0000  -9.7731   0.0000   0.0000   0.0000   0.2276
  11.750   1.1782   0.02788   0.02362   0.0146  0.0091  1.0000  -9.9799   0.0000   0.0000   0.0000   0.2261
  12.000   1.1919   0.02920   0.02510   0.0159  0.0090  1.0000  -10.2435   0.0000   0.0000   0.0000   0.2248
  12.250   1.2023   0.03076   0.02684   0.0173  0.0088  1.0000  -10.4740   0.0000   0.0000   0.0000   0.2233
  12.500   1.2088   0.03256   0.02882   0.0191  0.0087  1.0000  -10.6661   0.0000   0.0000   0.0000   0.2216
  12.750   1.2074   0.03448   0.03092   0.0216  0.0086  1.0000  -10.8216   0.0000   0.0000   0.0000   0.2191
  13.000   1.2025   0.03684   0.03345   0.0236  0.0085  1.0000  -10.9359   0.0000   0.0000   0.0000   0.2170
  13.250   1.1947   0.03984   0.03664   0.0243  0.0085  1.0000  -11.0083   0.0000   0.0000   0.0000   0.2158
  13.500   1.1840   0.04380   0.04080   0.0234  0.0084  1.0000  -11.0297   0.0000   0.0000   0.0000   0.2160
  13.750   1.1700   0.04915   0.04636   0.0203  0.0084  1.0000  -10.9833   0.0000   0.0000   0.0000   0.2179
  14.000   1.1515   0.05647   0.05388   0.0147  0.0084  1.0000  -10.8391   0.0000   0.0000   0.0000   0.2219
  14.250   1.1260   0.06622   0.06384   0.0070  0.0084  1.0000  -10.5534   0.0000   0.0000   0.0000   0.2280
  14.500   1.0907   0.07848   0.07630  -0.0017  0.0085  1.0000  -10.0845   0.0000   0.0000   0.0000   0.2354
  14.750   1.0432   0.09331   0.09130  -0.0108  0.0087  1.0000  -9.3855   0.0000   0.0000   0.0000   0.2439
  15.000   0.9532   0.11782   0.11600  -0.0240  0.0091  1.0000  -7.8547   0.0000   0.0000   0.0000   0.2590
  15.250   0.7520   0.11831   0.11663  -0.0088  0.0099  1.0000  -6.3443   0.0000   0.0000   0.0000   0.2472


