xflr5 v6.61

 Calculated polar for: NACA 0012

 1 1 Reynolds number fixed          Mach number fixed         

 xtrf =   1.000 (top)        1.000 (bottom)
 Mach =   0.000     Re =     0.620 e 6     Ncrit =   9.000

  alpha     CL        CD       CDp       Cm    Top Xtr Bot Xtr   Cpmin    Chinge    XCp    
 ------- -------- --------- --------- -------- ------- ------- -------- --------- ---------
 -10.000  -1.0564   0.01792   0.01158  -0.0089  1.0000  0.0304  -5.3144   0.0000   0.0000   0.0000   0.2305
  -9.750  -1.0374   0.01721   0.01082  -0.0076  1.0000  0.0316  -5.1353   0.0000   0.0000   0.0000   0.2319
  -9.500  -1.0173   0.01661   0.01022  -0.0064  1.0000  0.0330  -4.9471   0.0000   0.0000   0.0000   0.2332
  -9.250  -0.9958   0.01616   0.00973  -0.0054  1.0000  0.0345  -4.7554   0.0000   0.0000   0.0000   0.2344
  -9.000  -0.9749   0.01568   0.00919  -0.0043  1.0000  0.0361  -4.5712   0.0000   0.0000   0.0000   0.2357
  -8.750  -0.9549   0.01514   0.00866  -0.0030  1.0000  0.0382  -4.3895   0.0000   0.0000   0.0000   0.2373
  -8.500  -0.9331   0.01479   0.00828  -0.0019  1.0000  0.0404  -4.2035   0.0000   0.0000   0.0000   0.2386
  -8.250  -0.9135   0.01426   0.00775  -0.0005  1.0000  0.0428  -4.0305   0.0000   0.0000   0.0000   0.2404
  -8.000  -0.8921   0.01391   0.00738   0.0007  1.0000  0.0454  -3.8516   0.0000   0.0000   0.0000   0.2420
  -7.750  -0.8719   0.01346   0.00693   0.0021  1.0000  0.0484  -3.6928   0.0000   0.0000   0.0000   0.2439
  -7.500  -0.8504   0.01316   0.00661   0.0033  1.0000  0.0519  -3.5320   0.0000   0.0000   0.0000   0.2456
  -7.250  -0.8303   0.01275   0.00623   0.0046  1.0000  0.0563  -3.3779   0.0000   0.0000   0.0000   0.2476
  -7.000  -0.8096   0.01239   0.00589   0.0060  1.0000  0.0611  -3.2248   0.0000   0.0000   0.0000   0.2496
  -6.750  -0.7888   0.01206   0.00557   0.0073  1.0000  0.0667  -3.0734   0.0000   0.0000   0.0000   0.2517
  -6.500  -0.7680   0.01174   0.00528   0.0086  1.0000  0.0734  -2.9238   0.0000   0.0000   0.0000   0.2539
  -6.250  -0.7471   0.01142   0.00501   0.0098  1.0000  0.0819  -2.7760   0.0000   0.0000   0.0000   0.2561
  -6.000  -0.7259   0.01113   0.00476   0.0110  1.0000  0.0920  -2.6390   0.0000   0.0000   0.0000   0.2584
  -5.750  -0.7047   0.01083   0.00452   0.0122  1.0000  0.1040  -2.5064   0.0000   0.0000   0.0000   0.2607
  -5.500  -0.6743   0.01049   0.00427   0.0114  0.9987  0.1213  -2.3512   0.0000   0.0000   0.0000   0.2605
  -5.250  -0.6381   0.01014   0.00403   0.0094  0.9966  0.1439  -2.1842   0.0000   0.0000   0.0000   0.2585
  -5.000  -0.6021   0.00977   0.00379   0.0074  0.9941  0.1700  -2.0261   0.0000   0.0000   0.0000   0.2562
  -4.750  -0.5661   0.00941   0.00358   0.0055  0.9916  0.1993  -1.8791   0.0000   0.0000   0.0000   0.2537
  -4.500  -0.5301   0.00906   0.00338   0.0035  0.9887  0.2309  -1.7351   0.0000   0.0000   0.0000   0.2508
  -4.250  -0.4937   0.00873   0.00318   0.0015  0.9859  0.2643  -1.5991   0.0000   0.0000   0.0000   0.2474
  -4.000  -0.4578   0.00841   0.00301  -0.0003  0.9824  0.2984  -1.4723   0.0000   0.0000   0.0000   0.2437
  -3.750  -0.4199   0.00810   0.00284  -0.0026  0.9803  0.3335  -1.3471   0.0000   0.0000   0.0000   0.2382
  -3.500  -0.3859   0.00780   0.00268  -0.0040  0.9752  0.3666  -1.2384   0.0000   0.0000   0.0000   0.2342
  -3.250  -0.3521   0.00754   0.00254  -0.0052  0.9701  0.3996  -1.1359   0.0000   0.0000   0.0000   0.2297
  -3.000  -0.3194   0.00728   0.00241  -0.0062  0.9642  0.4314  -1.0411   0.0000   0.0000   0.0000   0.2252
  -2.750  -0.2901   0.00705   0.00229  -0.0064  0.9554  0.4617  -0.9594   0.0000   0.0000   0.0000   0.2228
  -2.500  -0.2621   0.00684   0.00217  -0.0062  0.9454  0.4914  -0.8844   0.0000   0.0000   0.0000   0.2212
  -2.250  -0.2356   0.00666   0.00208  -0.0057  0.9331  0.5202  -0.8167   0.0000   0.0000   0.0000   0.2208
  -2.000  -0.2094   0.00649   0.00199  -0.0051  0.9195  0.5486  -0.7544   0.0000   0.0000   0.0000   0.2207
  -1.750  -0.1833   0.00634   0.00190  -0.0044  0.9050  0.5767  -0.6972   0.0000   0.0000   0.0000   0.2208
  -1.500  -0.1572   0.00621   0.00183  -0.0038  0.8892  0.6046  -0.6448   0.0000   0.0000   0.0000   0.2210
  -1.250  -0.1311   0.00610   0.00177  -0.0031  0.8711  0.6321  -0.5973   0.0000   0.0000   0.0000   0.2212
  -1.000  -0.1049   0.00601   0.00172  -0.0025  0.8524  0.6594  -0.5536   0.0000   0.0000   0.0000   0.2214
  -0.750  -0.0787   0.00594   0.00168  -0.0019  0.8316  0.6863  -0.5140   0.0000   0.0000   0.0000   0.2215
  -0.500  -0.0525   0.00588   0.00165  -0.0012  0.8099  0.7124  -0.4777   0.0000   0.0000   0.0000   0.2217
   0.000  -0.0000   0.00584   0.00163   0.0000  0.7628  0.7628  -0.4137   0.0000   0.0000   0.0000   0.4440
   0.500   0.0525   0.00588   0.00165   0.0012  0.7124  0.8099  -0.4777   0.0000   0.0000   0.0000   0.2217
   0.750   0.0787   0.00594   0.00168   0.0019  0.6863  0.8316  -0.5140   0.0000   0.0000   0.0000   0.2215
   1.000   0.1049   0.00601   0.00172   0.0025  0.6594  0.8524  -0.5536   0.0000   0.0000   0.0000   0.2214
   1.250   0.1311   0.00610   0.00177   0.0031  0.6322  0.8711  -0.5973   0.0000   0.0000   0.0000   0.2212
   1.500   0.1572   0.00621   0.00183   0.0038  0.6046  0.8891  -0.6448   0.0000   0.0000   0.0000   0.2210
   1.750   0.1833   0.00634   0.00190   0.0044  0.5768  0.9050  -0.6972   0.0000   0.0000   0.0000   0.2208
   2.000   0.2094   0.00649   0.00199   0.0051  0.5486  0.9195  -0.7544   0.0000   0.0000   0.0000   0.2207
   2.250   0.2356   0.00666   0.00208   0.0057  0.5202  0.9331  -0.8167   0.0000   0.0000   0.0000   0.2208
   2.500   0.2621   0.00684   0.00217   0.0062  0.4914  0.9454  -0.8844   0.0000   0.0000   0.0000   0.2212
   2.750   0.2901   0.00705   0.00229   0.0064  0.4617  0.9554  -0.9594   0.0000   0.0000   0.0000   0.2228
   3.000   0.3194   0.00728   0.00241   0.0062  0.4314  0.9642  -1.0411   0.0000   0.0000   0.0000   0.2252
   3.250   0.3521   0.00754   0.00254   0.0052  0.3996  0.9701  -1.1358   0.0000   0.0000   0.0000   0.2297
   3.500   0.3859   0.00780   0.00268   0.0040  0.3666  0.9752  -1.2384   0.0000   0.0000   0.0000   0.2342
   3.750   0.4199   0.00809   0.00284   0.0026  0.3336  0.9803  -1.3471   0.0000   0.0000   0.0000   0.2382
   4.000   0.4579   0.00841   0.00301   0.0003  0.2983  0.9824  -1.4723   0.0000   0.0000   0.0000   0.2437
   4.250   0.4937   0.00873   0.00318  -0.0015  0.2643  0.9859  -1.5991   0.0000   0.0000   0.0000   0.2474
   4.500   0.5301   0.00906   0.00337  -0.0035  0.2310  0.9887  -1.7351   0.0000   0.0000   0.0000   0.2508
   4.750   0.5661   0.00941   0.00358  -0.0055  0.1993  0.9916  -1.8791   0.0000   0.0000   0.0000   0.2537
   5.000   0.6021   0.00977   0.00379  -0.0074  0.1700  0.9942  -2.0261   0.0000   0.0000   0.0000   0.2562
   5.250   0.6381   0.01014   0.00403  -0.0094  0.1438  0.9966  -2.1843   0.0000   0.0000   0.0000   0.2585
   5.500   0.6743   0.01049   0.00427  -0.0114  0.1213  0.9988  -2.3513   0.0000   0.0000   0.0000   0.2605
   5.750   0.7047   0.01083   0.00452  -0.0122  0.1040  1.0000  -2.5062   0.0000   0.0000   0.0000   0.2607
   6.000   0.7258   0.01113   0.00476  -0.0110  0.0920  1.0000  -2.6388   0.0000   0.0000   0.0000   0.2584
   6.250   0.7470   0.01142   0.00501  -0.0098  0.0819  1.0000  -2.7758   0.0000   0.0000   0.0000   0.2561
   6.500   0.7679   0.01174   0.00528  -0.0086  0.0735  1.0000  -2.9235   0.0000   0.0000   0.0000   0.2539
   6.750   0.7888   0.01206   0.00557  -0.0073  0.0667  1.0000  -3.0731   0.0000   0.0000   0.0000   0.2517
   7.000   0.8096   0.01239   0.00589  -0.0060  0.0611  1.0000  -3.2246   0.0000   0.0000   0.0000   0.2496
   7.250   0.8302   0.01275   0.00623  -0.0046  0.0563  1.0000  -3.3777   0.0000   0.0000   0.0000   0.2476
   7.500   0.8504   0.01316   0.00661  -0.0033  0.0519  1.0000  -3.5318   0.0000   0.0000   0.0000   0.2456
   7.750   0.8719   0.01346   0.00693  -0.0021  0.0484  1.0000  -3.6926   0.0000   0.0000   0.0000   0.2439
   8.000   0.8921   0.01391   0.00738  -0.0007  0.0454  1.0000  -3.8515   0.0000   0.0000   0.0000   0.2420
   8.250   0.9135   0.01426   0.00775   0.0005  0.0428  1.0000  -4.0304   0.0000   0.0000   0.0000   0.2404
   8.500   0.9331   0.01479   0.00827   0.0019  0.0404  1.0000  -4.2034   0.0000   0.0000   0.0000   0.2386
   8.750   0.9549   0.01514   0.00866   0.0030  0.0382  1.0000  -4.3894   0.0000   0.0000   0.0000   0.2373
   9.000   0.9749   0.01568   0.00919   0.0043  0.0361  1.0000  -4.5712   0.0000   0.0000   0.0000   0.2357
   9.250   0.9959   0.01616   0.00973   0.0054  0.0345  1.0000  -4.7555   0.0000   0.0000   0.0000   0.2344
   9.500   1.0174   0.01661   0.01022   0.0064  0.0330  1.0000  -4.9472   0.0000   0.0000   0.0000   0.2332
   9.750   1.0375   0.01721   0.01082   0.0076  0.0316  1.0000  -5.1355   0.0000   0.0000   0.0000   0.2319
  10.000   1.0565   0.01792   0.01158   0.0089  0.0304  1.0000  -5.3147   0.0000   0.0000   0.0000   0.2305
  10.250   1.0777   0.01842   0.01215   0.0098  0.0292  1.0000  -5.5097   0.0000   0.0000   0.0000   0.2294
  10.500   1.0985   0.01896   0.01272   0.0108  0.0281  1.0000  -5.7092   0.0000   0.0000   0.0000   0.2284
  10.750   1.1169   0.01967   0.01345   0.0120  0.0270  1.0000  -5.9136   0.0000   0.0000   0.0000   0.2271
  11.000   1.1335   0.02056   0.01440   0.0135  0.0261  1.0000  -6.1060   0.0000   0.0000   0.0000   0.2257
  11.250   1.1528   0.02117   0.01510   0.0146  0.0253  1.0000  -6.3185   0.0000   0.0000   0.0000   0.2245
  11.500   1.1708   0.02186   0.01586   0.0158  0.0245  1.0000  -6.5279   0.0000   0.0000   0.0000   0.2233
  11.750   1.1879   0.02258   0.01663   0.0171  0.0238  1.0000  -6.7372   0.0000   0.0000   0.0000   0.2221
  12.000   1.2031   0.02340   0.01749   0.0186  0.0232  1.0000  -6.9399   0.0000   0.0000   0.0000   0.2206
  12.250   1.2111   0.02459   0.01873   0.0210  0.0226  1.0000  -7.0986   0.0000   0.0000   0.0000   0.2184
  12.500   1.2178   0.02582   0.02004   0.0235  0.0221  1.0000  -7.2461   0.0000   0.0000   0.0000   0.2160
  12.750   1.2290   0.02674   0.02107   0.0253  0.0217  1.0000  -7.4256   0.0000   0.0000   0.0000   0.2143
  13.000   1.2387   0.02782   0.02227   0.0271  0.0213  1.0000  -7.5954   0.0000   0.0000   0.0000   0.2127
  13.250   1.2474   0.02903   0.02358   0.0286  0.0208  1.0000  -7.7617   0.0000   0.0000   0.0000   0.2112
  13.500   1.2556   0.03033   0.02498   0.0299  0.0204  1.0000  -7.9278   0.0000   0.0000   0.0000   0.2099
  13.750   1.2631   0.03176   0.02648   0.0309  0.0199  1.0000  -8.0932   0.0000   0.0000   0.0000   0.2087
  14.000   1.2695   0.03336   0.02816   0.0317  0.0196  1.0000  -8.2533   0.0000   0.0000   0.0000   0.2078
  14.250   1.2738   0.03529   0.03016   0.0323  0.0192  1.0000  -8.3975   0.0000   0.0000   0.0000   0.2069
  14.500   1.2737   0.03781   0.03276   0.0325  0.0189  1.0000  -8.5049   0.0000   0.0000   0.0000   0.2062
  14.750   1.2666   0.04126   0.03633   0.0326  0.0185  1.0000  -8.5467   0.0000   0.0000   0.0000   0.2055
  15.000   1.2653   0.04430   0.03951   0.0320  0.0184  1.0000  -8.6315   0.0000   0.0000   0.0000   0.2054
  15.250   1.2648   0.04744   0.04279   0.0310  0.0182  1.0000  -8.7210   0.0000   0.0000   0.0000   0.2056
  15.500   1.2621   0.05100   0.04650   0.0296  0.0180  1.0000  -8.7908   0.0000   0.0000   0.0000   0.2061
  15.750   1.2572   0.05500   0.05065   0.0279  0.0179  1.0000  -8.8393   0.0000   0.0000   0.0000   0.2068
  16.000   1.2502   0.05943   0.05522   0.0258  0.0177  1.0000  -8.8669   0.0000   0.0000   0.0000   0.2078
  16.250   1.2411   0.06429   0.06023   0.0234  0.0176  1.0000  -8.8763   0.0000   0.0000   0.0000   0.2090
  16.500   1.2299   0.06958   0.06565   0.0207  0.0175  1.0000  -8.8680   0.0000   0.0000   0.0000   0.2105
  16.750   1.2168   0.07535   0.07157   0.0177  0.0173  1.0000  -8.8363   0.0000   0.0000   0.0000   0.2122
  17.000   1.2016   0.08161   0.07797   0.0143  0.0173  1.0000  -8.7784   0.0000   0.0000   0.0000   0.2142
  17.250   1.1848   0.08836   0.08486   0.0106  0.0172  1.0000  -8.6949   0.0000   0.0000   0.0000   0.2166
  17.500   1.1661   0.09565   0.09230   0.0066  0.0171  1.0000  -8.5825   0.0000   0.0000   0.0000   0.2194
  17.750   1.1451   0.10353   0.10032   0.0022  0.0171  1.0000  -8.4345   0.0000   0.0000   0.0000   0.2226
  18.000   1.1216   0.11217   0.10912  -0.0026  0.0170  1.0000  -8.2434   0.0000   0.0000   0.0000   0.2264
  18.250   1.0943   0.12186   0.11897  -0.0081  0.0171  1.0000  -7.9879   0.0000   0.0000   0.0000   0.2311
  18.500   1.0564   0.13430   0.13160  -0.0153  0.0171  1.0000  -7.5716   0.0000   0.0000   0.0000   0.2378


