xflr5 v6.61

 Calculated polar for: NACA 0012

 1 1 Reynolds number fixed          Mach number fixed         

 xtrf =   1.000 (top)        1.000 (bottom)
 Mach =   0.000     Re =     0.320 e 6     Ncrit =   9.000

  alpha     CL        CD       CDp       Cm    Top Xtr Bot Xtr   Cpmin    Chinge    XCp    
 ------- -------- --------- --------- -------- ------- ------- -------- --------- ---------
 -10.000  -1.0194   0.02341   0.01613  -0.0144  1.0000  0.0404  -4.9943   0.0000   0.0000   0.0000   0.2248
  -9.750  -1.0017   0.02231   0.01505  -0.0131  1.0000  0.0421  -4.8325   0.0000   0.0000   0.0000   0.2261
  -9.500  -0.9822   0.02160   0.01433  -0.0120  1.0000  0.0440  -4.6577   0.0000   0.0000   0.0000   0.2273
  -9.250  -0.9618   0.02096   0.01355  -0.0108  1.0000  0.0461  -4.4912   0.0000   0.0000   0.0000   0.2286
  -9.000  -0.9441   0.01996   0.01261  -0.0094  1.0000  0.0482  -4.3318   0.0000   0.0000   0.0000   0.2301
  -8.750  -0.9240   0.01932   0.01192  -0.0082  1.0000  0.0507  -4.1646   0.0000   0.0000   0.0000   0.2315
  -8.500  -0.9052   0.01855   0.01113  -0.0068  1.0000  0.0534  -4.0052   0.0000   0.0000   0.0000   0.2331
  -8.250  -0.8850   0.01798   0.01056  -0.0056  1.0000  0.0567  -3.8375   0.0000   0.0000   0.0000   0.2346
  -8.000  -0.8661   0.01730   0.00986  -0.0041  1.0000  0.0601  -3.6829   0.0000   0.0000   0.0000   0.2364
  -7.750  -0.8457   0.01680   0.00932  -0.0028  1.0000  0.0643  -3.5356   0.0000   0.0000   0.0000   0.2381
  -7.500  -0.8271   0.01615   0.00872  -0.0013  1.0000  0.0688  -3.3935   0.0000   0.0000   0.0000   0.2402
  -7.250  -0.8076   0.01559   0.00818   0.0001  1.0000  0.0743  -3.2506   0.0000   0.0000   0.0000   0.2422
  -7.000  -0.7880   0.01507   0.00767   0.0016  1.0000  0.0809  -3.1083   0.0000   0.0000   0.0000   0.2442
  -6.750  -0.7682   0.01456   0.00720   0.0030  1.0000  0.0887  -2.9671   0.0000   0.0000   0.0000   0.2464
  -6.500  -0.7482   0.01409   0.00677   0.0044  1.0000  0.0984  -2.8265   0.0000   0.0000   0.0000   0.2485
  -6.250  -0.7282   0.01362   0.00635   0.0058  1.0000  0.1104  -2.6912   0.0000   0.0000   0.0000   0.2508
  -6.000  -0.7081   0.01317   0.00598   0.0071  1.0000  0.1253  -2.5644   0.0000   0.0000   0.0000   0.2532
  -5.750  -0.6879   0.01273   0.00563   0.0084  1.0000  0.1437  -2.4386   0.0000   0.0000   0.0000   0.2556
  -5.500  -0.6676   0.01230   0.00532   0.0097  1.0000  0.1657  -2.3136   0.0000   0.0000   0.0000   0.2580
  -5.250  -0.6469   0.01190   0.00506   0.0108  1.0000  0.1918  -2.1891   0.0000   0.0000   0.0000   0.2605
  -5.000  -0.6259   0.01153   0.00482   0.0119  1.0000  0.2203  -2.0679   0.0000   0.0000   0.0000   0.2630
  -4.750  -0.6045   0.01120   0.00462   0.0130  1.0000  0.2510  -1.9546   0.0000   0.0000   0.0000   0.2656
  -4.500  -0.5828   0.01090   0.00446   0.0139  1.0000  0.2829  -1.8425   0.0000   0.0000   0.0000   0.2682
  -4.250  -0.5606   0.01064   0.00433   0.0148  1.0000  0.3154  -1.7311   0.0000   0.0000   0.0000   0.2709
  -3.750  -0.5078   0.01017   0.00414   0.0147  0.9984  0.3852  -1.5096   0.0000   0.0000   0.0000   0.2739
  -3.500  -0.4676   0.00991   0.00404   0.0119  0.9942  0.4258  -1.3785   0.0000   0.0000   0.0000   0.2704
  -3.250  -0.4279   0.00965   0.00393   0.0092  0.9895  0.4651  -1.2594   0.0000   0.0000   0.0000   0.2667
  -3.000  -0.3885   0.00941   0.00384   0.0067  0.9846  0.5033  -1.1472   0.0000   0.0000   0.0000   0.2624
  -2.750  -0.3478   0.00918   0.00375   0.0040  0.9802  0.5413  -1.0407   0.0000   0.0000   0.0000   0.2566
  -2.500  -0.3097   0.00894   0.00365   0.0018  0.9741  0.5766  -0.9467   0.0000   0.0000   0.0000   0.2512
  -2.250  -0.2712   0.00871   0.00356  -0.0003  0.9681  0.6115  -0.8599   0.0000   0.0000   0.0000   0.2442
  -2.000  -0.2317   0.00849   0.00347  -0.0025  0.9629  0.6452  -0.7795   0.0000   0.0000   0.0000   0.2342
  -1.750  -0.1959   0.00826   0.00337  -0.0039  0.9555  0.6763  -0.7105   0.0000   0.0000   0.0000   0.2252
  -1.500  -0.1631   0.00806   0.00328  -0.0045  0.9462  0.7058  -0.6507   0.0000   0.0000   0.0000   0.2173
  -1.250  -0.1324   0.00788   0.00320  -0.0047  0.9354  0.7338  -0.5985   0.0000   0.0000   0.0000   0.2099
  -1.000  -0.1047   0.00773   0.00313  -0.0041  0.9217  0.7604  -0.5535   0.0000   0.0000   0.0000   0.2063
  -0.750  -0.0777   0.00760   0.00308  -0.0033  0.9067  0.7857  -0.5133   0.0000   0.0000   0.0000   0.2031
  -0.500  -0.0511   0.00750   0.00304  -0.0023  0.8911  0.8093  -0.4766   0.0000   0.0000   0.0000   0.1997
  -0.250  -0.0256   0.00744   0.00302  -0.0012  0.8724  0.8318  -0.4437   0.0000   0.0000   0.0000   0.1994
   0.000   0.0000   0.00742   0.00300  -0.0000  0.8535  0.8535  -0.4133   0.0000   0.0000   0.0000   0.4612
   0.250   0.0256   0.00744   0.00302   0.0012  0.8318  0.8724  -0.4437   0.0000   0.0000   0.0000   0.1994
   0.500   0.0511   0.00750   0.00304   0.0023  0.8093  0.8911  -0.4766   0.0000   0.0000   0.0000   0.1997
   0.750   0.0777   0.00760   0.00308   0.0033  0.7857  0.9068  -0.5133   0.0000   0.0000   0.0000   0.2031
   1.000   0.1047   0.00773   0.00313   0.0041  0.7604  0.9217  -0.5535   0.0000   0.0000   0.0000   0.2063
   1.250   0.1324   0.00788   0.00320   0.0047  0.7338  0.9354  -0.5985   0.0000   0.0000   0.0000   0.2099
   1.500   0.1631   0.00806   0.00328   0.0045  0.7058  0.9462  -0.6507   0.0000   0.0000   0.0000   0.2173
   1.750   0.1959   0.00826   0.00337   0.0039  0.6763  0.9555  -0.7105   0.0000   0.0000   0.0000   0.2252
   2.000   0.2317   0.00849   0.00346   0.0026  0.6452  0.9629  -0.7795   0.0000   0.0000   0.0000   0.2342
   2.250   0.2712   0.00871   0.00356   0.0003  0.6115  0.9681  -0.8599   0.0000   0.0000   0.0000   0.2442
   2.500   0.3097   0.00894   0.00365  -0.0018  0.5766  0.9741  -0.9467   0.0000   0.0000   0.0000   0.2512
   2.750   0.3478   0.00918   0.00375  -0.0040  0.5413  0.9802  -1.0407   0.0000   0.0000   0.0000   0.2566
   3.000   0.3885   0.00941   0.00384  -0.0067  0.5033  0.9846  -1.1472   0.0000   0.0000   0.0000   0.2624
   3.250   0.4279   0.00965   0.00393  -0.0092  0.4651  0.9895  -1.2594   0.0000   0.0000   0.0000   0.2667
   3.500   0.4676   0.00991   0.00404  -0.0119  0.4258  0.9942  -1.3785   0.0000   0.0000   0.0000   0.2704
   3.750   0.5078   0.01017   0.00414  -0.0147  0.3852  0.9984  -1.5096   0.0000   0.0000   0.0000   0.2739
   4.000   0.5378   0.01041   0.00423  -0.0155  0.3486  1.0000  -1.6247   0.0000   0.0000   0.0000   0.2735
   4.250   0.5605   0.01063   0.00433  -0.0148  0.3155  1.0000  -1.7309   0.0000   0.0000   0.0000   0.2709
   4.500   0.5827   0.01090   0.00446  -0.0139  0.2829  1.0000  -1.8423   0.0000   0.0000   0.0000   0.2682
   4.750   0.6044   0.01120   0.00462  -0.0129  0.2511  1.0000  -1.9545   0.0000   0.0000   0.0000   0.2656
   5.000   0.6258   0.01153   0.00482  -0.0119  0.2203  1.0000  -2.0677   0.0000   0.0000   0.0000   0.2630
   5.250   0.6468   0.01190   0.00505  -0.0108  0.1919  1.0000  -2.1889   0.0000   0.0000   0.0000   0.2605
   5.500   0.6675   0.01229   0.00532  -0.0097  0.1658  1.0000  -2.3135   0.0000   0.0000   0.0000   0.2580
   5.750   0.6878   0.01273   0.00563  -0.0084  0.1437  1.0000  -2.4384   0.0000   0.0000   0.0000   0.2556
   6.000   0.7080   0.01317   0.00598  -0.0071  0.1253  1.0000  -2.5643   0.0000   0.0000   0.0000   0.2532
   6.250   0.7282   0.01362   0.00635  -0.0058  0.1104  1.0000  -2.6910   0.0000   0.0000   0.0000   0.2508
   6.500   0.7481   0.01409   0.00677  -0.0044  0.0984  1.0000  -2.8264   0.0000   0.0000   0.0000   0.2485
   6.750   0.7681   0.01456   0.00720  -0.0030  0.0887  1.0000  -2.9670   0.0000   0.0000   0.0000   0.2463
   7.000   0.7879   0.01507   0.00767  -0.0016  0.0809  1.0000  -3.1081   0.0000   0.0000   0.0000   0.2442
   7.250   0.8076   0.01559   0.00818  -0.0001  0.0743  1.0000  -3.2504   0.0000   0.0000   0.0000   0.2421
   7.500   0.8271   0.01615   0.00872   0.0013  0.0688  1.0000  -3.3934   0.0000   0.0000   0.0000   0.2401
   7.750   0.8456   0.01680   0.00932   0.0028  0.0643  1.0000  -3.5355   0.0000   0.0000   0.0000   0.2381
   8.000   0.8661   0.01729   0.00986   0.0042  0.0601  1.0000  -3.6829   0.0000   0.0000   0.0000   0.2364
   8.250   0.8850   0.01798   0.01056   0.0056  0.0567  1.0000  -3.8375   0.0000   0.0000   0.0000   0.2346
   8.500   0.9052   0.01855   0.01113   0.0068  0.0534  1.0000  -4.0052   0.0000   0.0000   0.0000   0.2331
   8.750   0.9241   0.01932   0.01192   0.0082  0.0507  1.0000  -4.1647   0.0000   0.0000   0.0000   0.2315
   9.000   0.9441   0.01996   0.01261   0.0094  0.0482  1.0000  -4.3320   0.0000   0.0000   0.0000   0.2301
   9.250   0.9618   0.02096   0.01355   0.0108  0.0461  1.0000  -4.4914   0.0000   0.0000   0.0000   0.2286
   9.500   0.9823   0.02160   0.01433   0.0120  0.0440  1.0000  -4.6580   0.0000   0.0000   0.0000   0.2273
   9.750   1.0018   0.02231   0.01505   0.0131  0.0421  1.0000  -4.8328   0.0000   0.0000   0.0000   0.2262
  10.000   1.0195   0.02341   0.01613   0.0143  0.0404  1.0000  -4.9948   0.0000   0.0000   0.0000   0.2248
  10.250   1.0385   0.02421   0.01710   0.0156  0.0389  1.0000  -5.1564   0.0000   0.0000   0.0000   0.2236
  10.500   1.0568   0.02509   0.01804   0.0168  0.0375  1.0000  -5.3231   0.0000   0.0000   0.0000   0.2224
  10.750   1.0747   0.02609   0.01902   0.0179  0.0363  1.0000  -5.5117   0.0000   0.0000   0.0000   0.2213
  11.000   1.0912   0.02751   0.02052   0.0191  0.0353  1.0000  -5.6786   0.0000   0.0000   0.0000   0.2201
  11.250   1.1067   0.02858   0.02179   0.0206  0.0342  1.0000  -5.8432   0.0000   0.0000   0.0000   0.2186
  11.500   1.1215   0.02964   0.02298   0.0221  0.0331  1.0000  -6.0138   0.0000   0.0000   0.0000   0.2172
  11.750   1.1359   0.03064   0.02403   0.0235  0.0321  1.0000  -6.1955   0.0000   0.0000   0.0000   0.2159
  12.000   1.1507   0.03195   0.02532   0.0247  0.0312  1.0000  -6.3804   0.0000   0.0000   0.0000   0.2148
  12.250   1.1590   0.03368   0.02722   0.0267  0.0305  1.0000  -6.5065   0.0000   0.0000   0.0000   0.2129
  12.500   1.1628   0.03519   0.02896   0.0292  0.0300  1.0000  -6.6113   0.0000   0.0000   0.0000   0.2104
  12.750   1.1658   0.03691   0.03090   0.0314  0.0294  1.0000  -6.7109   0.0000   0.0000   0.0000   0.2082
  13.000   1.1680   0.03878   0.03295   0.0333  0.0289  1.0000  -6.8080   0.0000   0.0000   0.0000   0.2062
  13.250   1.1697   0.04074   0.03507   0.0347  0.0284  1.0000  -6.9052   0.0000   0.0000   0.0000   0.2046
  13.500   1.1702   0.04288   0.03735   0.0359  0.0280  1.0000  -6.9965   0.0000   0.0000   0.0000   0.2032
  13.750   1.1696   0.04522   0.03982   0.0366  0.0276  1.0000  -7.0821   0.0000   0.0000   0.0000   0.2021
  14.000   1.1684   0.04776   0.04249   0.0370  0.0273  1.0000  -7.1640   0.0000   0.0000   0.0000   0.2012
  14.250   1.1669   0.05057   0.04540   0.0370  0.0270  1.0000  -7.2402   0.0000   0.0000   0.0000   0.2007
  14.500   1.1625   0.05394   0.04889   0.0367  0.0267  1.0000  -7.2888   0.0000   0.0000   0.0000   0.2003
  14.750   1.1504   0.05848   0.05359   0.0358  0.0265  1.0000  -7.2684   0.0000   0.0000   0.0000   0.2003
  15.000   1.1321   0.06381   0.05916   0.0335  0.0264  1.0000  -7.1993   0.0000   0.0000   0.0000   0.2013
  15.250   1.1117   0.06984   0.06542   0.0301  0.0263  1.0000  -7.1060   0.0000   0.0000   0.0000   0.2031
  15.500   1.0889   0.07679   0.07259   0.0259  0.0263  1.0000  -6.9810   0.0000   0.0000   0.0000   0.2059
  15.750   1.0636   0.08463   0.08063   0.0209  0.0263  1.0000  -6.8214   0.0000   0.0000   0.0000   0.2094
  16.500   0.7274   0.19295   0.18979  -0.0404  0.0392  1.0000  -2.0240   0.0000   0.0000   0.0000   0.2878
  16.750   0.7333   0.19678   0.19362  -0.0425  0.0377  1.0000  -2.0196   0.0000   0.0000   0.0000   0.2899
  17.000   0.7414   0.19979   0.19663  -0.0438  0.0368  1.0000  -2.0633   0.0000   0.0000   0.0000   0.2907
  17.250   0.7516   0.20226   0.19911  -0.0445  0.0362  1.0000  -2.1473   0.0000   0.0000   0.0000   0.2904
  17.500   0.7651   0.20438   0.20125  -0.0441  0.0359  1.0000  -2.2859   0.0000   0.0000   0.0000   0.2883
  17.750   0.7692   0.20932   0.20618  -0.0466  0.0355  1.0000  -2.2289   0.0000   0.0000   0.0000   0.2910
  18.000   0.7646   0.21610   0.21293  -0.0530  0.0333  1.0000  -1.9597   0.0000   0.0000   0.0000   0.2997
  18.250   0.7725   0.21936   0.21620  -0.0549  0.0323  1.0000  -1.9767   0.0000   0.0000   0.0000   0.3010
  18.500   0.7815   0.22215   0.21899  -0.0563  0.0317  1.0000  -2.0271   0.0000   0.0000   0.0000   0.3015
  18.750   0.7923   0.22449   0.22134  -0.0568  0.0312  1.0000  -2.1267   0.0000   0.0000   0.0000   0.3007
  19.000   0.8075   0.22695   0.22383  -0.0556  0.0309  1.0000  -2.3080   0.0000   0.0000   0.0000   0.2973
  19.250   0.8010   0.23426   0.23110  -0.0637  0.0292  1.0000  -1.9207   0.0000   0.0000   0.0000   0.3080
  19.500   0.8089   0.23766   0.23450  -0.0658  0.0282  1.0000  -1.9357   0.0000   0.0000   0.0000   0.3095
  19.750   0.8174   0.24066   0.23750  -0.0677  0.0275  1.0000  -1.9761   0.0000   0.0000   0.0000   0.3104
  20.000   0.8265   0.24334   0.24019  -0.0691  0.0270  1.0000  -2.0417   0.0000   0.0000   0.0000   0.3108


