xflr5 v6.61

 Calculated polar for: NACA 0009

 1 1 Reynolds number fixed          Mach number fixed         

 xtrf =   1.000 (top)        1.000 (bottom)
 Mach =   0.000     Re =     0.600 e 6     Ncrit =   9.000

  alpha     CL        CD       CDp       Cm    Top Xtr Bot Xtr   Cpmin    Chinge    XCp    
 ------- -------- --------- --------- -------- ------- ------- -------- --------- ---------
 -10.000  -1.0299   0.02484   0.01958  -0.0110  1.0000  0.0140  -7.4318   0.0000   0.0000   0.0000   0.2303
  -9.750  -1.0103   0.02366   0.01820  -0.0100  1.0000  0.0145  -7.1806   0.0000   0.0000   0.0000   0.2313
  -9.500  -0.9894   0.02265   0.01699  -0.0092  1.0000  0.0149  -6.9220   0.0000   0.0000   0.0000   0.2322
  -9.250  -0.9720   0.02068   0.01485  -0.0080  1.0000  0.0154  -6.7226   0.0000   0.0000   0.0000   0.2335
  -9.000  -0.9509   0.01964   0.01376  -0.0072  1.0000  0.0160  -6.4423   0.0000   0.0000   0.0000   0.2344
  -8.750  -0.9283   0.01884   0.01289  -0.0066  1.0000  0.0167  -6.1549   0.0000   0.0000   0.0000   0.2352
  -8.500  -0.9055   0.01805   0.01199  -0.0059  1.0000  0.0174  -5.8793   0.0000   0.0000   0.0000   0.2361
  -8.250  -0.8821   0.01732   0.01115  -0.0052  1.0000  0.0182  -5.6070   0.0000   0.0000   0.0000   0.2369
  -8.000  -0.8605   0.01626   0.01001  -0.0044  1.0000  0.0190  -5.3579   0.0000   0.0000   0.0000   0.2380
  -7.750  -0.8369   0.01564   0.00937  -0.0038  1.0000  0.0201  -5.0752   0.0000   0.0000   0.0000   0.2388
  -7.500  -0.8125   0.01513   0.00880  -0.0033  1.0000  0.0214  -4.8284   0.0000   0.0000   0.0000   0.2395
  -7.250  -0.7888   0.01446   0.00805  -0.0026  1.0000  0.0226  -4.6029   0.0000   0.0000   0.0000   0.2405
  -7.000  -0.7656   0.01377   0.00735  -0.0019  1.0000  0.0241  -4.3697   0.0000   0.0000   0.0000   0.2415
  -6.750  -0.7410   0.01331   0.00684  -0.0014  1.0000  0.0258  -4.1331   0.0000   0.0000   0.0000   0.2424
  -6.500  -0.7174   0.01269   0.00620  -0.0007  1.0000  0.0277  -3.9079   0.0000   0.0000   0.0000   0.2436
  -6.250  -0.6925   0.01233   0.00581  -0.0002  1.0000  0.0303  -3.6710   0.0000   0.0000   0.0000   0.2445
  -6.000  -0.6686   0.01181   0.00529   0.0005  1.0000  0.0332  -3.4479   0.0000   0.0000   0.0000   0.2457
  -5.750  -0.6443   0.01140   0.00485   0.0012  1.0000  0.0367  -3.2279   0.0000   0.0000   0.0000   0.2470
  -5.500  -0.6200   0.01103   0.00449   0.0019  1.0000  0.0411  -3.0201   0.0000   0.0000   0.0000   0.2484
  -5.250  -0.5960   0.01063   0.00411   0.0026  1.0000  0.0474  -2.8293   0.0000   0.0000   0.0000   0.2499
  -5.000  -0.5720   0.01026   0.00378   0.0033  1.0000  0.0558  -2.6410   0.0000   0.0000   0.0000   0.2515
  -4.750  -0.5481   0.00989   0.00347   0.0040  1.0000  0.0680  -2.4559   0.0000   0.0000   0.0000   0.2532
  -4.500  -0.5243   0.00952   0.00320   0.0048  1.0000  0.0871  -2.2740   0.0000   0.0000   0.0000   0.2551
  -4.250  -0.5007   0.00913   0.00295   0.0055  1.0000  0.1149  -2.0960   0.0000   0.0000   0.0000   0.2571
  -4.000  -0.4772   0.00874   0.00273   0.0062  1.0000  0.1521  -1.9368   0.0000   0.0000   0.0000   0.2593
  -3.750  -0.4536   0.00835   0.00254   0.0068  1.0000  0.1966  -1.7832   0.0000   0.0000   0.0000   0.2616
  -3.500  -0.4298   0.00798   0.00238   0.0075  1.0000  0.2468  -1.6325   0.0000   0.0000   0.0000   0.2640
  -3.250  -0.4058   0.00764   0.00225   0.0080  1.0000  0.2996  -1.4858   0.0000   0.0000   0.0000   0.2665
  -3.000  -0.3815   0.00733   0.00215   0.0085  1.0000  0.3532  -1.3550   0.0000   0.0000   0.0000   0.2693
  -2.750  -0.3569   0.00705   0.00208   0.0090  1.0000  0.4064  -1.2268   0.0000   0.0000   0.0000   0.2722
  -2.500  -0.3198   0.00673   0.00199   0.0068  0.9973  0.4682  -1.0804   0.0000   0.0000   0.0000   0.2683
  -2.250  -0.2824   0.00642   0.00190   0.0046  0.9939  0.5275  -0.9444   0.0000   0.0000   0.0000   0.2633
  -2.000  -0.2455   0.00614   0.00182   0.0025  0.9898  0.5839  -0.8251   0.0000   0.0000   0.0000   0.2574
  -1.750  -0.2082   0.00587   0.00176   0.0004  0.9859  0.6376  -0.7167   0.0000   0.0000   0.0000   0.2493
  -1.250  -0.1374   0.00541   0.00165  -0.0026  0.9740  0.7329  -0.5429   0.0000   0.0000   0.0000   0.2280
  -1.000  -0.1053   0.00523   0.00162  -0.0033  0.9647  0.7736  -0.4767   0.0000   0.0000   0.0000   0.2160
  -0.750  -0.0765   0.00508   0.00159  -0.0031  0.9518  0.8094  -0.4231   0.0000   0.0000   0.0000   0.2065
  -0.500  -0.0494   0.00497   0.00158  -0.0025  0.9364  0.8416  -0.3788   0.0000   0.0000   0.0000   0.1970
  -0.250  -0.0244   0.00491   0.00157  -0.0013  0.9173  0.8700  -0.3422   0.0000   0.0000   0.0000   0.1930
   0.000   0.0000   0.00488   0.00157  -0.0000  0.8952  0.8952  -0.3107   0.0000   0.0000   0.0000   0.4835
   0.250   0.0244   0.00491   0.00157   0.0013  0.8700  0.9172  -0.3422   0.0000   0.0000   0.0000   0.1930
   0.500   0.0494   0.00497   0.00158   0.0025  0.8416  0.9363  -0.3788   0.0000   0.0000   0.0000   0.1970
   0.750   0.0765   0.00508   0.00159   0.0031  0.8094  0.9518  -0.4231   0.0000   0.0000   0.0000   0.2064
   1.000   0.1053   0.00523   0.00162   0.0033  0.7736  0.9647  -0.4767   0.0000   0.0000   0.0000   0.2160
   1.250   0.1374   0.00541   0.00165   0.0026  0.7329  0.9740  -0.5429   0.0000   0.0000   0.0000   0.2280
   1.500   0.1714   0.00563   0.00170   0.0015  0.6879  0.9811  -0.6218   0.0000   0.0000   0.0000   0.2387
   1.750   0.2082   0.00587   0.00176  -0.0004  0.6376  0.9859  -0.7167   0.0000   0.0000   0.0000   0.2493
   2.000   0.2455   0.00614   0.00182  -0.0025  0.5839  0.9898  -0.8251   0.0000   0.0000   0.0000   0.2574
   2.250   0.2824   0.00642   0.00190  -0.0046  0.5275  0.9939  -0.9444   0.0000   0.0000   0.0000   0.2633
   2.500   0.3198   0.00673   0.00199  -0.0068  0.4682  0.9973  -1.0804   0.0000   0.0000   0.0000   0.2683
   2.750   0.3569   0.00705   0.00208  -0.0090  0.4065  1.0000  -1.2267   0.0000   0.0000   0.0000   0.2722
   3.000   0.3815   0.00733   0.00215  -0.0085  0.3533  1.0000  -1.3549   0.0000   0.0000   0.0000   0.2692
   3.250   0.4058   0.00764   0.00224  -0.0080  0.2997  1.0000  -1.4857   0.0000   0.0000   0.0000   0.2665
   3.500   0.4298   0.00798   0.00238  -0.0075  0.2469  1.0000  -1.6324   0.0000   0.0000   0.0000   0.2640
   3.750   0.4535   0.00835   0.00254  -0.0068  0.1966  1.0000  -1.7831   0.0000   0.0000   0.0000   0.2616
   4.000   0.4771   0.00874   0.00273  -0.0062  0.1522  1.0000  -1.9366   0.0000   0.0000   0.0000   0.2593
   4.250   0.5006   0.00913   0.00295  -0.0055  0.1149  1.0000  -2.0959   0.0000   0.0000   0.0000   0.2571
   4.500   0.5242   0.00951   0.00320  -0.0048  0.0871  1.0000  -2.2739   0.0000   0.0000   0.0000   0.2551
   4.750   0.5480   0.00989   0.00347  -0.0040  0.0681  1.0000  -2.4558   0.0000   0.0000   0.0000   0.2532
   5.000   0.5720   0.01026   0.00378  -0.0033  0.0558  1.0000  -2.6408   0.0000   0.0000   0.0000   0.2515
   5.250   0.5960   0.01063   0.00411  -0.0026  0.0474  1.0000  -2.8292   0.0000   0.0000   0.0000   0.2499
   5.500   0.6199   0.01103   0.00449  -0.0019  0.0411  1.0000  -3.0200   0.0000   0.0000   0.0000   0.2483
   5.750   0.6443   0.01140   0.00485  -0.0012  0.0367  1.0000  -3.2278   0.0000   0.0000   0.0000   0.2470
   6.000   0.6686   0.01181   0.00529  -0.0005  0.0332  1.0000  -3.4478   0.0000   0.0000   0.0000   0.2457
   6.250   0.6925   0.01233   0.00581   0.0002  0.0303  1.0000  -3.6709   0.0000   0.0000   0.0000   0.2445
   6.500   0.7174   0.01269   0.00620   0.0007  0.0277  1.0000  -3.9079   0.0000   0.0000   0.0000   0.2436
   6.750   0.7410   0.01331   0.00684   0.0014  0.0258  1.0000  -4.1331   0.0000   0.0000   0.0000   0.2424
   7.000   0.7656   0.01377   0.00735   0.0019  0.0241  1.0000  -4.3697   0.0000   0.0000   0.0000   0.2415
   7.250   0.7889   0.01446   0.00805   0.0026  0.0226  1.0000  -4.6029   0.0000   0.0000   0.0000   0.2405
   7.500   0.8125   0.01513   0.00880   0.0033  0.0214  1.0000  -4.8284   0.0000   0.0000   0.0000   0.2395
   7.750   0.8369   0.01564   0.00937   0.0038  0.0201  1.0000  -5.0753   0.0000   0.0000   0.0000   0.2388
   8.000   0.8605   0.01626   0.01001   0.0044  0.0190  1.0000  -5.3580   0.0000   0.0000   0.0000   0.2380
   8.250   0.8821   0.01732   0.01115   0.0052  0.0182  1.0000  -5.6072   0.0000   0.0000   0.0000   0.2369
   8.500   0.9055   0.01805   0.01199   0.0059  0.0174  1.0000  -5.8795   0.0000   0.0000   0.0000   0.2361
   8.750   0.9284   0.01884   0.01289   0.0066  0.0167  1.0000  -6.1551   0.0000   0.0000   0.0000   0.2352
   9.000   0.9509   0.01964   0.01376   0.0072  0.0160  1.0000  -6.4426   0.0000   0.0000   0.0000   0.2344
   9.250   0.9721   0.02068   0.01485   0.0080  0.0154  1.0000  -6.7229   0.0000   0.0000   0.0000   0.2335
   9.500   0.9894   0.02265   0.01699   0.0092  0.0149  1.0000  -6.9224   0.0000   0.0000   0.0000   0.2322
   9.750   1.0104   0.02366   0.01820   0.0100  0.0145  1.0000  -7.1810   0.0000   0.0000   0.0000   0.2313
  10.000   1.0300   0.02484   0.01958   0.0109  0.0140  1.0000  -7.4323   0.0000   0.0000   0.0000   0.2303
  10.250   1.0490   0.02599   0.02090   0.0118  0.0134  1.0000  -7.6977   0.0000   0.0000   0.0000   0.2293
  10.500   1.0670   0.02718   0.02223   0.0128  0.0130  1.0000  -7.9665   0.0000   0.0000   0.0000   0.2283
  10.750   1.0836   0.02849   0.02368   0.0138  0.0126  1.0000  -8.2284   0.0000   0.0000   0.0000   0.2272
  11.000   1.0979   0.03005   0.02536   0.0149  0.0123  1.0000  -8.4741   0.0000   0.0000   0.0000   0.2261
  11.250   1.1043   0.03273   0.02826   0.0166  0.0121  1.0000  -8.6064   0.0000   0.0000   0.0000   0.2243
  11.500   1.0977   0.03685   0.03276   0.0190  0.0119  1.0000  -8.5625   0.0000   0.0000   0.0000   0.2218
  11.750   1.0962   0.03932   0.03552   0.0211  0.0118  1.0000  -8.6340   0.0000   0.0000   0.0000   0.2195
  12.000   1.0848   0.04214   0.03860   0.0237  0.0117  1.0000  -8.6306   0.0000   0.0000   0.0000   0.2166
  12.250   1.0694   0.04584   0.04255   0.0244  0.0117  1.0000  -8.5786   0.0000   0.0000   0.0000   0.2152
  12.500   1.0511   0.05081   0.04775   0.0226  0.0117  1.0000  -8.4790   0.0000   0.0000   0.0000   0.2161
  12.750   1.0306   0.05751   0.05468   0.0178  0.0117  1.0000  -8.3261   0.0000   0.0000   0.0000   0.2198
  13.000   1.0072   0.06629   0.06366   0.0105  0.0118  1.0000  -8.0949   0.0000   0.0000   0.0000   0.2262
  13.250   0.9786   0.07717   0.07469   0.0021  0.0119  1.0000  -7.7561   0.0000   0.0000   0.0000   0.2341


