xflr5 v6.61

 Calculated polar for: NACA 0009

 1 1 Reynolds number fixed          Mach number fixed         

 xtrf =   1.000 (top)        1.000 (bottom)
 Mach =   0.000     Re =     0.560 e 6     Ncrit =   9.000

  alpha     CL        CD       CDp       Cm    Top Xtr Bot Xtr   Cpmin    Chinge    XCp    
 ------- -------- --------- --------- -------- ------- ------- -------- --------- ---------
 -10.000  -1.0247   0.02611   0.02082  -0.0115  1.0000  0.0145  -7.3266   0.0000   0.0000   0.0000   0.2297
  -9.750  -1.0053   0.02502   0.01947  -0.0106  1.0000  0.0150  -7.0846   0.0000   0.0000   0.0000   0.2307
  -9.500  -0.9898   0.02262   0.01688  -0.0093  1.0000  0.0155  -6.9109   0.0000   0.0000   0.0000   0.2321
  -9.250  -0.9692   0.02149   0.01569  -0.0085  1.0000  0.0160  -6.6353   0.0000   0.0000   0.0000   0.2330
  -9.000  -0.9474   0.02056   0.01467  -0.0078  1.0000  0.0166  -6.3571   0.0000   0.0000   0.0000   0.2338
  -8.750  -0.9252   0.01963   0.01361  -0.0071  1.0000  0.0173  -6.0904   0.0000   0.0000   0.0000   0.2347
  -8.500  -0.9025   0.01874   0.01259  -0.0063  1.0000  0.0180  -5.8287   0.0000   0.0000   0.0000   0.2356
  -8.250  -0.8803   0.01775   0.01146  -0.0055  1.0000  0.0187  -5.5787   0.0000   0.0000   0.0000   0.2366
  -8.000  -0.8585   0.01676   0.01046  -0.0048  1.0000  0.0197  -5.3120   0.0000   0.0000   0.0000   0.2376
  -7.750  -0.8345   0.01621   0.00986  -0.0042  1.0000  0.0209  -5.0298   0.0000   0.0000   0.0000   0.2383
  -7.500  -0.8100   0.01568   0.00923  -0.0037  1.0000  0.0221  -4.7931   0.0000   0.0000   0.0000   0.2391
  -7.250  -0.7881   0.01472   0.00824  -0.0028  1.0000  0.0234  -4.5800   0.0000   0.0000   0.0000   0.2403
  -7.000  -0.7639   0.01418   0.00768  -0.0022  1.0000  0.0249  -4.3415   0.0000   0.0000   0.0000   0.2411
  -6.750  -0.7391   0.01374   0.00715  -0.0017  1.0000  0.0264  -4.1098   0.0000   0.0000   0.0000   0.2420
  -6.500  -0.7161   0.01304   0.00647  -0.0010  1.0000  0.0287  -3.8855   0.0000   0.0000   0.0000   0.2432
  -6.250  -0.6914   0.01262   0.00600  -0.0004  1.0000  0.0312  -3.6568   0.0000   0.0000   0.0000   0.2442
  -6.000  -0.6675   0.01211   0.00549   0.0003  1.0000  0.0342  -3.4331   0.0000   0.0000   0.0000   0.2454
  -5.750  -0.6435   0.01163   0.00500   0.0010  1.0000  0.0378  -3.2162   0.0000   0.0000   0.0000   0.2467
  -5.500  -0.6194   0.01122   0.00460   0.0017  1.0000  0.0425  -3.0113   0.0000   0.0000   0.0000   0.2481
  -5.250  -0.5953   0.01083   0.00423   0.0024  1.0000  0.0489  -2.8211   0.0000   0.0000   0.0000   0.2496
  -5.000  -0.5712   0.01046   0.00388   0.0031  1.0000  0.0575  -2.6343   0.0000   0.0000   0.0000   0.2512
  -4.750  -0.5474   0.01007   0.00356   0.0039  1.0000  0.0706  -2.4503   0.0000   0.0000   0.0000   0.2529
  -4.500  -0.5237   0.00967   0.00327   0.0046  1.0000  0.0909  -2.2696   0.0000   0.0000   0.0000   0.2548
  -4.250  -0.5002   0.00926   0.00301   0.0053  1.0000  0.1205  -2.0922   0.0000   0.0000   0.0000   0.2568
  -4.000  -0.4767   0.00885   0.00278   0.0060  1.0000  0.1604  -1.9340   0.0000   0.0000   0.0000   0.2589
  -3.750  -0.4531   0.00845   0.00259   0.0067  1.0000  0.2072  -1.7807   0.0000   0.0000   0.0000   0.2612
  -3.500  -0.4294   0.00807   0.00243   0.0073  1.0000  0.2591  -1.6302   0.0000   0.0000   0.0000   0.2636
  -3.250  -0.4055   0.00772   0.00229   0.0079  1.0000  0.3132  -1.4840   0.0000   0.0000   0.0000   0.2661
  -3.000  -0.3812   0.00741   0.00219   0.0084  1.0000  0.3680  -1.3534   0.0000   0.0000   0.0000   0.2689
  -2.750  -0.3567   0.00713   0.00213   0.0089  1.0000  0.4218  -1.2254   0.0000   0.0000   0.0000   0.2719
  -2.500  -0.3280   0.00686   0.00207   0.0084  0.9991  0.4776  -1.0973   0.0000   0.0000   0.0000   0.2729
  -2.250  -0.2902   0.00655   0.00198   0.0061  0.9957  0.5381  -0.9598   0.0000   0.0000   0.0000   0.2684
  -2.000  -0.2524   0.00627   0.00192   0.0039  0.9921  0.5958  -0.8375   0.0000   0.0000   0.0000   0.2627
  -1.750  -0.2150   0.00601   0.00186   0.0018  0.9879  0.6501  -0.7276   0.0000   0.0000   0.0000   0.2557
  -1.500  -0.1782   0.00576   0.00180  -0.0001  0.9828  0.7007  -0.6310   0.0000   0.0000   0.0000   0.2470
  -1.250  -0.1425   0.00555   0.00176  -0.0016  0.9768  0.7463  -0.5491   0.0000   0.0000   0.0000   0.2360
  -0.750  -0.0786   0.00522   0.00170  -0.0027  0.9573  0.8222  -0.4250   0.0000   0.0000   0.0000   0.2125
  -0.250  -0.0246   0.00506   0.00168  -0.0013  0.9256  0.8806  -0.3423   0.0000   0.0000   0.0000   0.1937
   0.000   0.0000   0.00503   0.00168  -0.0000  0.9047  0.9047  -0.3107   0.0000   0.0000   0.0000   0.5090
   0.250   0.0246   0.00506   0.00168   0.0013  0.8806  0.9257  -0.3423   0.0000   0.0000   0.0000   0.1937
   0.500   0.0504   0.00512   0.00169   0.0023  0.8535  0.9431  -0.3796   0.0000   0.0000   0.0000   0.2010
   0.750   0.0786   0.00522   0.00170   0.0027  0.8222  0.9573  -0.4250   0.0000   0.0000   0.0000   0.2125
   1.000   0.1093   0.00537   0.00172   0.0025  0.7869  0.9684  -0.4809   0.0000   0.0000   0.0000   0.2244
   1.250   0.1425   0.00555   0.00176   0.0016  0.7463  0.9768  -0.5491   0.0000   0.0000   0.0000   0.2360
   1.500   0.1782   0.00576   0.00180   0.0001  0.7007  0.9828  -0.6310   0.0000   0.0000   0.0000   0.2470
   1.750   0.2150   0.00601   0.00186  -0.0018  0.6500  0.9879  -0.7276   0.0000   0.0000   0.0000   0.2557
   2.000   0.2524   0.00627   0.00192  -0.0039  0.5958  0.9921  -0.8375   0.0000   0.0000   0.0000   0.2627
   2.250   0.2902   0.00655   0.00198  -0.0061  0.5381  0.9957  -0.9598   0.0000   0.0000   0.0000   0.2684
   2.500   0.3280   0.00686   0.00207  -0.0085  0.4776  0.9991  -1.0974   0.0000   0.0000   0.0000   0.2729
   2.750   0.3566   0.00713   0.00212  -0.0088  0.4218  1.0000  -1.2253   0.0000   0.0000   0.0000   0.2718
   3.000   0.3812   0.00741   0.00219  -0.0084  0.3680  1.0000  -1.3533   0.0000   0.0000   0.0000   0.2689
   3.250   0.4054   0.00772   0.00229  -0.0079  0.3133  1.0000  -1.4839   0.0000   0.0000   0.0000   0.2661
   3.500   0.4294   0.00807   0.00243  -0.0073  0.2592  1.0000  -1.6301   0.0000   0.0000   0.0000   0.2636
   3.750   0.4531   0.00845   0.00259  -0.0067  0.2072  1.0000  -1.7806   0.0000   0.0000   0.0000   0.2612
   4.000   0.4767   0.00885   0.00278  -0.0060  0.1604  1.0000  -1.9338   0.0000   0.0000   0.0000   0.2589
   4.250   0.5001   0.00926   0.00301  -0.0053  0.1205  1.0000  -2.0921   0.0000   0.0000   0.0000   0.2568
   4.500   0.5237   0.00967   0.00327  -0.0046  0.0909  1.0000  -2.2694   0.0000   0.0000   0.0000   0.2548
   4.750   0.5473   0.01007   0.00356  -0.0039  0.0706  1.0000  -2.4502   0.0000   0.0000   0.0000   0.2529
   5.000   0.5712   0.01046   0.00388  -0.0031  0.0576  1.0000  -2.6342   0.0000   0.0000   0.0000   0.2512
   5.250   0.5953   0.01083   0.00423  -0.0024  0.0489  1.0000  -2.8210   0.0000   0.0000   0.0000   0.2496
   5.500   0.6194   0.01122   0.00460  -0.0017  0.0426  1.0000  -3.0112   0.0000   0.0000   0.0000   0.2481
   5.750   0.6435   0.01163   0.00500  -0.0010  0.0378  1.0000  -3.2161   0.0000   0.0000   0.0000   0.2467
   6.000   0.6675   0.01211   0.00549  -0.0003  0.0342  1.0000  -3.4330   0.0000   0.0000   0.0000   0.2454
   6.250   0.6914   0.01262   0.00600   0.0004  0.0312  1.0000  -3.6568   0.0000   0.0000   0.0000   0.2442
   6.500   0.7161   0.01304   0.00647   0.0010  0.0286  1.0000  -3.8855   0.0000   0.0000   0.0000   0.2432
   6.750   0.7391   0.01374   0.00715   0.0017  0.0264  1.0000  -4.1098   0.0000   0.0000   0.0000   0.2420
   7.000   0.7639   0.01418   0.00768   0.0022  0.0249  1.0000  -4.3415   0.0000   0.0000   0.0000   0.2411
   7.250   0.7881   0.01472   0.00824   0.0028  0.0234  1.0000  -4.5800   0.0000   0.0000   0.0000   0.2403
   7.500   0.8100   0.01568   0.00923   0.0037  0.0221  1.0000  -4.7932   0.0000   0.0000   0.0000   0.2391
   7.750   0.8345   0.01621   0.00986   0.0042  0.0209  1.0000  -5.0299   0.0000   0.0000   0.0000   0.2383
   8.000   0.8586   0.01676   0.01046   0.0048  0.0197  1.0000  -5.3121   0.0000   0.0000   0.0000   0.2376
   8.250   0.8803   0.01775   0.01146   0.0055  0.0187  1.0000  -5.5788   0.0000   0.0000   0.0000   0.2366
   8.500   0.9026   0.01874   0.01259   0.0063  0.0180  1.0000  -5.8289   0.0000   0.0000   0.0000   0.2356
   8.750   0.9253   0.01963   0.01361   0.0071  0.0173  1.0000  -6.0906   0.0000   0.0000   0.0000   0.2347
   9.000   0.9474   0.02056   0.01467   0.0078  0.0166  1.0000  -6.3574   0.0000   0.0000   0.0000   0.2338
   9.250   0.9692   0.02150   0.01569   0.0085  0.0160  1.0000  -6.6357   0.0000   0.0000   0.0000   0.2330
   9.500   0.9899   0.02262   0.01688   0.0093  0.0155  1.0000  -6.9113   0.0000   0.0000   0.0000   0.2321
   9.750   1.0053   0.02502   0.01947   0.0105  0.0150  1.0000  -7.0851   0.0000   0.0000   0.0000   0.2307
  10.000   1.0248   0.02611   0.02083   0.0115  0.0145  1.0000  -7.3271   0.0000   0.0000   0.0000   0.2297
  10.250   1.0420   0.02759   0.02256   0.0126  0.0140  1.0000  -7.5445   0.0000   0.0000   0.0000   0.2285
  10.500   1.0575   0.02923   0.02442   0.0138  0.0135  1.0000  -7.7555   0.0000   0.0000   0.0000   0.2273
  10.750   1.0710   0.03103   0.02643   0.0151  0.0132  1.0000  -7.9539   0.0000   0.0000   0.0000   0.2260
  11.000   1.0830   0.03281   0.02841   0.0164  0.0129  1.0000  -8.1553   0.0000   0.0000   0.0000   0.2246
  11.250   1.0925   0.03469   0.03047   0.0178  0.0126  1.0000  -8.3458   0.0000   0.0000   0.0000   0.2232
  11.500   1.0988   0.03675   0.03271   0.0193  0.0124  1.0000  -8.5147   0.0000   0.0000   0.0000   0.2216
  11.750   1.0984   0.03927   0.03542   0.0211  0.0123  1.0000  -8.6184   0.0000   0.0000   0.0000   0.2196
  12.000   1.0875   0.04216   0.03852   0.0237  0.0122  1.0000  -8.6284   0.0000   0.0000   0.0000   0.2167
  12.250   1.0719   0.04585   0.04243   0.0247  0.0121  1.0000  -8.5808   0.0000   0.0000   0.0000   0.2150
  12.500   1.0541   0.05058   0.04739   0.0234  0.0121  1.0000  -8.4938   0.0000   0.0000   0.0000   0.2154
  12.750   1.0347   0.05684   0.05390   0.0191  0.0121  1.0000  -8.3578   0.0000   0.0000   0.0000   0.2186
  17.250   0.5556   0.18094   0.17886  -0.0315  0.0157  1.0000  -1.5264   0.0000   0.0000   0.0000   0.2970
  17.500   0.5607   0.18310   0.18103  -0.0323  0.0154  1.0000  -1.5884   0.0000   0.0000   0.0000   0.2975
  17.750   0.5679   0.18518   0.18312  -0.0326  0.0151  1.0000  -1.6948   0.0000   0.0000   0.0000   0.2970
  18.000   0.5725   0.18832   0.18626  -0.0334  0.0150  1.0000  -1.7066   0.0000   0.0000   0.0000   0.2975
  18.250   0.5697   0.19201   0.18995  -0.0358  0.0149  1.0000  -1.5107   0.0000   0.0000   0.0000   0.3023
  18.500   0.5697   0.19588   0.19383  -0.0379  0.0139  1.0000  -1.3300   0.0000   0.0000   0.0000   0.3061
  18.750   0.5733   0.19870   0.19664  -0.0392  0.0133  1.0000  -1.3187   0.0000   0.0000   0.0000   0.3076
  19.000   0.5772   0.20136   0.19931  -0.0404  0.0128  1.0000  -1.3345   0.0000   0.0000   0.0000   0.3090
  19.250   0.5814   0.20390   0.20186  -0.0415  0.0125  1.0000  -1.3651   0.0000   0.0000   0.0000   0.3101
  19.500   0.5860   0.20632   0.20428  -0.0425  0.0122  1.0000  -1.4134   0.0000   0.0000   0.0000   0.3110
  19.750   0.5913   0.20865   0.20663  -0.0433  0.0121  1.0000  -1.4894   0.0000   0.0000   0.0000   0.3114
  20.000   0.5986   0.21153   0.20951  -0.0436  0.0119  1.0000  -1.5984   0.0000   0.0000   0.0000   0.3104


