xflr5 v6.61

 Calculated polar for: NACA 0009

 1 1 Reynolds number fixed          Mach number fixed         

 xtrf =   1.000 (top)        1.000 (bottom)
 Mach =   0.000     Re =     0.725 e 6     Ncrit =   9.000

  alpha     CL        CD       CDp       Cm    Top Xtr Bot Xtr   Cpmin    Chinge    XCp    
 ------- -------- --------- --------- -------- ------- ------- -------- --------- ---------
 -10.000  -1.0449   0.02146   0.01612  -0.0090  1.0000  0.0126  -7.7760   0.0000   0.0000   0.0000   0.2322
  -9.750  -1.0231   0.02073   0.01534  -0.0084  1.0000  0.0131  -7.4499   0.0000   0.0000   0.0000   0.2329
  -9.500  -1.0009   0.01998   0.01450  -0.0077  1.0000  0.0136  -7.1406   0.0000   0.0000   0.0000   0.2337
  -9.250  -0.9788   0.01913   0.01353  -0.0070  1.0000  0.0142  -6.8523   0.0000   0.0000   0.0000   0.2346
  -9.000  -0.9563   0.01833   0.01261  -0.0063  1.0000  0.0147  -6.5672   0.0000   0.0000   0.0000   0.2354
  -8.750  -0.9332   0.01758   0.01174  -0.0056  1.0000  0.0151  -6.2823   0.0000   0.0000   0.0000   0.2362
  -8.500  -0.9133   0.01630   0.01040  -0.0047  1.0000  0.0159  -6.0315   0.0000   0.0000   0.0000   0.2375
  -8.250  -0.8896   0.01571   0.00977  -0.0041  1.0000  0.0166  -5.7313   0.0000   0.0000   0.0000   0.2382
  -8.000  -0.8655   0.01514   0.00914  -0.0036  1.0000  0.0175  -5.4401   0.0000   0.0000   0.0000   0.2390
  -7.750  -0.8407   0.01468   0.00860  -0.0031  1.0000  0.0183  -5.1610   0.0000   0.0000   0.0000   0.2397
  -7.500  -0.8181   0.01386   0.00774  -0.0023  1.0000  0.0196  -4.9272   0.0000   0.0000   0.0000   0.2407
  -7.250  -0.7934   0.01342   0.00728  -0.0019  1.0000  0.0208  -4.6690   0.0000   0.0000   0.0000   0.2415
  -7.000  -0.7684   0.01301   0.00681  -0.0014  1.0000  0.0221  -4.4229   0.0000   0.0000   0.0000   0.2423
  -6.750  -0.7449   0.01235   0.00613  -0.0007  1.0000  0.0237  -4.1924   0.0000   0.0000   0.0000   0.2434
  -6.500  -0.7199   0.01198   0.00573  -0.0002  1.0000  0.0255  -3.9489   0.0000   0.0000   0.0000   0.2443
  -6.250  -0.6957   0.01151   0.00524   0.0005  1.0000  0.0278  -3.7171   0.0000   0.0000   0.0000   0.2454
  -6.000  -0.6707   0.01120   0.00491   0.0010  1.0000  0.0305  -3.4799   0.0000   0.0000   0.0000   0.2464
  -5.750  -0.6466   0.01078   0.00449   0.0017  1.0000  0.0339  -3.2555   0.0000   0.0000   0.0000   0.2477
  -5.500  -0.6223   0.01042   0.00413   0.0024  1.0000  0.0380  -3.0451   0.0000   0.0000   0.0000   0.2492
  -5.250  -0.5981   0.01009   0.00382   0.0031  1.0000  0.0435  -2.8499   0.0000   0.0000   0.0000   0.2506
  -5.000  -0.5738   0.00977   0.00353   0.0038  1.0000  0.0512  -2.6577   0.0000   0.0000   0.0000   0.2523
  -4.750  -0.5498   0.00944   0.00326   0.0045  1.0000  0.0619  -2.4702   0.0000   0.0000   0.0000   0.2540
  -4.500  -0.5259   0.00912   0.00302   0.0052  1.0000  0.0779  -2.2861   0.0000   0.0000   0.0000   0.2560
  -4.250  -0.5022   0.00878   0.00279   0.0059  1.0000  0.1011  -2.1065   0.0000   0.0000   0.0000   0.2580
  -4.000  -0.4786   0.00843   0.00259   0.0067  1.0000  0.1317  -1.9449   0.0000   0.0000   0.0000   0.2603
  -3.750  -0.4550   0.00808   0.00241   0.0073  1.0000  0.1705  -1.7905   0.0000   0.0000   0.0000   0.2626
  -3.500  -0.4312   0.00775   0.00226   0.0080  1.0000  0.2148  -1.6391   0.0000   0.0000   0.0000   0.2651
  -3.250  -0.4071   0.00742   0.00213   0.0085  1.0000  0.2635  -1.4909   0.0000   0.0000   0.0000   0.2677
  -3.000  -0.3735   0.00706   0.00200   0.0070  0.9982  0.3220  -1.3369   0.0000   0.0000   0.0000   0.2656
  -2.750  -0.3372   0.00670   0.00188   0.0049  0.9955  0.3822  -1.1808   0.0000   0.0000   0.0000   0.2616
  -2.500  -0.3003   0.00638   0.00178   0.0028  0.9929  0.4412  -1.0401   0.0000   0.0000   0.0000   0.2563
  -2.250  -0.2644   0.00607   0.00168   0.0009  0.9890  0.4972  -0.9113   0.0000   0.0000   0.0000   0.2505
  -2.000  -0.2279   0.00579   0.00160  -0.0011  0.9854  0.5514  -0.7944   0.0000   0.0000   0.0000   0.2425
  -1.750  -0.1923   0.00553   0.00152  -0.0028  0.9806  0.6028  -0.6922   0.0000   0.0000   0.0000   0.2327
  -1.500  -0.1595   0.00529   0.00146  -0.0038  0.9732  0.6505  -0.6060   0.0000   0.0000   0.0000   0.2236
  -1.250  -0.1289   0.00508   0.00141  -0.0042  0.9632  0.6946  -0.5326   0.0000   0.0000   0.0000   0.2148
  -1.000  -0.1010   0.00491   0.00137  -0.0039  0.9496  0.7350  -0.4721   0.0000   0.0000   0.0000   0.2082
  -0.750  -0.0745   0.00477   0.00134  -0.0033  0.9339  0.7727  -0.4211   0.0000   0.0000   0.0000   0.2032
  -0.500  -0.0494   0.00466   0.00132  -0.0022  0.9146  0.8069  -0.3787   0.0000   0.0000   0.0000   0.2016
  -0.250  -0.0246   0.00460   0.00131  -0.0011  0.8923  0.8386  -0.3423   0.0000   0.0000   0.0000   0.2006
   0.000  -0.0000   0.00458   0.00130   0.0000  0.8670  0.8670  -0.3106   0.0000   0.0000   0.0000   0.5730
   0.250   0.0246   0.00460   0.00131   0.0011  0.8386  0.8923  -0.3423   0.0000   0.0000   0.0000   0.2006
   0.500   0.0494   0.00466   0.00132   0.0022  0.8069  0.9146  -0.3787   0.0000   0.0000   0.0000   0.2016
   0.750   0.0745   0.00477   0.00134   0.0033  0.7727  0.9339  -0.4211   0.0000   0.0000   0.0000   0.2032
   1.000   0.1010   0.00491   0.00137   0.0039  0.7350  0.9496  -0.4721   0.0000   0.0000   0.0000   0.2082
   1.250   0.1289   0.00508   0.00141   0.0042  0.6946  0.9632  -0.5326   0.0000   0.0000   0.0000   0.2148
   1.500   0.1595   0.00529   0.00145   0.0038  0.6505  0.9732  -0.6060   0.0000   0.0000   0.0000   0.2236
   1.750   0.1923   0.00553   0.00152   0.0028  0.6028  0.9806  -0.6922   0.0000   0.0000   0.0000   0.2327
   2.000   0.2279   0.00579   0.00160   0.0011  0.5514  0.9854  -0.7944   0.0000   0.0000   0.0000   0.2425
   2.250   0.2644   0.00607   0.00168  -0.0009  0.4972  0.9890  -0.9113   0.0000   0.0000   0.0000   0.2505
   2.500   0.3003   0.00638   0.00178  -0.0028  0.4412  0.9929  -1.0401   0.0000   0.0000   0.0000   0.2563
   2.750   0.3372   0.00670   0.00188  -0.0049  0.3822  0.9955  -1.1808   0.0000   0.0000   0.0000   0.2616
   3.000   0.3735   0.00706   0.00200  -0.0070  0.3221  0.9982  -1.3369   0.0000   0.0000   0.0000   0.2656
   3.250   0.4071   0.00742   0.00213  -0.0085  0.2636  1.0000  -1.4908   0.0000   0.0000   0.0000   0.2677
   3.500   0.4311   0.00775   0.00226  -0.0080  0.2149  1.0000  -1.6390   0.0000   0.0000   0.0000   0.2651
   3.750   0.4550   0.00808   0.00241  -0.0073  0.1705  1.0000  -1.7903   0.0000   0.0000   0.0000   0.2626
   4.000   0.4786   0.00843   0.00259  -0.0067  0.1317  1.0000  -1.9447   0.0000   0.0000   0.0000   0.2603
   4.250   0.5022   0.00878   0.00279  -0.0059  0.1012  1.0000  -2.1063   0.0000   0.0000   0.0000   0.2580
   4.500   0.5259   0.00912   0.00302  -0.0052  0.0779  1.0000  -2.2860   0.0000   0.0000   0.0000   0.2559
   4.750   0.5498   0.00944   0.00326  -0.0045  0.0619  1.0000  -2.4701   0.0000   0.0000   0.0000   0.2540
   5.000   0.5738   0.00977   0.00353  -0.0038  0.0512  1.0000  -2.6576   0.0000   0.0000   0.0000   0.2522
   5.250   0.5980   0.01009   0.00382  -0.0031  0.0436  1.0000  -2.8497   0.0000   0.0000   0.0000   0.2506
   5.500   0.6223   0.01042   0.00413  -0.0024  0.0380  1.0000  -3.0449   0.0000   0.0000   0.0000   0.2491
   5.750   0.6466   0.01078   0.00449  -0.0017  0.0339  1.0000  -3.2553   0.0000   0.0000   0.0000   0.2477
   6.000   0.6707   0.01120   0.00491  -0.0010  0.0305  1.0000  -3.4798   0.0000   0.0000   0.0000   0.2464
   6.250   0.6957   0.01151   0.00524  -0.0004  0.0278  1.0000  -3.7170   0.0000   0.0000   0.0000   0.2454
   6.500   0.7199   0.01198   0.00573   0.0002  0.0255  1.0000  -3.9489   0.0000   0.0000   0.0000   0.2443
   6.750   0.7449   0.01235   0.00613   0.0007  0.0237  1.0000  -4.1924   0.0000   0.0000   0.0000   0.2434
   7.000   0.7684   0.01301   0.00681   0.0014  0.0221  1.0000  -4.4229   0.0000   0.0000   0.0000   0.2423
   7.250   0.7934   0.01342   0.00728   0.0019  0.0208  1.0000  -4.6690   0.0000   0.0000   0.0000   0.2415
   7.500   0.8182   0.01386   0.00774   0.0023  0.0196  1.0000  -4.9272   0.0000   0.0000   0.0000   0.2407
   7.750   0.8407   0.01468   0.00860   0.0031  0.0183  1.0000  -5.1611   0.0000   0.0000   0.0000   0.2397
   8.000   0.8655   0.01514   0.00914   0.0036  0.0175  1.0000  -5.4402   0.0000   0.0000   0.0000   0.2390
   8.250   0.8896   0.01571   0.00977   0.0041  0.0166  1.0000  -5.7315   0.0000   0.0000   0.0000   0.2382
   8.500   0.9133   0.01630   0.01040   0.0046  0.0159  1.0000  -6.0317   0.0000   0.0000   0.0000   0.2375
   8.750   0.9332   0.01759   0.01175   0.0056  0.0151  1.0000  -6.2824   0.0000   0.0000   0.0000   0.2362
   9.000   0.9563   0.01833   0.01261   0.0063  0.0147  1.0000  -6.5675   0.0000   0.0000   0.0000   0.2354
   9.250   0.9789   0.01913   0.01353   0.0070  0.0142  1.0000  -6.8526   0.0000   0.0000   0.0000   0.2346
   9.500   1.0010   0.01998   0.01450   0.0077  0.0136  1.0000  -7.1410   0.0000   0.0000   0.0000   0.2337
   9.750   1.0231   0.02073   0.01534   0.0084  0.0131  1.0000  -7.4504   0.0000   0.0000   0.0000   0.2330
  10.000   1.0450   0.02146   0.01612   0.0090  0.0126  1.0000  -7.7765   0.0000   0.0000   0.0000   0.2322
  10.250   1.0625   0.02292   0.01767   0.0100  0.0121  1.0000  -8.0416   0.0000   0.0000   0.0000   0.2311
  10.500   1.0780   0.02474   0.01972   0.0113  0.0118  1.0000  -8.2499   0.0000   0.0000   0.0000   0.2297
  10.750   1.0961   0.02595   0.02112   0.0123  0.0115  1.0000  -8.5095   0.0000   0.0000   0.0000   0.2287
  11.000   1.1117   0.02745   0.02283   0.0135  0.0112  1.0000  -8.7412   0.0000   0.0000   0.0000   0.2274
  11.250   1.1250   0.02915   0.02475   0.0148  0.0109  1.0000  -8.9517   0.0000   0.0000   0.0000   0.2261
  11.500   1.1358   0.03100   0.02681   0.0163  0.0107  1.0000  -9.1457   0.0000   0.0000   0.0000   0.2246
  11.750   1.1440   0.03295   0.02897   0.0179  0.0105  1.0000  -9.3250   0.0000   0.0000   0.0000   0.2230
  12.000   1.1491   0.03499   0.03120   0.0196  0.0103  1.0000  -9.4861   0.0000   0.0000   0.0000   0.2213
  12.250   1.1471   0.03712   0.03352   0.0220  0.0102  1.0000  -9.5947   0.0000   0.0000   0.0000   0.2188
  12.500   1.1406   0.03959   0.03618   0.0239  0.0101  1.0000  -9.6838   0.0000   0.0000   0.0000   0.2165
  12.750   1.1313   0.04275   0.03953   0.0246  0.0100  1.0000  -9.7314   0.0000   0.0000   0.0000   0.2154
  13.000   1.1183   0.04703   0.04401   0.0232  0.0100  1.0000  -9.7169   0.0000   0.0000   0.0000   0.2159
  13.250   1.0999   0.05325   0.05046   0.0192  0.0100  1.0000  -9.5967   0.0000   0.0000   0.0000   0.2187
  13.500   1.0689   0.06346   0.06096   0.0109  0.0100  1.0000  -9.2423   0.0000   0.0000   0.0000   0.2255
  16.250   0.7795   0.20116   0.19916  -0.0589  0.0126  1.0000  -2.2752   0.0000   0.0000   0.0000   0.3123
  16.500   0.7870   0.20428   0.20227  -0.0605  0.0124  1.0000  -2.3353   0.0000   0.0000   0.0000   0.3133
  16.750   0.7949   0.20707   0.20507  -0.0618  0.0122  1.0000  -2.4260   0.0000   0.0000   0.0000   0.3138
  17.000   0.8036   0.20957   0.20758  -0.0626  0.0120  1.0000  -2.5586   0.0000   0.0000   0.0000   0.3134


