xflr5 v6.61

 Calculated polar for: NACA 0009

 1 1 Reynolds number fixed          Mach number fixed         

 xtrf =   1.000 (top)        1.000 (bottom)
 Mach =   0.000     Re =     0.160 e 6     Ncrit =   9.000

  alpha     CL        CD       CDp       Cm    Top Xtr Bot Xtr   Cpmin    Chinge    XCp    
 ------- -------- --------- --------- -------- ------- ------- -------- --------- ---------
  -9.250  -0.8762   0.05442   0.04909  -0.0181  1.0000  0.0462  -4.2992   0.0000   0.0000   0.0000   0.2222
  -9.000  -0.8669   0.05019   0.04478  -0.0175  1.0000  0.0467  -4.2269   0.0000   0.0000   0.0000   0.2228
  -8.750  -0.8527   0.04747   0.04203  -0.0170  1.0000  0.0476  -4.0816   0.0000   0.0000   0.0000   0.2233
  -8.500  -0.8514   0.04145   0.03535  -0.0150  1.0000  0.0446  -4.2222   0.0000   0.0000   0.0000   0.2257
  -8.250  -0.8426   0.03688   0.03021  -0.0132  1.0000  0.0436  -4.2509   0.0000   0.0000   0.0000   0.2277
  -8.000  -0.8285   0.03321   0.02600  -0.0116  1.0000  0.0435  -4.2212   0.0000   0.0000   0.0000   0.2295
  -7.750  -0.8106   0.03034   0.02265  -0.0102  1.0000  0.0444  -4.1380   0.0000   0.0000   0.0000   0.2311
  -7.500  -0.7915   0.02803   0.01976  -0.0088  1.0000  0.0466  -4.0427   0.0000   0.0000   0.0000   0.2328
  -7.250  -0.7682   0.02638   0.01811  -0.0083  1.0000  0.0489  -3.8668   0.0000   0.0000   0.0000   0.2333
  -7.000  -0.7449   0.02452   0.01592  -0.0073  1.0000  0.0511  -3.7536   0.0000   0.0000   0.0000   0.2345
  -6.750  -0.7211   0.02285   0.01415  -0.0065  1.0000  0.0538  -3.6012   0.0000   0.0000   0.0000   0.2353
  -6.500  -0.6970   0.02172   0.01281  -0.0057  1.0000  0.0582  -3.4397   0.0000   0.0000   0.0000   0.2364
  -6.250  -0.6731   0.02040   0.01155  -0.0051  1.0000  0.0625  -3.2624   0.0000   0.0000   0.0000   0.2373
  -6.000  -0.6496   0.01921   0.01038  -0.0043  1.0000  0.0678  -3.0924   0.0000   0.0000   0.0000   0.2384
  -5.750  -0.6264   0.01820   0.00939  -0.0034  1.0000  0.0752  -2.9175   0.0000   0.0000   0.0000   0.2397
  -5.500  -0.6035   0.01721   0.00842  -0.0025  1.0000  0.0842  -2.7717   0.0000   0.0000   0.0000   0.2412
  -5.250  -0.5813   0.01625   0.00755  -0.0015  1.0000  0.0966  -2.6215   0.0000   0.0000   0.0000   0.2428
  -5.000  -0.5593   0.01533   0.00675  -0.0005  1.0000  0.1154  -2.4735   0.0000   0.0000   0.0000   0.2447
  -4.750  -0.5380   0.01433   0.00599   0.0005  1.0000  0.1474  -2.3264   0.0000   0.0000   0.0000   0.2468
  -4.500  -0.5176   0.01326   0.00534   0.0015  1.0000  0.2112  -2.1785   0.0000   0.0000   0.0000   0.2490
  -4.250  -0.4973   0.01234   0.00489   0.0026  1.0000  0.3030  -2.0311   0.0000   0.0000   0.0000   0.2514
  -4.000  -0.4762   0.01167   0.00460   0.0037  1.0000  0.3888  -1.8883   0.0000   0.0000   0.0000   0.2542
  -3.750  -0.4549   0.01114   0.00438   0.0050  1.0000  0.4642  -1.7452   0.0000   0.0000   0.0000   0.2574
  -3.500  -0.4331   0.01070   0.00422   0.0063  1.0000  0.5330  -1.6031   0.0000   0.0000   0.0000   0.2612
  -3.250  -0.4112   0.01034   0.00409   0.0077  1.0000  0.5972  -1.4692   0.0000   0.0000   0.0000   0.2655
  -3.000  -0.3892   0.01004   0.00401   0.0092  1.0000  0.6574  -1.3452   0.0000   0.0000   0.0000   0.2706
  -2.750  -0.3673   0.00980   0.00398   0.0109  1.0000  0.7139  -1.2238   0.0000   0.0000   0.0000   0.2768
  -2.500  -0.3455   0.00964   0.00400   0.0128  1.0000  0.7667  -1.1128   0.0000   0.0000   0.0000   0.2842
  -2.250  -0.3239   0.00956   0.00404   0.0148  1.0000  0.8159  -1.0081   0.0000   0.0000   0.0000   0.2930
  -2.000  -0.3015   0.00958   0.00415   0.0168  1.0000  0.8604  -0.9098   0.0000   0.0000   0.0000   0.3032
  -1.750  -0.2755   0.00969   0.00427   0.0180  1.0000  0.9012  -0.8118   0.0000   0.0000   0.0000   0.3131
  -1.500  -0.2399   0.00987   0.00442   0.0172  1.0000  0.9354  -0.7087   0.0000   0.0000   0.0000   0.3192
  -1.250  -0.1905   0.01006   0.00453   0.0132  1.0000  0.9594  -0.5995   0.0000   0.0000   0.0000   0.3171
  -1.000  -0.1331   0.01020   0.00459   0.0074  1.0000  0.9756  -0.4979   0.0000   0.0000   0.0000   0.3027
  -0.750  -0.0734   0.01025   0.00456   0.0007  1.0000  0.9880  -0.4139   0.0000   0.0000   0.0000   0.2569
  -0.500  -0.0139   0.01020   0.00447  -0.0060  1.0000  0.9984  -0.3470   0.0000   0.0000   0.0000  -0.1895
  -0.250  -0.0009   0.01006   0.00434  -0.0042  1.0000  1.0000  -0.3236   0.0000   0.0000   0.0000  -4.5785
   0.000   0.0000   0.01001   0.00429  -0.0000  1.0000  1.0000  -0.3104   0.0000   0.0000   0.0000   0.4092
   0.250   0.0009   0.01006   0.00434   0.0042  1.0000  1.0000  -0.3236   0.0000   0.0000   0.0000  -4.5665
   0.500   0.0139   0.01020   0.00447   0.0060  0.9984  1.0000  -0.3470   0.0000   0.0000   0.0000  -0.1899
   0.750   0.0733   0.01025   0.00456  -0.0007  0.9880  1.0000  -0.4139   0.0000   0.0000   0.0000   0.2569
   1.000   0.1331   0.01020   0.00459  -0.0074  0.9756  1.0000  -0.4979   0.0000   0.0000   0.0000   0.3027
   1.250   0.1905   0.01006   0.00453  -0.0132  0.9594  1.0000  -0.5995   0.0000   0.0000   0.0000   0.3171
   1.500   0.2398   0.00986   0.00442  -0.0172  0.9354  1.0000  -0.7087   0.0000   0.0000   0.0000   0.3192
   1.750   0.2755   0.00969   0.00427  -0.0180  0.9012  1.0000  -0.8117   0.0000   0.0000   0.0000   0.3130
   2.000   0.3014   0.00958   0.00415  -0.0168  0.8604  1.0000  -0.9097   0.0000   0.0000   0.0000   0.3031
   2.250   0.3239   0.00956   0.00404  -0.0148  0.8159  1.0000  -1.0081   0.0000   0.0000   0.0000   0.2930
   2.500   0.3455   0.00964   0.00400  -0.0128  0.7667  1.0000  -1.1128   0.0000   0.0000   0.0000   0.2842
   2.750   0.3673   0.00980   0.00398  -0.0109  0.7139  1.0000  -1.2238   0.0000   0.0000   0.0000   0.2768
   3.000   0.3892   0.01004   0.00401  -0.0092  0.6574  1.0000  -1.3451   0.0000   0.0000   0.0000   0.2706
   3.250   0.4112   0.01034   0.00409  -0.0077  0.5972  1.0000  -1.4691   0.0000   0.0000   0.0000   0.2655
   3.500   0.4331   0.01070   0.00422  -0.0063  0.5331  1.0000  -1.6030   0.0000   0.0000   0.0000   0.2611
   3.750   0.4548   0.01114   0.00438  -0.0050  0.4642  1.0000  -1.7451   0.0000   0.0000   0.0000   0.2574
   4.000   0.4762   0.01167   0.00460  -0.0037  0.3888  1.0000  -1.8882   0.0000   0.0000   0.0000   0.2542
   4.250   0.4972   0.01234   0.00489  -0.0026  0.3031  1.0000  -2.0310   0.0000   0.0000   0.0000   0.2514
   4.500   0.5176   0.01326   0.00534  -0.0015  0.2113  1.0000  -2.1784   0.0000   0.0000   0.0000   0.2490
   4.750   0.5380   0.01433   0.00599  -0.0005  0.1474  1.0000  -2.3263   0.0000   0.0000   0.0000   0.2467
   5.000   0.5593   0.01533   0.00675   0.0006  0.1154  1.0000  -2.4735   0.0000   0.0000   0.0000   0.2447
   5.250   0.5813   0.01625   0.00755   0.0016  0.0966  1.0000  -2.6215   0.0000   0.0000   0.0000   0.2428
   5.500   0.6034   0.01721   0.00842   0.0025  0.0842  1.0000  -2.7717   0.0000   0.0000   0.0000   0.2412
   5.750   0.6264   0.01820   0.00939   0.0034  0.0752  1.0000  -2.9175   0.0000   0.0000   0.0000   0.2397
   6.000   0.6496   0.01921   0.01038   0.0043  0.0678  1.0000  -3.0924   0.0000   0.0000   0.0000   0.2384
   6.250   0.6731   0.02040   0.01155   0.0051  0.0625  1.0000  -3.2624   0.0000   0.0000   0.0000   0.2373
   6.500   0.6970   0.02172   0.01281   0.0057  0.0582  1.0000  -3.4397   0.0000   0.0000   0.0000   0.2364
   6.750   0.7211   0.02285   0.01415   0.0065  0.0538  1.0000  -3.6012   0.0000   0.0000   0.0000   0.2353
   7.000   0.7449   0.02452   0.01592   0.0073  0.0511  1.0000  -3.7536   0.0000   0.0000   0.0000   0.2345
   7.250   0.7682   0.02638   0.01811   0.0083  0.0489  1.0000  -3.8669   0.0000   0.0000   0.0000   0.2333
   7.500   0.7916   0.02803   0.01976   0.0088  0.0466  1.0000  -4.0428   0.0000   0.0000   0.0000   0.2328
   7.750   0.8107   0.03034   0.02265   0.0102  0.0444  1.0000  -4.1380   0.0000   0.0000   0.0000   0.2311
   8.000   0.8286   0.03321   0.02600   0.0116  0.0435  1.0000  -4.2213   0.0000   0.0000   0.0000   0.2295
   8.250   0.8426   0.03688   0.03021   0.0132  0.0436  1.0000  -4.2510   0.0000   0.0000   0.0000   0.2277
   8.500   0.8514   0.04145   0.03536   0.0150  0.0446  1.0000  -4.2223   0.0000   0.0000   0.0000   0.2257
   8.750   0.8599   0.04581   0.04008   0.0163  0.0455  1.0000  -4.2308   0.0000   0.0000   0.0000   0.2242
   9.000   0.8678   0.05007   0.04458   0.0173  0.0460  1.0000  -4.2585   0.0000   0.0000   0.0000   0.2230
   9.250   0.8763   0.05440   0.04909   0.0181  0.0463  1.0000  -4.2993   0.0000   0.0000   0.0000   0.2222
  13.500   0.7104   0.16405   0.15986  -0.0361  0.0572  1.0000  -1.9401   0.0000   0.0000   0.0000   0.2909
  13.750   0.7109   0.16822   0.16401  -0.0390  0.0550  1.0000  -1.8850   0.0000   0.0000   0.0000   0.2947
  14.000   0.7178   0.17176   0.16756  -0.0400  0.0533  1.0000  -1.9231   0.0000   0.0000   0.0000   0.2954
  14.250   0.7355   0.17535   0.17118  -0.0380  0.0521  1.0000  -2.1031   0.0000   0.0000   0.0000   0.2910
  14.500   0.7293   0.17982   0.17560  -0.0428  0.0515  1.0000  -1.9460   0.0000   0.0000   0.0000   0.2978
  14.750   0.7303   0.18384   0.17960  -0.0462  0.0493  1.0000  -1.8704   0.0000   0.0000   0.0000   0.3021
  15.000   0.7383   0.18717   0.18294  -0.0472  0.0473  1.0000  -1.9185   0.0000   0.0000   0.0000   0.3025
  15.250   0.7539   0.19135   0.18714  -0.0458  0.0462  1.0000  -2.0733   0.0000   0.0000   0.0000   0.2990
  15.500   0.7488   0.19512   0.19087  -0.0514  0.0450  1.0000  -1.8809   0.0000   0.0000   0.0000   0.3068
  15.750   0.7547   0.19886   0.19461  -0.0537  0.0433  1.0000  -1.8635   0.0000   0.0000   0.0000   0.3089
  16.000   0.7626   0.20227   0.19803  -0.0550  0.0420  1.0000  -1.8940   0.0000   0.0000   0.0000   0.3097
  16.250   0.7742   0.20588   0.20166  -0.0548  0.0410  1.0000  -2.0003   0.0000   0.0000   0.0000   0.3080
  16.500   0.7801   0.21004   0.20580  -0.0570  0.0406  1.0000  -1.9744   0.0000   0.0000   0.0000   0.3099
  16.750   0.7823   0.21365   0.20939  -0.0613  0.0395  1.0000  -1.8456   0.0000   0.0000   0.0000   0.3150
  17.000   0.7894   0.21726   0.21300  -0.0635  0.0381  1.0000  -1.8306   0.0000   0.0000   0.0000   0.3167
  17.250   0.7974   0.22066   0.21639  -0.0652  0.0370  1.0000  -1.8480   0.0000   0.0000   0.0000   0.3177
  17.500   0.8067   0.22404   0.21979  -0.0661  0.0361  1.0000  -1.9075   0.0000   0.0000   0.0000   0.3175
  17.750   0.8188   0.22877   0.22454  -0.0658  0.0356  1.0000  -2.0062   0.0000   0.0000   0.0000   0.3156
  18.000   0.8206   0.23162   0.22736  -0.0708  0.0352  1.0000  -1.8430   0.0000   0.0000   0.0000   0.3213
  18.250   0.8275   0.23521   0.23095  -0.0737  0.0340  1.0000  -1.7956   0.0000   0.0000   0.0000   0.3238
  18.500   0.8356   0.23863   0.23437  -0.0758  0.0327  1.0000  -1.8110   0.0000   0.0000   0.0000   0.3251
  18.750   0.8443   0.24182   0.23757  -0.0773  0.0316  1.0000  -1.8654   0.0000   0.0000   0.0000   0.3256


