xflr5 v6.61

 Calculated polar for: NACA 0009

 1 1 Reynolds number fixed          Mach number fixed         

 xtrf =   1.000 (top)        1.000 (bottom)
 Mach =   0.000     Re =     0.900 e 6     Ncrit =   9.000

  alpha     CL        CD       CDp       Cm    Top Xtr Bot Xtr   Cpmin    Chinge    XCp    
 ------- -------- --------- --------- -------- ------- ------- -------- --------- ---------
 -10.000  -1.0544   0.01962   0.01442  -0.0076  1.0000  0.0114  -7.9701   0.0000   0.0000   0.0000   0.2335
  -9.750  -1.0313   0.01902   0.01372  -0.0071  1.0000  0.0118  -7.6414   0.0000   0.0000   0.0000   0.2342
  -9.500  -1.0118   0.01777   0.01234  -0.0061  1.0000  0.0123  -7.3750   0.0000   0.0000   0.0000   0.2354
  -9.250  -0.9902   0.01689   0.01140  -0.0054  1.0000  0.0128  -7.0700   0.0000   0.0000   0.0000   0.2363
  -9.000  -0.9667   0.01628   0.01075  -0.0048  1.0000  0.0133  -6.7490   0.0000   0.0000   0.0000   0.2370
  -8.750  -0.9429   0.01570   0.01010  -0.0043  1.0000  0.0139  -6.4365   0.0000   0.0000   0.0000   0.2377
  -8.500  -0.9188   0.01514   0.00946  -0.0038  1.0000  0.0145  -6.1308   0.0000   0.0000   0.0000   0.2384
  -8.250  -0.8939   0.01469   0.00894  -0.0033  1.0000  0.0150  -5.8224   0.0000   0.0000   0.0000   0.2391
  -8.000  -0.8720   0.01375   0.00794  -0.0025  1.0000  0.0159  -5.5550   0.0000   0.0000   0.0000   0.2402
  -7.750  -0.8473   0.01329   0.00745  -0.0021  1.0000  0.0168  -5.2658   0.0000   0.0000   0.0000   0.2409
  -7.500  -0.8221   0.01290   0.00702  -0.0016  1.0000  0.0178  -4.9991   0.0000   0.0000   0.0000   0.2416
  -7.250  -0.7974   0.01243   0.00650  -0.0011  1.0000  0.0189  -4.7452   0.0000   0.0000   0.0000   0.2424
  -7.000  -0.7729   0.01194   0.00600  -0.0006  1.0000  0.0203  -4.4911   0.0000   0.0000   0.0000   0.2433
  -6.750  -0.7477   0.01160   0.00562  -0.0002  1.0000  0.0217  -4.2380   0.0000   0.0000   0.0000   0.2441
  -6.500  -0.7232   0.01114   0.00513   0.0004  1.0000  0.0234  -3.9991   0.0000   0.0000   0.0000   0.2451
  -6.250  -0.6983   0.01081   0.00480   0.0010  1.0000  0.0254  -3.7541   0.0000   0.0000   0.0000   0.2461
  -6.000  -0.6737   0.01045   0.00442   0.0016  1.0000  0.0280  -3.5191   0.0000   0.0000   0.0000   0.2473
  -5.750  -0.6488   0.01020   0.00415   0.0022  1.0000  0.0308  -3.2836   0.0000   0.0000   0.0000   0.2485
  -5.500  -0.6246   0.00985   0.00382   0.0029  1.0000  0.0348  -3.0685   0.0000   0.0000   0.0000   0.2500
  -5.250  -0.6003   0.00954   0.00354   0.0036  1.0000  0.0397  -2.8708   0.0000   0.0000   0.0000   0.2515
  -4.750  -0.5520   0.00897   0.00304   0.0050  1.0000  0.0559  -2.4860   0.0000   0.0000   0.0000   0.2550
  -4.500  -0.5281   0.00869   0.00283   0.0058  1.0000  0.0690  -2.3002   0.0000   0.0000   0.0000   0.2570
  -4.250  -0.5044   0.00840   0.00263   0.0065  1.0000  0.0875  -2.1190   0.0000   0.0000   0.0000   0.2591
  -4.000  -0.4807   0.00810   0.00245   0.0072  1.0000  0.1128  -1.9548   0.0000   0.0000   0.0000   0.2614
  -3.750  -0.4570   0.00781   0.00229   0.0079  1.0000  0.1440  -1.7993   0.0000   0.0000   0.0000   0.2639
  -3.500  -0.4246   0.00743   0.00212   0.0067  0.9986  0.1890  -1.6227   0.0000   0.0000   0.0000   0.2624
  -3.250  -0.3892   0.00704   0.00195   0.0048  0.9965  0.2416  -1.4472   0.0000   0.0000   0.0000   0.2591
  -2.750  -0.3185   0.00633   0.00168   0.0011  0.9911  0.3534  -1.1387   0.0000   0.0000   0.0000   0.2504
  -2.500  -0.2827   0.00601   0.00156  -0.0008  0.9882  0.4086  -1.0039   0.0000   0.0000   0.0000   0.2442
  -2.250  -0.2480   0.00572   0.00146  -0.0024  0.9840  0.4614  -0.8814   0.0000   0.0000   0.0000   0.2375
  -2.000  -0.2147   0.00546   0.00138  -0.0036  0.9782  0.5122  -0.7727   0.0000   0.0000   0.0000   0.2302
  -1.750  -0.1835   0.00522   0.00130  -0.0043  0.9698  0.5598  -0.6792   0.0000   0.0000   0.0000   0.2237
  -1.500  -0.1545   0.00501   0.00125  -0.0044  0.9586  0.6050  -0.5991   0.0000   0.0000   0.0000   0.2184
  -1.250  -0.1272   0.00483   0.00120  -0.0041  0.9449  0.6478  -0.5303   0.0000   0.0000   0.0000   0.2150
  -1.000  -0.1015   0.00468   0.00115  -0.0034  0.9275  0.6885  -0.4724   0.0000   0.0000   0.0000   0.2140
  -0.750  -0.0762   0.00455   0.00112  -0.0025  0.9075  0.7273  -0.4225   0.0000   0.0000   0.0000   0.2139
  -0.500  -0.0509   0.00446   0.00109  -0.0017  0.8845  0.7636  -0.3797   0.0000   0.0000   0.0000   0.2142
  -0.250  -0.0254   0.00440   0.00108  -0.0008  0.8586  0.7982  -0.3427   0.0000   0.0000   0.0000   0.2142
   0.000  -0.0000   0.00439   0.00107   0.0000  0.8297  0.8297  -0.3106   0.0000   0.0000   0.0000   0.6102
   0.250   0.0254   0.00440   0.00108   0.0008  0.7982  0.8586  -0.3427   0.0000   0.0000   0.0000   0.2142
   0.500   0.0509   0.00446   0.00109   0.0017  0.7636  0.8846  -0.3797   0.0000   0.0000   0.0000   0.2142
   0.750   0.0762   0.00455   0.00112   0.0025  0.7273  0.9075  -0.4225   0.0000   0.0000   0.0000   0.2139
   1.000   0.1015   0.00468   0.00115   0.0034  0.6885  0.9275  -0.4724   0.0000   0.0000   0.0000   0.2140
   1.250   0.1272   0.00483   0.00120   0.0041  0.6478  0.9449  -0.5303   0.0000   0.0000   0.0000   0.2150
   1.500   0.1545   0.00501   0.00125   0.0044  0.6050  0.9586  -0.5991   0.0000   0.0000   0.0000   0.2184
   1.750   0.1835   0.00522   0.00130   0.0043  0.5598  0.9698  -0.6792   0.0000   0.0000   0.0000   0.2237
   2.000   0.2147   0.00546   0.00138   0.0036  0.5123  0.9783  -0.7727   0.0000   0.0000   0.0000   0.2302
   2.250   0.2480   0.00572   0.00146   0.0024  0.4615  0.9840  -0.8814   0.0000   0.0000   0.0000   0.2375
   2.500   0.2827   0.00601   0.00156   0.0008  0.4086  0.9882  -1.0039   0.0000   0.0000   0.0000   0.2442
   2.750   0.3185   0.00633   0.00168  -0.0011  0.3534  0.9912  -1.1387   0.0000   0.0000   0.0000   0.2504
   3.000   0.3538   0.00668   0.00180  -0.0029  0.2974  0.9940  -1.2896   0.0000   0.0000   0.0000   0.2551
   3.250   0.3892   0.00704   0.00195  -0.0048  0.2416  0.9965  -1.4472   0.0000   0.0000   0.0000   0.2591
   3.500   0.4246   0.00743   0.00212  -0.0067  0.1890  0.9986  -1.6227   0.0000   0.0000   0.0000   0.2624
   3.750   0.4569   0.00780   0.00229  -0.0079  0.1441  1.0000  -1.7992   0.0000   0.0000   0.0000   0.2639
   4.000   0.4807   0.00810   0.00245  -0.0072  0.1128  1.0000  -1.9546   0.0000   0.0000   0.0000   0.2614
   4.250   0.5043   0.00840   0.00263  -0.0065  0.0875  1.0000  -2.1188   0.0000   0.0000   0.0000   0.2591
   4.500   0.5281   0.00869   0.00283  -0.0058  0.0690  1.0000  -2.3001   0.0000   0.0000   0.0000   0.2569
   4.750   0.5520   0.00897   0.00304  -0.0050  0.0559  1.0000  -2.4858   0.0000   0.0000   0.0000   0.2549
   5.000   0.5759   0.00927   0.00328  -0.0043  0.0463  1.0000  -2.6757   0.0000   0.0000   0.0000   0.2531
   5.250   0.6002   0.00954   0.00354  -0.0036  0.0397  1.0000  -2.8706   0.0000   0.0000   0.0000   0.2515
   5.500   0.6246   0.00985   0.00382  -0.0029  0.0348  1.0000  -3.0683   0.0000   0.0000   0.0000   0.2499
   5.750   0.6488   0.01020   0.00415  -0.0022  0.0308  1.0000  -3.2835   0.0000   0.0000   0.0000   0.2485
   6.000   0.6737   0.01044   0.00442  -0.0016  0.0280  1.0000  -3.5190   0.0000   0.0000   0.0000   0.2473
   6.250   0.6982   0.01081   0.00479  -0.0010  0.0254  1.0000  -3.7540   0.0000   0.0000   0.0000   0.2461
   6.500   0.7232   0.01113   0.00513  -0.0004  0.0234  1.0000  -3.9990   0.0000   0.0000   0.0000   0.2451
   6.750   0.7477   0.01160   0.00562   0.0002  0.0217  1.0000  -4.2380   0.0000   0.0000   0.0000   0.2441
   7.000   0.7729   0.01194   0.00600   0.0006  0.0203  1.0000  -4.4911   0.0000   0.0000   0.0000   0.2433
   7.250   0.7974   0.01243   0.00650   0.0011  0.0189  1.0000  -4.7452   0.0000   0.0000   0.0000   0.2424
   7.500   0.8221   0.01290   0.00702   0.0016  0.0178  1.0000  -4.9992   0.0000   0.0000   0.0000   0.2416
   7.750   0.8473   0.01329   0.00745   0.0021  0.0168  1.0000  -5.2659   0.0000   0.0000   0.0000   0.2409
   8.000   0.8721   0.01375   0.00794   0.0025  0.0159  1.0000  -5.5552   0.0000   0.0000   0.0000   0.2402
   8.250   0.8940   0.01469   0.00894   0.0033  0.0150  1.0000  -5.8226   0.0000   0.0000   0.0000   0.2391
   8.500   0.9188   0.01514   0.00946   0.0038  0.0145  1.0000  -6.1310   0.0000   0.0000   0.0000   0.2384
   8.750   0.9429   0.01570   0.01010   0.0043  0.0139  1.0000  -6.4368   0.0000   0.0000   0.0000   0.2377
   9.000   0.9667   0.01628   0.01075   0.0048  0.0133  1.0000  -6.7493   0.0000   0.0000   0.0000   0.2370
   9.250   0.9902   0.01689   0.01140   0.0053  0.0128  1.0000  -7.0703   0.0000   0.0000   0.0000   0.2363
   9.500   1.0118   0.01778   0.01234   0.0061  0.0123  1.0000  -7.3753   0.0000   0.0000   0.0000   0.2354
   9.750   1.0314   0.01902   0.01372   0.0071  0.0118  1.0000  -7.6419   0.0000   0.0000   0.0000   0.2342
  10.000   1.0545   0.01962   0.01442   0.0076  0.0114  1.0000  -7.9706   0.0000   0.0000   0.0000   0.2336
  10.250   1.0761   0.02043   0.01534   0.0083  0.0110  1.0000  -8.2824   0.0000   0.0000   0.0000   0.2327
  10.500   1.0970   0.02132   0.01634   0.0091  0.0107  1.0000  -8.5918   0.0000   0.0000   0.0000   0.2318
  10.750   1.1174   0.02221   0.01735   0.0099  0.0103  1.0000  -8.9073   0.0000   0.0000   0.0000   0.2310
  11.000   1.1372   0.02311   0.01834   0.0107  0.0100  1.0000  -9.2297   0.0000   0.0000   0.0000   0.2301
  11.250   1.1559   0.02410   0.01942   0.0116  0.0098  1.0000  -9.5486   0.0000   0.0000   0.0000   0.2291
  11.500   1.1712   0.02547   0.02091   0.0128  0.0095  1.0000  -9.8268   0.0000   0.0000   0.0000   0.2279
  11.750   1.1756   0.02823   0.02393   0.0149  0.0092  1.0000  -9.9403   0.0000   0.0000   0.0000   0.2258
  12.000   1.1817   0.03051   0.02645   0.0167  0.0091  1.0000  -10.0905   0.0000   0.0000   0.0000   0.2240
  12.250   1.1914   0.03206   0.02817   0.0182  0.0090  1.0000  -10.3154   0.0000   0.0000   0.0000   0.2225
  12.500   1.1952   0.03384   0.03013   0.0202  0.0089  1.0000  -10.4870   0.0000   0.0000   0.0000   0.2205
  12.750   1.1923   0.03590   0.03237   0.0227  0.0088  1.0000  -10.6234   0.0000   0.0000   0.0000   0.2180
  13.000   1.1861   0.03851   0.03518   0.0241  0.0088  1.0000  -10.7170   0.0000   0.0000   0.0000   0.2163
  13.250   1.1767   0.04193   0.03879   0.0242  0.0087  1.0000  -10.7616   0.0000   0.0000   0.0000   0.2157
  13.500   1.1642   0.04651   0.04358   0.0222  0.0087  1.0000  -10.7476   0.0000   0.0000   0.0000   0.2166
  13.750   1.1481   0.05275   0.05002   0.0179  0.0086  1.0000  -10.6555   0.0000   0.0000   0.0000   0.2196
  14.000   1.1269   0.06111   0.05860   0.0112  0.0087  1.0000  -10.4545   0.0000   0.0000   0.0000   0.2247
  14.250   1.0983   0.07183   0.06952   0.0030  0.0087  1.0000  -10.1063   0.0000   0.0000   0.0000   0.2314
  14.500   1.0594   0.08494   0.08280  -0.0057  0.0089  1.0000  -9.5667   0.0000   0.0000   0.0000   0.2393
  14.750   1.0023   0.10183   0.09985  -0.0155  0.0090  1.0000  -8.6852   0.0000   0.0000   0.0000   0.2493
  17.250   0.5648   0.17815   0.17651  -0.0306  0.0119  1.0000  -1.8812   0.0000   0.0000   0.0000   0.2937
  17.500   0.5658   0.18158   0.17995  -0.0321  0.0118  1.0000  -1.7861   0.0000   0.0000   0.0000   0.2963
  17.750   0.5627   0.18641   0.18478  -0.0346  0.0110  1.0000  -1.4954   0.0000   0.0000   0.0000   0.3014
  18.000   0.5659   0.18931   0.18768  -0.0359  0.0104  1.0000  -1.4654   0.0000   0.0000   0.0000   0.3031
  18.250   0.5697   0.19194   0.19032  -0.0371  0.0100  1.0000  -1.4631   0.0000   0.0000   0.0000   0.3046
  18.500   0.5739   0.19441   0.19279  -0.0382  0.0097  1.0000  -1.4808   0.0000   0.0000   0.0000   0.3058
  18.750   0.5784   0.19672   0.19511  -0.0393  0.0095  1.0000  -1.5214   0.0000   0.0000   0.0000   0.3068
  19.000   0.5833   0.19891   0.19730  -0.0402  0.0093  1.0000  -1.5970   0.0000   0.0000   0.0000   0.3075


