xflr5 v6.61

 Calculated polar for: NACA 0009

 1 1 Reynolds number fixed          Mach number fixed         

 xtrf =   1.000 (top)        1.000 (bottom)
 Mach =   0.000     Re =     0.960 e 6     Ncrit =   9.000

  alpha     CL        CD       CDp       Cm    Top Xtr Bot Xtr   Cpmin    Chinge    XCp    
 ------- -------- --------- --------- -------- ------- ------- -------- --------- ---------
 -10.000  -1.0587   0.01888   0.01371  -0.0071  1.0000  0.0111  -8.0446   0.0000   0.0000   0.0000   0.2341
  -9.750  -1.0358   0.01823   0.01297  -0.0065  1.0000  0.0115  -7.7163   0.0000   0.0000   0.0000   0.2348
  -9.500  -1.0117   0.01775   0.01240  -0.0060  1.0000  0.0118  -7.3780   0.0000   0.0000   0.0000   0.2354
  -9.250  -0.9924   0.01645   0.01098  -0.0050  1.0000  0.0124  -7.1189   0.0000   0.0000   0.0000   0.2367
  -9.000  -0.9695   0.01574   0.01024  -0.0044  1.0000  0.0129  -6.8031   0.0000   0.0000   0.0000   0.2374
  -8.750  -0.9454   0.01520   0.00965  -0.0039  1.0000  0.0135  -6.4815   0.0000   0.0000   0.0000   0.2381
  -8.500  -0.9211   0.01468   0.00906  -0.0034  1.0000  0.0141  -6.1686   0.0000   0.0000   0.0000   0.2388
  -8.250  -0.8964   0.01421   0.00852  -0.0030  1.0000  0.0147  -5.8599   0.0000   0.0000   0.0000   0.2395
  -8.000  -0.8729   0.01353   0.00778  -0.0023  1.0000  0.0154  -5.5738   0.0000   0.0000   0.0000   0.2404
  -7.750  -0.8488   0.01295   0.00716  -0.0018  1.0000  0.0163  -5.2950   0.0000   0.0000   0.0000   0.2412
  -7.500  -0.8237   0.01256   0.00675  -0.0014  1.0000  0.0173  -5.0240   0.0000   0.0000   0.0000   0.2419
  -7.250  -0.7980   0.01225   0.00640  -0.0010  1.0000  0.0183  -4.7556   0.0000   0.0000   0.0000   0.2426
  -7.000  -0.7740   0.01167   0.00579  -0.0004  1.0000  0.0198  -4.5104   0.0000   0.0000   0.0000   0.2435
  -6.750  -0.7488   0.01134   0.00543   0.0000  1.0000  0.0212  -4.2537   0.0000   0.0000   0.0000   0.2443
  -6.500  -0.7238   0.01098   0.00503   0.0006  1.0000  0.0227  -4.0083   0.0000   0.0000   0.0000   0.2453
  -6.250  -0.6991   0.01059   0.00465   0.0011  1.0000  0.0248  -3.7659   0.0000   0.0000   0.0000   0.2464
  -6.000  -0.6743   0.01028   0.00432   0.0017  1.0000  0.0272  -3.5282   0.0000   0.0000   0.0000   0.2475
  -5.750  -0.6497   0.00999   0.00403   0.0024  1.0000  0.0303  -3.2932   0.0000   0.0000   0.0000   0.2488
  -5.500  -0.6254   0.00967   0.00373   0.0030  1.0000  0.0340  -3.0758   0.0000   0.0000   0.0000   0.2502
  -5.250  -0.6010   0.00938   0.00346   0.0037  1.0000  0.0387  -2.8770   0.0000   0.0000   0.0000   0.2517
  -5.000  -0.5767   0.00911   0.00321   0.0044  1.0000  0.0452  -2.6815   0.0000   0.0000   0.0000   0.2534
  -4.750  -0.5527   0.00884   0.00298   0.0052  1.0000  0.0542  -2.4907   0.0000   0.0000   0.0000   0.2552
  -4.500  -0.5288   0.00857   0.00278   0.0059  1.0000  0.0666  -2.3044   0.0000   0.0000   0.0000   0.2573
  -4.250  -0.5051   0.00829   0.00259   0.0067  1.0000  0.0840  -2.1228   0.0000   0.0000   0.0000   0.2594
  -4.000  -0.4814   0.00801   0.00241   0.0074  1.0000  0.1078  -1.9578   0.0000   0.0000   0.0000   0.2618
  -3.750  -0.4542   0.00769   0.00224   0.0074  0.9995  0.1392  -1.7918   0.0000   0.0000   0.0000   0.2627
  -3.500  -0.4189   0.00732   0.00206   0.0055  0.9977  0.1845  -1.6068   0.0000   0.0000   0.0000   0.2597
  -3.250  -0.3840   0.00694   0.00189   0.0037  0.9953  0.2355  -1.4343   0.0000   0.0000   0.0000   0.2564
  -3.000  -0.3484   0.00657   0.00175   0.0018  0.9931  0.2900  -1.2768   0.0000   0.0000   0.0000   0.2520
  -2.750  -0.3137   0.00623   0.00162   0.0002  0.9899  0.3448  -1.1286   0.0000   0.0000   0.0000   0.2473
  -2.500  -0.2777   0.00592   0.00150  -0.0018  0.9874  0.3993  -0.9936   0.0000   0.0000   0.0000   0.2405
  -2.250  -0.2445   0.00563   0.00141  -0.0030  0.9820  0.4505  -0.8749   0.0000   0.0000   0.0000   0.2345
  -2.000  -0.2125   0.00538   0.00133  -0.0040  0.9750  0.4997  -0.7691   0.0000   0.0000   0.0000   0.2284
  -1.750  -0.1822   0.00515   0.00125  -0.0044  0.9657  0.5465  -0.6772   0.0000   0.0000   0.0000   0.2227
  -1.500  -0.1541   0.00495   0.00119  -0.0043  0.9535  0.5911  -0.5986   0.0000   0.0000   0.0000   0.2189
  -1.250  -0.1279   0.00477   0.00114  -0.0038  0.9379  0.6334  -0.5311   0.0000   0.0000   0.0000   0.2174
  -1.000  -0.1023   0.00463   0.00110  -0.0031  0.9197  0.6742  -0.4731   0.0000   0.0000   0.0000   0.2171
  -0.750  -0.0769   0.00451   0.00106  -0.0023  0.8987  0.7133  -0.4230   0.0000   0.0000   0.0000   0.2176
  -0.500  -0.0513   0.00442   0.00104  -0.0015  0.8747  0.7502  -0.3800   0.0000   0.0000   0.0000   0.2181
  -0.250  -0.0257   0.00437   0.00102  -0.0008  0.8476  0.7854  -0.3428   0.0000   0.0000   0.0000   0.2179
   0.000  -0.0000   0.00435   0.00102   0.0000  0.8177  0.8177  -0.3105   0.0000   0.0000   0.0000   0.5297
   0.250   0.0257   0.00437   0.00102   0.0008  0.7854  0.8476  -0.3428   0.0000   0.0000   0.0000   0.2179
   0.500   0.0513   0.00442   0.00104   0.0015  0.7502  0.8747  -0.3800   0.0000   0.0000   0.0000   0.2181
   0.750   0.0769   0.00451   0.00106   0.0023  0.7133  0.8987  -0.4230   0.0000   0.0000   0.0000   0.2176
   1.000   0.1023   0.00463   0.00110   0.0031  0.6742  0.9197  -0.4731   0.0000   0.0000   0.0000   0.2171
   1.250   0.1279   0.00477   0.00114   0.0038  0.6334  0.9379  -0.5311   0.0000   0.0000   0.0000   0.2174
   1.500   0.1541   0.00495   0.00119   0.0043  0.5911  0.9535  -0.5986   0.0000   0.0000   0.0000   0.2189
   1.750   0.1822   0.00515   0.00125   0.0044  0.5465  0.9657  -0.6772   0.0000   0.0000   0.0000   0.2227
   2.000   0.2125   0.00538   0.00133   0.0040  0.4997  0.9750  -0.7691   0.0000   0.0000   0.0000   0.2284
   2.250   0.2445   0.00563   0.00141   0.0030  0.4505  0.9820  -0.8749   0.0000   0.0000   0.0000   0.2345
   2.500   0.2777   0.00592   0.00150   0.0018  0.3993  0.9874  -0.9936   0.0000   0.0000   0.0000   0.2405
   2.750   0.3137   0.00623   0.00162  -0.0002  0.3448  0.9899  -1.1286   0.0000   0.0000   0.0000   0.2473
   3.000   0.3484   0.00657   0.00175  -0.0018  0.2900  0.9931  -1.2768   0.0000   0.0000   0.0000   0.2520
   3.250   0.3840   0.00693   0.00189  -0.0037  0.2355  0.9953  -1.4343   0.0000   0.0000   0.0000   0.2564
   3.500   0.4189   0.00731   0.00206  -0.0055  0.1845  0.9977  -1.6068   0.0000   0.0000   0.0000   0.2597
   3.750   0.4542   0.00769   0.00224  -0.0074  0.1392  0.9995  -1.7919   0.0000   0.0000   0.0000   0.2627
   4.000   0.4813   0.00801   0.00241  -0.0074  0.1079  1.0000  -1.9576   0.0000   0.0000   0.0000   0.2618
   4.250   0.5050   0.00829   0.00259  -0.0067  0.0840  1.0000  -2.1226   0.0000   0.0000   0.0000   0.2594
   4.500   0.5288   0.00857   0.00278  -0.0059  0.0666  1.0000  -2.3043   0.0000   0.0000   0.0000   0.2572
   4.750   0.5527   0.00884   0.00298  -0.0052  0.0542  1.0000  -2.4905   0.0000   0.0000   0.0000   0.2552
   5.000   0.5767   0.00911   0.00321  -0.0044  0.0452  1.0000  -2.6813   0.0000   0.0000   0.0000   0.2534
   5.250   0.6009   0.00938   0.00346  -0.0037  0.0388  1.0000  -2.8768   0.0000   0.0000   0.0000   0.2517
   5.500   0.6253   0.00967   0.00373  -0.0030  0.0340  1.0000  -3.0756   0.0000   0.0000   0.0000   0.2502
   5.750   0.6497   0.00999   0.00403  -0.0024  0.0303  1.0000  -3.2931   0.0000   0.0000   0.0000   0.2488
   6.000   0.6743   0.01028   0.00432  -0.0017  0.0272  1.0000  -3.5281   0.0000   0.0000   0.0000   0.2475
   6.250   0.6991   0.01059   0.00465  -0.0011  0.0248  1.0000  -3.7657   0.0000   0.0000   0.0000   0.2464
   6.500   0.7237   0.01098   0.00503  -0.0006  0.0227  1.0000  -4.0083   0.0000   0.0000   0.0000   0.2453
   6.750   0.7488   0.01134   0.00543  -0.0000  0.0212  1.0000  -4.2536   0.0000   0.0000   0.0000   0.2443
   7.000   0.7740   0.01167   0.00579   0.0004  0.0198  1.0000  -4.5104   0.0000   0.0000   0.0000   0.2435
   7.250   0.7980   0.01225   0.00640   0.0010  0.0183  1.0000  -4.7557   0.0000   0.0000   0.0000   0.2426
   7.500   0.8237   0.01256   0.00675   0.0014  0.0173  1.0000  -5.0240   0.0000   0.0000   0.0000   0.2419
   7.750   0.8489   0.01295   0.00716   0.0018  0.0163  1.0000  -5.2950   0.0000   0.0000   0.0000   0.2412
   8.000   0.8729   0.01353   0.00778   0.0023  0.0154  1.0000  -5.5739   0.0000   0.0000   0.0000   0.2404
   8.250   0.8964   0.01421   0.00852   0.0030  0.0147  1.0000  -5.8601   0.0000   0.0000   0.0000   0.2395
   8.500   0.9212   0.01468   0.00906   0.0034  0.0141  1.0000  -6.1688   0.0000   0.0000   0.0000   0.2388
   8.750   0.9455   0.01520   0.00965   0.0039  0.0135  1.0000  -6.4817   0.0000   0.0000   0.0000   0.2381
   9.000   0.9695   0.01574   0.01024   0.0044  0.0129  1.0000  -6.8033   0.0000   0.0000   0.0000   0.2374
   9.250   0.9925   0.01645   0.01098   0.0050  0.0124  1.0000  -7.1192   0.0000   0.0000   0.0000   0.2367
   9.500   1.0118   0.01775   0.01240   0.0060  0.0118  1.0000  -7.3784   0.0000   0.0000   0.0000   0.2354
   9.750   1.0358   0.01823   0.01297   0.0065  0.0115  1.0000  -7.7167   0.0000   0.0000   0.0000   0.2348
  10.000   1.0587   0.01888   0.01371   0.0071  0.0111  1.0000  -8.0451   0.0000   0.0000   0.0000   0.2341
  10.250   1.0807   0.01964   0.01457   0.0077  0.0107  1.0000  -8.3664   0.0000   0.0000   0.0000   0.2333
  10.500   1.1023   0.02041   0.01543   0.0084  0.0104  1.0000  -8.6945   0.0000   0.0000   0.0000   0.2325
  10.750   1.1235   0.02119   0.01629   0.0091  0.0100  1.0000  -9.0295   0.0000   0.0000   0.0000   0.2317
  11.000   1.1435   0.02208   0.01726   0.0099  0.0098  1.0000  -9.3599   0.0000   0.0000   0.0000   0.2308
  11.250   1.1596   0.02348   0.01878   0.0111  0.0094  1.0000  -9.6352   0.0000   0.0000   0.0000   0.2296
  11.500   1.1657   0.02622   0.02180   0.0132  0.0091  1.0000  -9.7507   0.0000   0.0000   0.0000   0.2275
  11.750   1.1823   0.02732   0.02305   0.0142  0.0090  1.0000  -10.0435   0.0000   0.0000   0.0000   0.2264
  12.000   1.1962   0.02866   0.02454   0.0155  0.0089  1.0000  -10.3084   0.0000   0.0000   0.0000   0.2252
  12.250   1.2070   0.03021   0.02627   0.0169  0.0088  1.0000  -10.5430   0.0000   0.0000   0.0000   0.2237
  12.500   1.2142   0.03197   0.02821   0.0186  0.0086  1.0000  -10.7435   0.0000   0.0000   0.0000   0.2220
  12.750   1.2144   0.03385   0.03026   0.0211  0.0085  1.0000  -10.9142   0.0000   0.0000   0.0000   0.2196
  13.000   1.2103   0.03607   0.03265   0.0233  0.0084  1.0000  -11.0415   0.0000   0.0000   0.0000   0.2174
  13.250   1.2035   0.03886   0.03564   0.0243  0.0083  1.0000  -11.1302   0.0000   0.0000   0.0000   0.2160
  13.500   1.1940   0.04251   0.03947   0.0238  0.0083  1.0000  -11.1723   0.0000   0.0000   0.0000   0.2158
  13.750   1.1813   0.04741   0.04457   0.0213  0.0082  1.0000  -11.1521   0.0000   0.0000   0.0000   0.2172
  14.000   1.1644   0.05412   0.05149   0.0164  0.0082  1.0000  -11.0410   0.0000   0.0000   0.0000   0.2206
  14.250   1.1407   0.06324   0.06082   0.0092  0.0083  1.0000  -10.7927   0.0000   0.0000   0.0000   0.2261
  14.500   1.1070   0.07509   0.07287   0.0005  0.0084  1.0000  -10.3549   0.0000   0.0000   0.0000   0.2333
  14.750   1.0609   0.08962   0.08759  -0.0087  0.0085  1.0000  -9.6860   0.0000   0.0000   0.0000   0.2417
  15.000   0.9934   0.10884   0.10698  -0.0193  0.0088  1.0000  -8.5942   0.0000   0.0000   0.0000   0.2530
  18.000   0.8302   0.22570   0.22396  -0.0719  0.0091  1.0000  -2.4262   0.0000   0.0000   0.0000   0.3210
  18.250   0.8363   0.23075   0.22901  -0.0750  0.0090  1.0000  -2.2934   0.0000   0.0000   0.0000   0.3238
  18.500   0.8435   0.23650   0.23475  -0.0784  0.0083  1.0000  -2.0940   0.0000   0.0000   0.0000   0.3270
  18.750   0.8513   0.24021   0.23846  -0.0806  0.0079  1.0000  -2.0979   0.0000   0.0000   0.0000   0.3283
  19.000   0.8594   0.24367   0.24192  -0.0827  0.0076  1.0000  -2.1249   0.0000   0.0000   0.0000   0.3295
  19.250   0.8675   0.24692   0.24518  -0.0847  0.0074  1.0000  -2.1700   0.0000   0.0000   0.0000   0.3306
  19.500   0.8756   0.25001   0.24827  -0.0868  0.0072  1.0000  -2.2295   0.0000   0.0000   0.0000   0.3316
  19.750   0.8838   0.25302   0.25128  -0.0887  0.0070  1.0000  -2.2964   0.0000   0.0000   0.0000   0.3325
  20.000   0.8919   0.25589   0.25415  -0.0906  0.0069  1.0000  -2.3765   0.0000   0.0000   0.0000   0.3332


