xflr5 v6.61

 Calculated polar for: NACA 0009

 1 1 Reynolds number fixed          Mach number fixed         

 xtrf =   1.000 (top)        1.000 (bottom)
 Mach =   0.000     Re =     0.420 e 6     Ncrit =   9.000

  alpha     CL        CD       CDp       Cm    Top Xtr Bot Xtr   Cpmin    Chinge    XCp    
 ------- -------- --------- --------- -------- ------- ------- -------- --------- ---------
 -10.000  -0.9969   0.03323   0.02836  -0.0147  1.0000  0.0175  -6.6489   0.0000   0.0000   0.0000   0.2264
  -9.750  -0.9871   0.03029   0.02497  -0.0130  1.0000  0.0179  -6.5870   0.0000   0.0000   0.0000   0.2282
  -9.500  -0.9728   0.02799   0.02225  -0.0115  1.0000  0.0183  -6.4695   0.0000   0.0000   0.0000   0.2298
  -9.250  -0.9570   0.02549   0.01942  -0.0102  1.0000  0.0187  -6.3293   0.0000   0.0000   0.0000   0.2312
  -9.000  -0.9373   0.02385   0.01771  -0.0094  1.0000  0.0193  -6.0921   0.0000   0.0000   0.0000   0.2321
  -8.750  -0.9159   0.02270   0.01644  -0.0087  1.0000  0.0200  -5.8400   0.0000   0.0000   0.0000   0.2329
  -8.500  -0.8941   0.02154   0.01514  -0.0079  1.0000  0.0209  -5.6003   0.0000   0.0000   0.0000   0.2338
  -8.250  -0.8714   0.02053   0.01393  -0.0071  1.0000  0.0219  -5.3643   0.0000   0.0000   0.0000   0.2348
  -8.000  -0.8499   0.01922   0.01253  -0.0063  1.0000  0.0230  -5.1296   0.0000   0.0000   0.0000   0.2358
  -7.750  -0.8267   0.01844   0.01172  -0.0057  1.0000  0.0243  -4.8620   0.0000   0.0000   0.0000   0.2365
  -7.500  -0.8033   0.01761   0.01078  -0.0050  1.0000  0.0256  -4.6501   0.0000   0.0000   0.0000   0.2375
  -7.250  -0.7807   0.01662   0.00969  -0.0041  1.0000  0.0269  -4.4550   0.0000   0.0000   0.0000   0.2386
  -7.000  -0.7577   0.01584   0.00892  -0.0034  1.0000  0.0285  -4.2322   0.0000   0.0000   0.0000   0.2396
  -6.750  -0.7333   0.01531   0.00831  -0.0028  1.0000  0.0307  -4.0108   0.0000   0.0000   0.0000   0.2405
  -6.500  -0.7107   0.01452   0.00754  -0.0020  1.0000  0.0331  -3.7959   0.0000   0.0000   0.0000   0.2417
  -6.250  -0.6864   0.01400   0.00695  -0.0013  1.0000  0.0358  -3.5822   0.0000   0.0000   0.0000   0.2428
  -6.000  -0.6634   0.01332   0.00629  -0.0006  1.0000  0.0391  -3.3718   0.0000   0.0000   0.0000   0.2441
  -5.750  -0.6397   0.01277   0.00573   0.0002  1.0000  0.0433  -3.1611   0.0000   0.0000   0.0000   0.2454
  -5.500  -0.6159   0.01227   0.00524   0.0009  1.0000  0.0488  -2.9662   0.0000   0.0000   0.0000   0.2468
  -5.250  -0.5921   0.01179   0.00478   0.0016  1.0000  0.0559  -2.7848   0.0000   0.0000   0.0000   0.2483
  -5.000  -0.5685   0.01131   0.00434   0.0024  1.0000  0.0662  -2.6049   0.0000   0.0000   0.0000   0.2499
  -4.750  -0.5450   0.01084   0.00395   0.0032  1.0000  0.0822  -2.4266   0.0000   0.0000   0.0000   0.2517
  -4.500  -0.5215   0.01035   0.00361   0.0039  1.0000  0.1085  -2.2504   0.0000   0.0000   0.0000   0.2535
  -4.250  -0.4984   0.00984   0.00330   0.0046  1.0000  0.1487  -2.0766   0.0000   0.0000   0.0000   0.2555
  -4.000  -0.4751   0.00935   0.00304   0.0053  1.0000  0.1998  -1.9226   0.0000   0.0000   0.0000   0.2575
  -3.750  -0.4518   0.00890   0.00283   0.0060  1.0000  0.2564  -1.7708   0.0000   0.0000   0.0000   0.2597
  -3.500  -0.4282   0.00849   0.00267   0.0066  1.0000  0.3151  -1.6215   0.0000   0.0000   0.0000   0.2621
  -3.250  -0.4045   0.00813   0.00252   0.0072  1.0000  0.3740  -1.4775   0.0000   0.0000   0.0000   0.2647
  -3.000  -0.3805   0.00780   0.00242   0.0078  1.0000  0.4311  -1.3480   0.0000   0.0000   0.0000   0.2675
  -2.750  -0.3563   0.00751   0.00235   0.0084  1.0000  0.4870  -1.2209   0.0000   0.0000   0.0000   0.2707
  -2.500  -0.3318   0.00726   0.00230   0.0090  1.0000  0.5417  -1.1031   0.0000   0.0000   0.0000   0.2743
  -2.250  -0.3073   0.00703   0.00228   0.0096  1.0000  0.5948  -0.9929   0.0000   0.0000   0.0000   0.2784
  -2.000  -0.2822   0.00684   0.00229   0.0101  1.0000  0.6470  -0.8907   0.0000   0.0000   0.0000   0.2831
  -1.500  -0.2113   0.00642   0.00229   0.0069  0.9932  0.7541  -0.6787   0.0000   0.0000   0.0000   0.2801
  -1.000  -0.1354   0.00612   0.00229   0.0031  0.9817  0.8400  -0.5088   0.0000   0.0000   0.0000   0.2702
  -0.750  -0.0984   0.00602   0.00229   0.0015  0.9748  0.8722  -0.4431   0.0000   0.0000   0.0000   0.2629
  -0.500  -0.0636   0.00596   0.00229   0.0005  0.9658  0.8989  -0.3900   0.0000   0.0000   0.0000   0.2557
  -0.250  -0.0307   0.00593   0.00229   0.0000  0.9544  0.9206  -0.3465   0.0000   0.0000   0.0000   0.2478
   0.000  -0.0000   0.00592   0.00230   0.0000  0.9387  0.9387  -0.3106   0.0000   0.0000   0.0000   0.5652
   0.250   0.0307   0.00593   0.00229  -0.0000  0.9206  0.9543  -0.3465   0.0000   0.0000   0.0000   0.2478
   0.500   0.0636   0.00596   0.00229  -0.0005  0.8989  0.9658  -0.3900   0.0000   0.0000   0.0000   0.2557
   0.750   0.0984   0.00602   0.00229  -0.0015  0.8722  0.9748  -0.4431   0.0000   0.0000   0.0000   0.2629
   1.000   0.1354   0.00612   0.00229  -0.0031  0.8400  0.9817  -0.5088   0.0000   0.0000   0.0000   0.2702
   1.250   0.1730   0.00625   0.00229  -0.0049  0.8006  0.9877  -0.5869   0.0000   0.0000   0.0000   0.2756
   1.500   0.2113   0.00642   0.00229  -0.0069  0.7541  0.9932  -0.6787   0.0000   0.0000   0.0000   0.2801
   1.750   0.2501   0.00664   0.00230  -0.0091  0.7015  0.9979  -0.7840   0.0000   0.0000   0.0000   0.2840
   2.000   0.2822   0.00684   0.00229  -0.0101  0.6471  1.0000  -0.8906   0.0000   0.0000   0.0000   0.2831
   2.250   0.3072   0.00703   0.00228  -0.0096  0.5949  1.0000  -0.9928   0.0000   0.0000   0.0000   0.2784
   2.500   0.3318   0.00726   0.00230  -0.0090  0.5417  1.0000  -1.1030   0.0000   0.0000   0.0000   0.2743
   2.750   0.3562   0.00751   0.00235  -0.0084  0.4870  1.0000  -1.2208   0.0000   0.0000   0.0000   0.2707
   3.000   0.3804   0.00780   0.00242  -0.0078  0.4312  1.0000  -1.3479   0.0000   0.0000   0.0000   0.2675
   3.250   0.4044   0.00813   0.00252  -0.0072  0.3740  1.0000  -1.4774   0.0000   0.0000   0.0000   0.2646
   3.500   0.4282   0.00849   0.00267  -0.0066  0.3151  1.0000  -1.6213   0.0000   0.0000   0.0000   0.2621
   3.750   0.4518   0.00890   0.00283  -0.0060  0.2565  1.0000  -1.7706   0.0000   0.0000   0.0000   0.2597
   4.000   0.4751   0.00935   0.00304  -0.0053  0.1998  1.0000  -1.9225   0.0000   0.0000   0.0000   0.2575
   4.250   0.4983   0.00984   0.00330  -0.0046  0.1488  1.0000  -2.0765   0.0000   0.0000   0.0000   0.2555
   4.500   0.5215   0.01035   0.00361  -0.0039  0.1085  1.0000  -2.2503   0.0000   0.0000   0.0000   0.2535
   4.750   0.5449   0.01084   0.00395  -0.0032  0.0822  1.0000  -2.4265   0.0000   0.0000   0.0000   0.2517
   5.000   0.5684   0.01131   0.00434  -0.0024  0.0662  1.0000  -2.6048   0.0000   0.0000   0.0000   0.2499
   5.250   0.5921   0.01179   0.00477  -0.0016  0.0559  1.0000  -2.7847   0.0000   0.0000   0.0000   0.2483
   5.500   0.6159   0.01227   0.00524  -0.0009  0.0488  1.0000  -2.9661   0.0000   0.0000   0.0000   0.2468
   5.750   0.6397   0.01277   0.00573  -0.0002  0.0433  1.0000  -3.1610   0.0000   0.0000   0.0000   0.2454
   6.000   0.6633   0.01332   0.00629   0.0006  0.0391  1.0000  -3.3718   0.0000   0.0000   0.0000   0.2441
   6.250   0.6864   0.01400   0.00695   0.0013  0.0358  1.0000  -3.5822   0.0000   0.0000   0.0000   0.2428
   6.500   0.7107   0.01452   0.00754   0.0020  0.0331  1.0000  -3.7959   0.0000   0.0000   0.0000   0.2417
   6.750   0.7333   0.01531   0.00831   0.0028  0.0307  1.0000  -4.0108   0.0000   0.0000   0.0000   0.2405
   7.000   0.7577   0.01584   0.00892   0.0034  0.0285  1.0000  -4.2323   0.0000   0.0000   0.0000   0.2396
   7.250   0.7807   0.01662   0.00969   0.0041  0.0269  1.0000  -4.4551   0.0000   0.0000   0.0000   0.2386
   7.500   0.8033   0.01761   0.01078   0.0050  0.0256  1.0000  -4.6502   0.0000   0.0000   0.0000   0.2375
   7.750   0.8268   0.01844   0.01172   0.0057  0.0243  1.0000  -4.8622   0.0000   0.0000   0.0000   0.2365
   8.000   0.8499   0.01922   0.01253   0.0063  0.0230  1.0000  -5.1297   0.0000   0.0000   0.0000   0.2358
   8.250   0.8715   0.02053   0.01393   0.0071  0.0219  1.0000  -5.3645   0.0000   0.0000   0.0000   0.2348
   8.500   0.8941   0.02154   0.01514   0.0079  0.0209  1.0000  -5.6005   0.0000   0.0000   0.0000   0.2338
   8.750   0.9160   0.02270   0.01644   0.0087  0.0200  1.0000  -5.8403   0.0000   0.0000   0.0000   0.2329
   9.000   0.9373   0.02385   0.01771   0.0094  0.0193  1.0000  -6.0924   0.0000   0.0000   0.0000   0.2321
   9.250   0.9570   0.02549   0.01942   0.0102  0.0187  1.0000  -6.3296   0.0000   0.0000   0.0000   0.2312
   9.500   0.9728   0.02799   0.02225   0.0115  0.0183  1.0000  -6.4698   0.0000   0.0000   0.0000   0.2298
   9.750   0.9871   0.03029   0.02497   0.0130  0.0179  1.0000  -6.5872   0.0000   0.0000   0.0000   0.2282
  10.000   0.9969   0.03324   0.02836   0.0147  0.0175  1.0000  -6.6491   0.0000   0.0000   0.0000   0.2264
  10.250   1.0022   0.03652   0.03208   0.0166  0.0170  1.0000  -6.6813   0.0000   0.0000   0.0000   0.2244
  10.500   1.0041   0.03979   0.03572   0.0183  0.0166  1.0000  -6.7143   0.0000   0.0000   0.0000   0.2225
  10.750   0.9996   0.04348   0.03975   0.0201  0.0164  1.0000  -6.6984   0.0000   0.0000   0.0000   0.2203
  11.000   0.9710   0.04911   0.04581   0.0228  0.0166  1.0000  -6.4382   0.0000   0.0000   0.0000   0.2167
  11.250   0.9370   0.05525   0.05226   0.0224  0.0168  1.0000  -6.1725   0.0000   0.0000   0.0000   0.2159
  11.500   0.9062   0.06323   0.06048   0.0165  0.0171  1.0000  -5.9148   0.0000   0.0000   0.0000   0.2212
  11.750   0.8763   0.07449   0.07192   0.0059  0.0175  1.0000  -5.5982   0.0000   0.0000   0.0000   0.2323
  12.000   0.8501   0.08666   0.08418  -0.0037  0.0181  1.0000  -5.2680   0.0000   0.0000   0.0000   0.2433
  12.250   0.8320   0.09573   0.09325  -0.0090  0.0184  1.0000  -5.0438   0.0000   0.0000   0.0000   0.2495


