xflr5 v6.61

 Calculated polar for: NACA 0012

 1 1 Reynolds number fixed          Mach number fixed         

 xtrf =   1.000 (top)        1.000 (bottom)
 Mach =   0.000     Re =     0.680 e 6     Ncrit =   9.000

  alpha     CL        CD       CDp       Cm    Top Xtr Bot Xtr   Cpmin    Chinge    XCp    
 ------- -------- --------- --------- -------- ------- ------- -------- --------- ---------
 -10.000  -1.0627   0.01722   0.01100  -0.0080  1.0000  0.0293  -5.3591   0.0000   0.0000   0.0000   0.2314
  -9.750  -1.0409   0.01677   0.01048  -0.0070  1.0000  0.0305  -5.1617   0.0000   0.0000   0.0000   0.2325
  -9.500  -1.0215   0.01610   0.00978  -0.0057  1.0000  0.0318  -4.9806   0.0000   0.0000   0.0000   0.2339
  -9.250  -1.0006   0.01560   0.00928  -0.0046  1.0000  0.0333  -4.7890   0.0000   0.0000   0.0000   0.2352
  -9.000  -0.9788   0.01521   0.00884  -0.0036  1.0000  0.0349  -4.5974   0.0000   0.0000   0.0000   0.2364
  -8.750  -0.9586   0.01470   0.00830  -0.0023  1.0000  0.0368  -4.4167   0.0000   0.0000   0.0000   0.2380
  -8.500  -0.9376   0.01429   0.00790  -0.0011  1.0000  0.0390  -4.2310   0.0000   0.0000   0.0000   0.2395
  -8.250  -0.9161   0.01394   0.00751   0.0000  1.0000  0.0412  -4.0488   0.0000   0.0000   0.0000   0.2410
  -8.000  -0.8959   0.01349   0.00708   0.0014  1.0000  0.0439  -3.8737   0.0000   0.0000   0.0000   0.2428
  -7.750  -0.8745   0.01316   0.00672   0.0026  1.0000  0.0467  -3.7085   0.0000   0.0000   0.0000   0.2445
  -7.500  -0.8541   0.01276   0.00635   0.0039  1.0000  0.0502  -3.5506   0.0000   0.0000   0.0000   0.2464
  -7.250  -0.8334   0.01242   0.00601   0.0053  1.0000  0.0542  -3.3941   0.0000   0.0000   0.0000   0.2483
  -7.000  -0.8123   0.01212   0.00571   0.0065  1.0000  0.0588  -3.2385   0.0000   0.0000   0.0000   0.2503
  -6.750  -0.7914   0.01181   0.00541   0.0078  1.0000  0.0642  -3.0856   0.0000   0.0000   0.0000   0.2524
  -6.500  -0.7706   0.01149   0.00513   0.0091  1.0000  0.0707  -2.9355   0.0000   0.0000   0.0000   0.2546
  -6.250  -0.7496   0.01119   0.00487   0.0104  1.0000  0.0785  -2.7870   0.0000   0.0000   0.0000   0.2568
  -6.000  -0.7285   0.01089   0.00463   0.0116  1.0000  0.0882  -2.6489   0.0000   0.0000   0.0000   0.2591
  -5.750  -0.6992   0.01058   0.00437   0.0110  0.9990  0.1013  -2.4938   0.0000   0.0000   0.0000   0.2592
  -5.500  -0.6634   0.01022   0.00412   0.0091  0.9971  0.1194  -2.3245   0.0000   0.0000   0.0000   0.2573
  -5.250  -0.6278   0.00986   0.00387   0.0073  0.9947  0.1412  -2.1594   0.0000   0.0000   0.0000   0.2553
  -5.000  -0.5916   0.00951   0.00364   0.0053  0.9927  0.1663  -2.0031   0.0000   0.0000   0.0000   0.2528
  -4.750  -0.5566   0.00916   0.00343   0.0035  0.9896  0.1943  -1.8585   0.0000   0.0000   0.0000   0.2504
  -4.500  -0.5200   0.00881   0.00323   0.0015  0.9874  0.2255  -1.7138   0.0000   0.0000   0.0000   0.2470
  -4.250  -0.4853   0.00848   0.00303  -0.0001  0.9838  0.2574  -1.5828   0.0000   0.0000   0.0000   0.2440
  -4.000  -0.4485   0.00815   0.00285  -0.0022  0.9813  0.2909  -1.4546   0.0000   0.0000   0.0000   0.2394
  -3.750  -0.4136   0.00786   0.00269  -0.0038  0.9774  0.3239  -1.3364   0.0000   0.0000   0.0000   0.2353
  -3.500  -0.3792   0.00757   0.00253  -0.0052  0.9732  0.3570  -1.2270   0.0000   0.0000   0.0000   0.2307
  -3.250  -0.3481   0.00732   0.00240  -0.0059  0.9663  0.3882  -1.1297   0.0000   0.0000   0.0000   0.2277
  -3.000  -0.3184   0.00707   0.00227  -0.0061  0.9582  0.4186  -1.0397   0.0000   0.0000   0.0000   0.2253
  -2.750  -0.2902   0.00686   0.00215  -0.0061  0.9487  0.4484  -0.9595   0.0000   0.0000   0.0000   0.2238
  -2.500  -0.2630   0.00666   0.00204  -0.0057  0.9377  0.4775  -0.8856   0.0000   0.0000   0.0000   0.2231
  -2.250  -0.2365   0.00648   0.00195  -0.0052  0.9254  0.5061  -0.8177   0.0000   0.0000   0.0000   0.2228
  -2.000  -0.2104   0.00632   0.00186  -0.0046  0.9113  0.5344  -0.7554   0.0000   0.0000   0.0000   0.2230
  -1.750  -0.1843   0.00618   0.00178  -0.0040  0.8955  0.5623  -0.6982   0.0000   0.0000   0.0000   0.2233
  -1.500  -0.1581   0.00606   0.00171  -0.0034  0.8789  0.5900  -0.6456   0.0000   0.0000   0.0000   0.2237
  -1.250  -0.1318   0.00596   0.00165  -0.0028  0.8602  0.6176  -0.5978   0.0000   0.0000   0.0000   0.2238
  -0.750  -0.0792   0.00582   0.00156  -0.0017  0.8192  0.6718  -0.5143   0.0000   0.0000   0.0000   0.2241
  -0.500  -0.0528   0.00577   0.00153  -0.0011  0.7969  0.6980  -0.4779   0.0000   0.0000   0.0000   0.2244
  -0.250  -0.0265   0.00575   0.00152  -0.0005  0.7735  0.7237  -0.4445   0.0000   0.0000   0.0000   0.2252
   0.000  -0.0000   0.00573   0.00151   0.0000  0.7489  0.7489  -0.4137   0.0000   0.0000   0.0000   0.5147
   0.250   0.0265   0.00575   0.00152   0.0005  0.7237  0.7735  -0.4445   0.0000   0.0000   0.0000   0.2252
   0.500   0.0528   0.00577   0.00153   0.0011  0.6980  0.7969  -0.4779   0.0000   0.0000   0.0000   0.2244
   0.750   0.0792   0.00582   0.00156   0.0017  0.6717  0.8192  -0.5143   0.0000   0.0000   0.0000   0.2241
   1.250   0.1318   0.00596   0.00165   0.0028  0.6175  0.8602  -0.5978   0.0000   0.0000   0.0000   0.2238
   1.500   0.1581   0.00606   0.00171   0.0034  0.5900  0.8789  -0.6456   0.0000   0.0000   0.0000   0.2237
   1.750   0.1843   0.00618   0.00178   0.0040  0.5623  0.8955  -0.6982   0.0000   0.0000   0.0000   0.2233
   2.000   0.2104   0.00632   0.00186   0.0046  0.5344  0.9113  -0.7554   0.0000   0.0000   0.0000   0.2230
   2.250   0.2365   0.00648   0.00195   0.0052  0.5061  0.9254  -0.8177   0.0000   0.0000   0.0000   0.2228
   2.500   0.2630   0.00666   0.00204   0.0057  0.4774  0.9377  -0.8856   0.0000   0.0000   0.0000   0.2231
   2.750   0.2902   0.00686   0.00215   0.0061  0.4484  0.9486  -0.9595   0.0000   0.0000   0.0000   0.2238
   3.000   0.3184   0.00707   0.00227   0.0061  0.4186  0.9582  -1.0397   0.0000   0.0000   0.0000   0.2253
   3.250   0.3481   0.00732   0.00240   0.0059  0.3882  0.9663  -1.1297   0.0000   0.0000   0.0000   0.2277
   3.500   0.3792   0.00757   0.00253   0.0052  0.3570  0.9732  -1.2270   0.0000   0.0000   0.0000   0.2307
   3.750   0.4136   0.00786   0.00269   0.0038  0.3239  0.9774  -1.3364   0.0000   0.0000   0.0000   0.2353
   4.000   0.4485   0.00815   0.00285   0.0022  0.2909  0.9813  -1.4546   0.0000   0.0000   0.0000   0.2394
   4.250   0.4853   0.00848   0.00303   0.0001  0.2574  0.9838  -1.5828   0.0000   0.0000   0.0000   0.2440
   4.500   0.5200   0.00881   0.00322  -0.0015  0.2255  0.9874  -1.7138   0.0000   0.0000   0.0000   0.2470
   4.750   0.5566   0.00916   0.00342  -0.0035  0.1943  0.9896  -1.8585   0.0000   0.0000   0.0000   0.2504
   5.000   0.5916   0.00951   0.00364  -0.0053  0.1663  0.9927  -2.0031   0.0000   0.0000   0.0000   0.2528
   5.250   0.6279   0.00986   0.00387  -0.0073  0.1412  0.9947  -2.1595   0.0000   0.0000   0.0000   0.2553
   5.500   0.6634   0.01022   0.00412  -0.0091  0.1194  0.9971  -2.3246   0.0000   0.0000   0.0000   0.2573
   5.750   0.6992   0.01058   0.00437  -0.0110  0.1013  0.9990  -2.4939   0.0000   0.0000   0.0000   0.2592
   6.000   0.7285   0.01089   0.00462  -0.0116  0.0882  1.0000  -2.6487   0.0000   0.0000   0.0000   0.2591
   6.250   0.7495   0.01119   0.00487  -0.0104  0.0785  1.0000  -2.7867   0.0000   0.0000   0.0000   0.2568
   6.500   0.7705   0.01149   0.00513  -0.0091  0.0707  1.0000  -2.9352   0.0000   0.0000   0.0000   0.2546
   6.750   0.7913   0.01181   0.00541  -0.0078  0.0643  1.0000  -3.0853   0.0000   0.0000   0.0000   0.2524
   7.000   0.8122   0.01211   0.00571  -0.0065  0.0588  1.0000  -3.2383   0.0000   0.0000   0.0000   0.2503
   7.250   0.8333   0.01242   0.00600  -0.0053  0.0542  1.0000  -3.3939   0.0000   0.0000   0.0000   0.2483
   7.500   0.8541   0.01276   0.00635  -0.0039  0.0502  1.0000  -3.5504   0.0000   0.0000   0.0000   0.2464
   7.750   0.8745   0.01316   0.00672  -0.0026  0.0467  1.0000  -3.7083   0.0000   0.0000   0.0000   0.2445
   8.000   0.8958   0.01349   0.00708  -0.0014  0.0439  1.0000  -3.8735   0.0000   0.0000   0.0000   0.2428
   8.250   0.9161   0.01394   0.00751  -0.0000  0.0412  1.0000  -4.0487   0.0000   0.0000   0.0000   0.2410
   8.500   0.9375   0.01429   0.00790   0.0011  0.0390  1.0000  -4.2309   0.0000   0.0000   0.0000   0.2395
   8.750   0.9586   0.01470   0.00830   0.0023  0.0368  1.0000  -4.4166   0.0000   0.0000   0.0000   0.2380
   9.000   0.9788   0.01521   0.00884   0.0036  0.0349  1.0000  -4.5974   0.0000   0.0000   0.0000   0.2364
   9.250   1.0006   0.01560   0.00927   0.0046  0.0333  1.0000  -4.7890   0.0000   0.0000   0.0000   0.2352
   9.500   1.0216   0.01610   0.00978   0.0057  0.0318  1.0000  -4.9808   0.0000   0.0000   0.0000   0.2339
   9.750   1.0410   0.01676   0.01048   0.0070  0.0305  1.0000  -5.1619   0.0000   0.0000   0.0000   0.2325
  10.000   1.0628   0.01722   0.01099   0.0079  0.0293  1.0000  -5.3594   0.0000   0.0000   0.0000   0.2314
  10.250   1.0842   0.01770   0.01151   0.0089  0.0281  1.0000  -5.5607   0.0000   0.0000   0.0000   0.2304
  10.500   1.1035   0.01837   0.01219   0.0100  0.0270  1.0000  -5.7547   0.0000   0.0000   0.0000   0.2292
  10.750   1.1219   0.01912   0.01300   0.0113  0.0260  1.0000  -5.9527   0.0000   0.0000   0.0000   0.2278
  11.000   1.1424   0.01966   0.01361   0.0123  0.0251  1.0000  -6.1722   0.0000   0.0000   0.0000   0.2268
  11.250   1.1619   0.02027   0.01428   0.0134  0.0243  1.0000  -6.3897   0.0000   0.0000   0.0000   0.2257
  11.500   1.1805   0.02091   0.01497   0.0145  0.0236  1.0000  -6.6078   0.0000   0.0000   0.0000   0.2245
  11.750   1.1962   0.02176   0.01585   0.0160  0.0229  1.0000  -6.8108   0.0000   0.0000   0.0000   0.2231
  12.000   1.2061   0.02304   0.01719   0.0182  0.0222  1.0000  -6.9728   0.0000   0.0000   0.0000   0.2211
  12.250   1.2222   0.02373   0.01798   0.0196  0.0218  1.0000  -7.1798   0.0000   0.0000   0.0000   0.2197
  12.500   1.2345   0.02452   0.01886   0.0216  0.0213  1.0000  -7.3678   0.0000   0.0000   0.0000   0.2179
  12.750   1.2454   0.02541   0.01984   0.0236  0.0208  1.0000  -7.5496   0.0000   0.0000   0.0000   0.2160
  13.000   1.2557   0.02638   0.02089   0.0254  0.0204  1.0000  -7.7311   0.0000   0.0000   0.0000   0.2143
  13.250   1.2657   0.02742   0.02200   0.0270  0.0199  1.0000  -7.9143   0.0000   0.0000   0.0000   0.2128
  13.500   1.2745   0.02859   0.02323   0.0284  0.0195  1.0000  -8.0931   0.0000   0.0000   0.0000   0.2114
  13.750   1.2800   0.03011   0.02481   0.0298  0.0191  1.0000  -8.2493   0.0000   0.0000   0.0000   0.2099
  14.000   1.2784   0.03238   0.02717   0.0312  0.0187  1.0000  -8.3481   0.0000   0.0000   0.0000   0.2084
  14.250   1.2787   0.03468   0.02959   0.0320  0.0184  1.0000  -8.4541   0.0000   0.0000   0.0000   0.2072
  14.500   1.2841   0.03664   0.03168   0.0322  0.0182  1.0000  -8.5991   0.0000   0.0000   0.0000   0.2067
  14.750   1.2872   0.03898   0.03414   0.0322  0.0179  1.0000  -8.7250   0.0000   0.0000   0.0000   0.2063
  15.000   1.2884   0.04167   0.03697   0.0317  0.0177  1.0000  -8.8349   0.0000   0.0000   0.0000   0.2061
  15.250   1.2879   0.04475   0.04017   0.0309  0.0175  1.0000  -8.9295   0.0000   0.0000   0.0000   0.2062
  15.500   1.2856   0.04819   0.04375   0.0296  0.0173  1.0000  -9.0076   0.0000   0.0000   0.0000   0.2065
  15.750   1.2816   0.05203   0.04771   0.0280  0.0171  1.0000  -9.0697   0.0000   0.0000   0.0000   0.2072
  16.000   1.2757   0.05625   0.05206   0.0261  0.0169  1.0000  -9.1135   0.0000   0.0000   0.0000   0.2080
  16.250   1.2680   0.06087   0.05681   0.0239  0.0167  1.0000  -9.1428   0.0000   0.0000   0.0000   0.2090
  16.500   1.2583   0.06589   0.06195   0.0214  0.0166  1.0000  -9.1555   0.0000   0.0000   0.0000   0.2103
  16.750   1.2466   0.07129   0.06748   0.0186  0.0165  1.0000  -9.1461   0.0000   0.0000   0.0000   0.2118
  17.000   1.2335   0.07710   0.07342   0.0156  0.0164  1.0000  -9.1161   0.0000   0.0000   0.0000   0.2135
  17.250   1.2188   0.08329   0.07973   0.0123  0.0163  1.0000  -9.0644   0.0000   0.0000   0.0000   0.2155
  17.500   1.2029   0.08985   0.08641   0.0089  0.0162  1.0000  -8.9928   0.0000   0.0000   0.0000   0.2177
  17.750   1.1857   0.09680   0.09348   0.0051  0.0162  1.0000  -8.8992   0.0000   0.0000   0.0000   0.2201
  18.000   1.1672   0.10411   0.10092   0.0012  0.0161  1.0000  -8.7810   0.0000   0.0000   0.0000   0.2229
  18.250   1.1475   0.11187   0.10880  -0.0030  0.0161  1.0000  -8.6367   0.0000   0.0000   0.0000   0.2261
  18.500   1.1260   0.12017   0.11723  -0.0076  0.0160  1.0000  -8.4566   0.0000   0.0000   0.0000   0.2297
  18.750   1.1014   0.12934   0.12655  -0.0127  0.0160  1.0000  -8.2192   0.0000   0.0000   0.0000   0.2341
  19.000   1.0674   0.14102   0.13841  -0.0195  0.0160  1.0000  -7.8301   0.0000   0.0000   0.0000   0.2405


