xflr5 v6.61

 Calculated polar for: NACA 0012

 1 1 Reynolds number fixed          Mach number fixed         

 xtrf =   1.000 (top)        1.000 (bottom)
 Mach =   0.000     Re =     0.980 e 6     Ncrit =   9.000

  alpha     CL        CD       CDp       Cm    Top Xtr Bot Xtr   Cpmin    Chinge    XCp    
 ------- -------- --------- --------- -------- ------- ------- -------- --------- ---------
 -10.000  -1.0800   0.01520   0.00931  -0.0053  1.0000  0.0256  -5.4930   0.0000   0.0000   0.0000   0.2340
  -9.750  -1.0568   0.01490   0.00896  -0.0045  1.0000  0.0264  -5.2803   0.0000   0.0000   0.0000   0.2350
  -9.500  -1.0370   0.01428   0.00834  -0.0032  1.0000  0.0280  -5.0917   0.0000   0.0000   0.0000   0.2364
  -9.250  -1.0151   0.01392   0.00796  -0.0022  1.0000  0.0293  -4.8908   0.0000   0.0000   0.0000   0.2377
  -9.000  -0.9929   0.01361   0.00762  -0.0012  1.0000  0.0306  -4.6923   0.0000   0.0000   0.0000   0.2389
  -8.750  -0.9722   0.01316   0.00716   0.0001  1.0000  0.0323  -4.5059   0.0000   0.0000   0.0000   0.2405
  -8.500  -0.9507   0.01283   0.00682   0.0013  1.0000  0.0341  -4.3153   0.0000   0.0000   0.0000   0.2420
  -8.250  -0.9288   0.01257   0.00653   0.0024  1.0000  0.0358  -4.1260   0.0000   0.0000   0.0000   0.2435
  -8.000  -0.9083   0.01218   0.00617   0.0037  1.0000  0.0385  -3.9464   0.0000   0.0000   0.0000   0.2454
  -7.750  -0.8866   0.01194   0.00591   0.0049  1.0000  0.0408  -3.7719   0.0000   0.0000   0.0000   0.2471
  -7.500  -0.8662   0.01159   0.00558   0.0063  1.0000  0.0440  -3.6118   0.0000   0.0000   0.0000   0.2491
  -7.250  -0.8450   0.01133   0.00531   0.0076  1.0000  0.0471  -3.4508   0.0000   0.0000   0.0000   0.2510
  -7.000  -0.8240   0.01105   0.00505   0.0089  1.0000  0.0510  -3.2926   0.0000   0.0000   0.0000   0.2531
  -6.750  -0.8017   0.01077   0.00480   0.0099  0.9999  0.0559  -3.1328   0.0000   0.0000   0.0000   0.2548
  -6.500  -0.7671   0.01046   0.00453   0.0083  0.9984  0.0628  -2.9376   0.0000   0.0000   0.0000   0.2535
  -6.250  -0.7324   0.01017   0.00427   0.0066  0.9970  0.0709  -2.7464   0.0000   0.0000   0.0000   0.2520
  -6.000  -0.6982   0.00984   0.00401   0.0051  0.9951  0.0814  -2.5747   0.0000   0.0000   0.0000   0.2504
  -5.750  -0.6632   0.00953   0.00377   0.0034  0.9935  0.0944  -2.4048   0.0000   0.0000   0.0000   0.2485
  -5.500  -0.6290   0.00922   0.00354   0.0019  0.9913  0.1094  -2.2408   0.0000   0.0000   0.0000   0.2465
  -5.250  -0.5946   0.00889   0.00331   0.0004  0.9890  0.1280  -2.0798   0.0000   0.0000   0.0000   0.2442
  -5.000  -0.5590   0.00856   0.00309  -0.0015  0.9874  0.1497  -1.9316   0.0000   0.0000   0.0000   0.2412
  -4.750  -0.5253   0.00825   0.00289  -0.0028  0.9844  0.1736  -1.7912   0.0000   0.0000   0.0000   0.2385
  -4.500  -0.4913   0.00793   0.00270  -0.0043  0.9814  0.2001  -1.6535   0.0000   0.0000   0.0000   0.2353
  -4.250  -0.4599   0.00764   0.00252  -0.0051  0.9765  0.2273  -1.5341   0.0000   0.0000   0.0000   0.2331
  -4.000  -0.4291   0.00735   0.00236  -0.0057  0.9711  0.2556  -1.4184   0.0000   0.0000   0.0000   0.2309
  -3.500  -0.3730   0.00686   0.00207  -0.0057  0.9550  0.3116  -1.2170   0.0000   0.0000   0.0000   0.2293
  -3.250  -0.3467   0.00665   0.00195  -0.0052  0.9443  0.3394  -1.1279   0.0000   0.0000   0.0000   0.2296
  -3.000  -0.3206   0.00645   0.00184  -0.0047  0.9323  0.3674  -1.0433   0.0000   0.0000   0.0000   0.2300
  -2.750  -0.2944   0.00627   0.00174  -0.0042  0.9192  0.3952  -0.9655   0.0000   0.0000   0.0000   0.2305
  -2.500  -0.2681   0.00611   0.00164  -0.0037  0.9048  0.4230  -0.8921   0.0000   0.0000   0.0000   0.2311
  -2.250  -0.2417   0.00597   0.00155  -0.0032  0.8892  0.4507  -0.8238   0.0000   0.0000   0.0000   0.2316
  -2.000  -0.2151   0.00585   0.00148  -0.0028  0.8717  0.4782  -0.7605   0.0000   0.0000   0.0000   0.2319
  -1.500  -0.1616   0.00565   0.00134  -0.0020  0.8331  0.5329  -0.6488   0.0000   0.0000   0.0000   0.2326
  -1.250  -0.1348   0.00559   0.00129  -0.0017  0.8121  0.5599  -0.6002   0.0000   0.0000   0.0000   0.2329
  -1.000  -0.1078   0.00553   0.00125  -0.0013  0.7895  0.5869  -0.5558   0.0000   0.0000   0.0000   0.2330
  -0.750  -0.0809   0.00549   0.00122  -0.0010  0.7662  0.6138  -0.5154   0.0000   0.0000   0.0000   0.2331
  -0.500  -0.0540   0.00546   0.00120  -0.0006  0.7422  0.6402  -0.4786   0.0000   0.0000   0.0000   0.2334
  -0.250  -0.0271   0.00544   0.00118  -0.0003  0.7173  0.6662  -0.4448   0.0000   0.0000   0.0000   0.2339
   0.000   0.0000   0.00543   0.00118  -0.0000  0.6918  0.6918  -0.4136   0.0000   0.0000   0.0000   0.4294
   0.250   0.0271   0.00544   0.00118   0.0003  0.6662  0.7173  -0.4448   0.0000   0.0000   0.0000   0.2339
   0.500   0.0540   0.00546   0.00120   0.0006  0.6402  0.7422  -0.4786   0.0000   0.0000   0.0000   0.2334
   0.750   0.0809   0.00549   0.00122   0.0010  0.6138  0.7662  -0.5154   0.0000   0.0000   0.0000   0.2331
   1.000   0.1078   0.00553   0.00125   0.0013  0.5869  0.7895  -0.5558   0.0000   0.0000   0.0000   0.2330
   1.250   0.1348   0.00559   0.00129   0.0017  0.5599  0.8121  -0.6002   0.0000   0.0000   0.0000   0.2329
   1.500   0.1616   0.00565   0.00135   0.0020  0.5329  0.8331  -0.6488   0.0000   0.0000   0.0000   0.2326
   2.000   0.2151   0.00585   0.00148   0.0028  0.4782  0.8717  -0.7605   0.0000   0.0000   0.0000   0.2319
   2.250   0.2417   0.00597   0.00155   0.0032  0.4507  0.8892  -0.8238   0.0000   0.0000   0.0000   0.2316
   2.500   0.2681   0.00611   0.00164   0.0037  0.4230  0.9048  -0.8922   0.0000   0.0000   0.0000   0.2311
   2.750   0.2944   0.00627   0.00174   0.0042  0.3952  0.9192  -0.9655   0.0000   0.0000   0.0000   0.2305
   3.000   0.3206   0.00645   0.00184   0.0047  0.3674  0.9323  -1.0433   0.0000   0.0000   0.0000   0.2300
   3.250   0.3467   0.00665   0.00195   0.0052  0.3394  0.9443  -1.1279   0.0000   0.0000   0.0000   0.2296
   3.500   0.3730   0.00686   0.00207   0.0057  0.3116  0.9550  -1.2170   0.0000   0.0000   0.0000   0.2293
   3.750   0.4001   0.00710   0.00221   0.0059  0.2840  0.9641  -1.3134   0.0000   0.0000   0.0000   0.2295
   4.000   0.4291   0.00735   0.00236   0.0057  0.2557  0.9711  -1.4184   0.0000   0.0000   0.0000   0.2309
   4.250   0.4599   0.00764   0.00252   0.0051  0.2273  0.9765  -1.5341   0.0000   0.0000   0.0000   0.2331
   4.500   0.4913   0.00793   0.00270   0.0043  0.2001  0.9814  -1.6535   0.0000   0.0000   0.0000   0.2353
   4.750   0.5253   0.00825   0.00289   0.0028  0.1736  0.9844  -1.7912   0.0000   0.0000   0.0000   0.2385
   5.000   0.5590   0.00856   0.00309   0.0015  0.1497  0.9874  -1.9317   0.0000   0.0000   0.0000   0.2412
   5.250   0.5946   0.00889   0.00331  -0.0004  0.1280  0.9890  -2.0799   0.0000   0.0000   0.0000   0.2442
   5.500   0.6290   0.00922   0.00354  -0.0019  0.1094  0.9913  -2.2409   0.0000   0.0000   0.0000   0.2466
   5.750   0.6632   0.00953   0.00377  -0.0034  0.0944  0.9935  -2.4049   0.0000   0.0000   0.0000   0.2485
   6.000   0.6982   0.00984   0.00401  -0.0051  0.0814  0.9951  -2.5748   0.0000   0.0000   0.0000   0.2505
   6.250   0.7324   0.01017   0.00427  -0.0067  0.0709  0.9970  -2.7465   0.0000   0.0000   0.0000   0.2520
   6.500   0.7671   0.01046   0.00453  -0.0083  0.0628  0.9984  -2.9377   0.0000   0.0000   0.0000   0.2535
   6.750   0.8017   0.01077   0.00480  -0.0099  0.0559  0.9999  -3.1329   0.0000   0.0000   0.0000   0.2548
   7.000   0.8239   0.01105   0.00505  -0.0089  0.0511  1.0000  -3.2923   0.0000   0.0000   0.0000   0.2530
   7.250   0.8449   0.01132   0.00531  -0.0076  0.0471  1.0000  -3.4506   0.0000   0.0000   0.0000   0.2510
   7.500   0.8661   0.01158   0.00557  -0.0063  0.0440  1.0000  -3.6115   0.0000   0.0000   0.0000   0.2490
   7.750   0.8865   0.01194   0.00590  -0.0049  0.0408  1.0000  -3.7717   0.0000   0.0000   0.0000   0.2471
   8.000   0.9082   0.01218   0.00617  -0.0037  0.0385  1.0000  -3.9461   0.0000   0.0000   0.0000   0.2453
   8.250   0.9287   0.01257   0.00653  -0.0024  0.0358  1.0000  -4.1258   0.0000   0.0000   0.0000   0.2435
   8.500   0.9507   0.01283   0.00682  -0.0012  0.0341  1.0000  -4.3151   0.0000   0.0000   0.0000   0.2420
   8.750   0.9722   0.01316   0.00716  -0.0001  0.0323  1.0000  -4.5057   0.0000   0.0000   0.0000   0.2405
   9.000   0.9928   0.01361   0.00762   0.0012  0.0306  1.0000  -4.6922   0.0000   0.0000   0.0000   0.2389
   9.250   1.0151   0.01392   0.00796   0.0022  0.0293  1.0000  -4.8908   0.0000   0.0000   0.0000   0.2377
   9.500   1.0370   0.01428   0.00834   0.0032  0.0280  1.0000  -5.0917   0.0000   0.0000   0.0000   0.2364
   9.750   1.0568   0.01490   0.00896   0.0045  0.0264  1.0000  -5.2804   0.0000   0.0000   0.0000   0.2350
  10.000   1.0801   0.01520   0.00931   0.0053  0.0256  1.0000  -5.4932   0.0000   0.0000   0.0000   0.2340
  10.250   1.1028   0.01557   0.00971   0.0060  0.0245  1.0000  -5.7064   0.0000   0.0000   0.0000   0.2331
  10.500   1.1248   0.01602   0.01017   0.0069  0.0236  1.0000  -5.9194   0.0000   0.0000   0.0000   0.2321
  10.750   1.1440   0.01673   0.01091   0.0081  0.0225  1.0000  -6.1283   0.0000   0.0000   0.0000   0.2308
  11.000   1.1654   0.01723   0.01147   0.0090  0.0219  1.0000  -6.3572   0.0000   0.0000   0.0000   0.2298
  11.250   1.1871   0.01769   0.01198   0.0099  0.0212  1.0000  -6.5930   0.0000   0.0000   0.0000   0.2289
  11.500   1.2082   0.01820   0.01253   0.0108  0.0206  1.0000  -6.8290   0.0000   0.0000   0.0000   0.2279
  11.750   1.2286   0.01874   0.01311   0.0117  0.0200  1.0000  -7.0662   0.0000   0.0000   0.0000   0.2270
  12.000   1.2474   0.01939   0.01380   0.0128  0.0193  1.0000  -7.2962   0.0000   0.0000   0.0000   0.2258
  12.250   1.2608   0.02044   0.01491   0.0146  0.0186  1.0000  -7.4884   0.0000   0.0000   0.0000   0.2241
  12.500   1.2780   0.02114   0.01568   0.0159  0.0183  1.0000  -7.7108   0.0000   0.0000   0.0000   0.2229
  12.750   1.2963   0.02172   0.01633   0.0171  0.0179  1.0000  -7.9471   0.0000   0.0000   0.0000   0.2218
  13.000   1.3126   0.02235   0.01702   0.0185  0.0174  1.0000  -8.1744   0.0000   0.0000   0.0000   0.2205
  13.250   1.3258   0.02304   0.01777   0.0204  0.0170  1.0000  -8.3875   0.0000   0.0000   0.0000   0.2188
  13.500   1.3377   0.02382   0.01861   0.0223  0.0166  1.0000  -8.5944   0.0000   0.0000   0.0000   0.2171
  13.750   1.3486   0.02471   0.01956   0.0241  0.0163  1.0000  -8.7964   0.0000   0.0000   0.0000   0.2155
  14.000   1.3577   0.02577   0.02068   0.0258  0.0160  1.0000  -8.9869   0.0000   0.0000   0.0000   0.2138
  14.250   1.3633   0.02714   0.02212   0.0276  0.0156  1.0000  -9.1530   0.0000   0.0000   0.0000   0.2122
  14.500   1.3632   0.02906   0.02414   0.0293  0.0153  1.0000  -9.2740   0.0000   0.0000   0.0000   0.2104
  14.750   1.3570   0.03172   0.02693   0.0306  0.0150  1.0000  -9.3423   0.0000   0.0000   0.0000   0.2088
  15.000   1.3640   0.03344   0.02875   0.0310  0.0149  1.0000  -9.5132   0.0000   0.0000   0.0000   0.2081
  15.250   1.3690   0.03546   0.03088   0.0312  0.0148  1.0000  -9.6688   0.0000   0.0000   0.0000   0.2076
  15.500   1.3722   0.03785   0.03338   0.0310  0.0146  1.0000  -9.8079   0.0000   0.0000   0.0000   0.2073
  15.750   1.3731   0.04064   0.03628   0.0303  0.0145  1.0000  -9.9283   0.0000   0.0000   0.0000   0.2072
  16.000   1.3721   0.04387   0.03962   0.0293  0.0143  1.0000  -10.0339   0.0000   0.0000   0.0000   0.2073
  16.250   1.3686   0.04757   0.04345   0.0278  0.0142  1.0000  -10.1233   0.0000   0.0000   0.0000   0.2078
  16.500   1.3626   0.05179   0.04779   0.0259  0.0140  1.0000  -10.1874   0.0000   0.0000   0.0000   0.2085
  16.750   1.3538   0.05655   0.05268   0.0236  0.0139  1.0000  -10.2225   0.0000   0.0000   0.0000   0.2094
  17.000   1.3421   0.06187   0.05812   0.0210  0.0138  1.0000  -10.2258   0.0000   0.0000   0.0000   0.2106
  17.250   1.3274   0.06774   0.06412   0.0181  0.0137  1.0000  -10.1964   0.0000   0.0000   0.0000   0.2121
  17.500   1.3098   0.07413   0.07064   0.0148  0.0137  1.0000  -10.1335   0.0000   0.0000   0.0000   0.2137
  17.750   1.2904   0.08101   0.07765   0.0113  0.0136  1.0000  -10.0438   0.0000   0.0000   0.0000   0.2157
  18.000   1.2693   0.08825   0.08501   0.0076  0.0136  1.0000  -9.9291   0.0000   0.0000   0.0000   0.2179
  18.250   1.2474   0.09583   0.09272   0.0038  0.0136  1.0000  -9.7947   0.0000   0.0000   0.0000   0.2203
  18.500   1.2253   0.10357   0.10058  -0.0002  0.0135  1.0000  -9.6461   0.0000   0.0000   0.0000   0.2230
  18.750   1.2034   0.11142   0.10855  -0.0043  0.0135  1.0000  -9.4882   0.0000   0.0000   0.0000   0.2258
  19.000   1.1822   0.11935   0.11659  -0.0085  0.0135  1.0000  -9.3230   0.0000   0.0000   0.0000   0.2289
  19.250   1.1615   0.12730   0.12465  -0.0127  0.0134  1.0000  -9.1487   0.0000   0.0000   0.0000   0.2322
  19.500   1.1417   0.13529   0.13274  -0.0171  0.0134  1.0000  -8.9683   0.0000   0.0000   0.0000   0.2358
  19.750   1.1223   0.14348   0.14103  -0.0217  0.0133  1.0000  -8.7707   0.0000   0.0000   0.0000   0.2397
  20.000   1.1020   0.15202   0.14968  -0.0266  0.0132  1.0000  -8.5409   0.0000   0.0000   0.0000   0.2441


