xflr5 v6.61

 Calculated polar for: NACA 0012

 1 1 Reynolds number fixed          Mach number fixed         

 xtrf =   1.000 (top)        1.000 (bottom)
 Mach =   0.000     Re =     0.240 e 6     Ncrit =   9.000

  alpha     CL        CD       CDp       Cm    Top Xtr Bot Xtr   Cpmin    Chinge    XCp    
 ------- -------- --------- --------- -------- ------- ------- -------- --------- ---------
 -10.000  -1.0135   0.02658   0.01880  -0.0154  1.0000  0.0465  -4.8638   0.0000   0.0000   0.0000   0.2238
  -9.750  -0.9931   0.02545   0.01776  -0.0146  1.0000  0.0484  -4.6904   0.0000   0.0000   0.0000   0.2246
  -9.500  -0.9734   0.02452   0.01673  -0.0135  1.0000  0.0506  -4.5337   0.0000   0.0000   0.0000   0.2257
  -9.250  -0.9536   0.02340   0.01551  -0.0123  1.0000  0.0527  -4.3842   0.0000   0.0000   0.0000   0.2269
  -9.000  -0.9336   0.02251   0.01467  -0.0113  1.0000  0.0551  -4.2180   0.0000   0.0000   0.0000   0.2280
  -8.750  -0.9134   0.02176   0.01377  -0.0101  1.0000  0.0583  -4.0627   0.0000   0.0000   0.0000   0.2294
  -8.500  -0.8940   0.02085   0.01296  -0.0089  1.0000  0.0614  -3.9008   0.0000   0.0000   0.0000   0.2307
  -8.250  -0.8741   0.02007   0.01210  -0.0076  1.0000  0.0650  -3.7482   0.0000   0.0000   0.0000   0.2322
  -8.000  -0.8548   0.01930   0.01137  -0.0063  1.0000  0.0689  -3.5974   0.0000   0.0000   0.0000   0.2339
  -7.750  -0.8357   0.01856   0.01064  -0.0049  1.0000  0.0735  -3.4596   0.0000   0.0000   0.0000   0.2356
  -7.500  -0.8162   0.01790   0.00997  -0.0034  1.0000  0.0791  -3.3218   0.0000   0.0000   0.0000   0.2375
  -7.250  -0.7966   0.01731   0.00937  -0.0020  1.0000  0.0855  -3.1835   0.0000   0.0000   0.0000   0.2394
  -7.000  -0.7775   0.01668   0.00875  -0.0005  1.0000  0.0930  -3.0474   0.0000   0.0000   0.0000   0.2415
  -6.750  -0.7588   0.01602   0.00818   0.0010  1.0000  0.1019  -2.9130   0.0000   0.0000   0.0000   0.2438
  -6.500  -0.7398   0.01542   0.00766   0.0025  1.0000  0.1127  -2.7785   0.0000   0.0000   0.0000   0.2460
  -6.250  -0.7202   0.01487   0.00717   0.0039  1.0000  0.1268  -2.6506   0.0000   0.0000   0.0000   0.2484
  -5.750  -0.6813   0.01378   0.00630   0.0068  1.0000  0.1655  -2.4071   0.0000   0.0000   0.0000   0.2532
  -5.500  -0.6614   0.01329   0.00595   0.0081  1.0000  0.1914  -2.2854   0.0000   0.0000   0.0000   0.2558
  -5.250  -0.6414   0.01282   0.00564   0.0094  1.0000  0.2211  -2.1641   0.0000   0.0000   0.0000   0.2583
  -5.000  -0.6209   0.01241   0.00537   0.0106  1.0000  0.2534  -2.0473   0.0000   0.0000   0.0000   0.2609
  -4.750  -0.6000   0.01205   0.00515   0.0117  1.0000  0.2873  -1.9363   0.0000   0.0000   0.0000   0.2636
  -4.500  -0.5788   0.01173   0.00497   0.0128  1.0000  0.3219  -1.8259   0.0000   0.0000   0.0000   0.2664
  -4.250  -0.5574   0.01143   0.00482   0.0138  1.0000  0.3561  -1.7168   0.0000   0.0000   0.0000   0.2693
  -4.000  -0.5355   0.01118   0.00470   0.0147  1.0000  0.3905  -1.6141   0.0000   0.0000   0.0000   0.2722
  -3.750  -0.5131   0.01097   0.00462   0.0156  1.0000  0.4249  -1.5147   0.0000   0.0000   0.0000   0.2753
  -3.500  -0.4904   0.01079   0.00457   0.0163  1.0000  0.4590  -1.4163   0.0000   0.0000   0.0000   0.2784
  -3.250  -0.4676   0.01063   0.00455   0.0171  1.0000  0.4928  -1.3258   0.0000   0.0000   0.0000   0.2818
  -3.000  -0.4406   0.01049   0.00454   0.0170  0.9989  0.5284  -1.2303   0.0000   0.0000   0.0000   0.2839
  -2.750  -0.3983   0.01032   0.00453   0.0138  0.9936  0.5690  -1.1170   0.0000   0.0000   0.0000   0.2802
  -2.500  -0.3566   0.01014   0.00451   0.0109  0.9877  0.6078  -1.0122   0.0000   0.0000   0.0000   0.2761
  -2.250  -0.3155   0.00997   0.00447   0.0082  0.9812  0.6453  -0.9168   0.0000   0.0000   0.0000   0.2716
  -2.000  -0.2753   0.00979   0.00445   0.0058  0.9742  0.6804  -0.8308   0.0000   0.0000   0.0000   0.2667
  -1.750  -0.2354   0.00962   0.00441   0.0035  0.9669  0.7141  -0.7528   0.0000   0.0000   0.0000   0.2607
  -1.500  -0.1953   0.00946   0.00437   0.0013  0.9597  0.7457  -0.6820   0.0000   0.0000   0.0000   0.2525
  -1.250  -0.1563   0.00931   0.00432  -0.0005  0.9520  0.7747  -0.6196   0.0000   0.0000   0.0000   0.2425
  -1.000  -0.1205   0.00917   0.00427  -0.0015  0.9426  0.8014  -0.5663   0.0000   0.0000   0.0000   0.2328
  -0.750  -0.0878   0.00905   0.00423  -0.0018  0.9312  0.8257  -0.5205   0.0000   0.0000   0.0000   0.2248
  -0.500  -0.0570   0.00896   0.00420  -0.0016  0.9182  0.8475  -0.4803   0.0000   0.0000   0.0000   0.2180
  -0.250  -0.0277   0.00890   0.00417  -0.0010  0.9038  0.8682  -0.4445   0.0000   0.0000   0.0000   0.2104
   0.000   0.0000   0.00888   0.00418  -0.0000  0.8867  0.8867  -0.4127   0.0000   0.0000   0.0000   0.4218
   0.250   0.0277   0.00890   0.00417   0.0010  0.8682  0.9038  -0.4445   0.0000   0.0000   0.0000   0.2104
   0.500   0.0570   0.00896   0.00420   0.0016  0.8475  0.9182  -0.4803   0.0000   0.0000   0.0000   0.2180
   0.750   0.0877   0.00905   0.00423   0.0018  0.8257  0.9312  -0.5205   0.0000   0.0000   0.0000   0.2248
   1.000   0.1205   0.00917   0.00427   0.0015  0.8014  0.9426  -0.5663   0.0000   0.0000   0.0000   0.2328
   1.250   0.1563   0.00931   0.00432   0.0005  0.7747  0.9520  -0.6196   0.0000   0.0000   0.0000   0.2425
   1.500   0.1953   0.00946   0.00437  -0.0013  0.7457  0.9597  -0.6820   0.0000   0.0000   0.0000   0.2525
   1.750   0.2354   0.00962   0.00441  -0.0035  0.7141  0.9669  -0.7528   0.0000   0.0000   0.0000   0.2607
   2.000   0.2753   0.00979   0.00445  -0.0058  0.6804  0.9742  -0.8308   0.0000   0.0000   0.0000   0.2667
   2.250   0.3155   0.00997   0.00447  -0.0082  0.6453  0.9812  -0.9168   0.0000   0.0000   0.0000   0.2716
   2.500   0.3566   0.01014   0.00451  -0.0109  0.6078  0.9877  -1.0122   0.0000   0.0000   0.0000   0.2761
   2.750   0.3983   0.01032   0.00453  -0.0138  0.5690  0.9937  -1.1170   0.0000   0.0000   0.0000   0.2802
   3.000   0.4406   0.01049   0.00454  -0.0170  0.5284  0.9989  -1.2303   0.0000   0.0000   0.0000   0.2839
   3.250   0.4676   0.01062   0.00455  -0.0171  0.4928  1.0000  -1.3256   0.0000   0.0000   0.0000   0.2818
   3.500   0.4903   0.01078   0.00457  -0.0163  0.4590  1.0000  -1.4162   0.0000   0.0000   0.0000   0.2784
   3.750   0.5130   0.01097   0.00462  -0.0156  0.4250  1.0000  -1.5145   0.0000   0.0000   0.0000   0.2752
   4.000   0.5354   0.01118   0.00470  -0.0147  0.3905  1.0000  -1.6140   0.0000   0.0000   0.0000   0.2722
   4.250   0.5573   0.01143   0.00482  -0.0138  0.3562  1.0000  -1.7166   0.0000   0.0000   0.0000   0.2692
   4.500   0.5787   0.01173   0.00497  -0.0127  0.3219  1.0000  -1.8258   0.0000   0.0000   0.0000   0.2664
   4.750   0.6000   0.01205   0.00515  -0.0117  0.2873  1.0000  -1.9362   0.0000   0.0000   0.0000   0.2636
   5.000   0.6208   0.01241   0.00537  -0.0105  0.2535  1.0000  -2.0472   0.0000   0.0000   0.0000   0.2609
   5.250   0.6413   0.01282   0.00564  -0.0093  0.2211  1.0000  -2.1640   0.0000   0.0000   0.0000   0.2583
   5.500   0.6614   0.01328   0.00595  -0.0081  0.1915  1.0000  -2.2853   0.0000   0.0000   0.0000   0.2557
   5.750   0.6812   0.01378   0.00630  -0.0067  0.1655  1.0000  -2.4069   0.0000   0.0000   0.0000   0.2532
   6.000   0.7006   0.01433   0.00671  -0.0053  0.1443  1.0000  -2.5284   0.0000   0.0000   0.0000   0.2507
   6.250   0.7201   0.01487   0.00717  -0.0039  0.1268  1.0000  -2.6505   0.0000   0.0000   0.0000   0.2483
   6.500   0.7397   0.01542   0.00766  -0.0025  0.1127  1.0000  -2.7784   0.0000   0.0000   0.0000   0.2460
   6.750   0.7588   0.01602   0.00818  -0.0010  0.1019  1.0000  -2.9128   0.0000   0.0000   0.0000   0.2438
   7.000   0.7775   0.01668   0.00875   0.0005  0.0930  1.0000  -3.0473   0.0000   0.0000   0.0000   0.2415
   7.250   0.7965   0.01731   0.00936   0.0020  0.0855  1.0000  -3.1835   0.0000   0.0000   0.0000   0.2394
   7.500   0.8162   0.01790   0.00997   0.0034  0.0791  1.0000  -3.3218   0.0000   0.0000   0.0000   0.2375
   7.750   0.8357   0.01856   0.01064   0.0049  0.0735  1.0000  -3.4595   0.0000   0.0000   0.0000   0.2356
   8.000   0.8548   0.01930   0.01137   0.0063  0.0689  1.0000  -3.5975   0.0000   0.0000   0.0000   0.2339
   8.250   0.8741   0.02007   0.01210   0.0076  0.0650  1.0000  -3.7482   0.0000   0.0000   0.0000   0.2322
   8.500   0.8941   0.02085   0.01296   0.0089  0.0614  1.0000  -3.9009   0.0000   0.0000   0.0000   0.2307
   8.750   0.9134   0.02176   0.01377   0.0100  0.0583  1.0000  -4.0628   0.0000   0.0000   0.0000   0.2294
   9.000   0.9337   0.02251   0.01467   0.0113  0.0551  1.0000  -4.2183   0.0000   0.0000   0.0000   0.2281
   9.250   0.9537   0.02340   0.01551   0.0123  0.0527  1.0000  -4.3845   0.0000   0.0000   0.0000   0.2269
   9.500   0.9735   0.02452   0.01673   0.0134  0.0506  1.0000  -4.5340   0.0000   0.0000   0.0000   0.2257
   9.750   0.9932   0.02545   0.01776   0.0146  0.0484  1.0000  -4.6907   0.0000   0.0000   0.0000   0.2246
  10.000   1.0136   0.02658   0.01880   0.0153  0.0465  1.0000  -4.8642   0.0000   0.0000   0.0000   0.2238
  10.250   1.0313   0.02773   0.02018   0.0167  0.0447  1.0000  -5.0036   0.0000   0.0000   0.0000   0.2225
  10.500   1.0493   0.02880   0.02138   0.0179  0.0429  1.0000  -5.1622   0.0000   0.0000   0.0000   0.2213
  10.750   1.0681   0.02996   0.02255   0.0188  0.0416  1.0000  -5.3458   0.0000   0.0000   0.0000   0.2204
  11.000   1.0861   0.03174   0.02440   0.0198  0.0405  1.0000  -5.5082   0.0000   0.0000   0.0000   0.2195
  11.250   1.0981   0.03335   0.02635   0.0216  0.0394  1.0000  -5.6291   0.0000   0.0000   0.0000   0.2177
  11.500   1.1100   0.03501   0.02824   0.0233  0.0384  1.0000  -5.7577   0.0000   0.0000   0.0000   0.2161
  11.750   1.1231   0.03641   0.02975   0.0247  0.0373  1.0000  -5.9124   0.0000   0.0000   0.0000   0.2147
  12.000   1.1366   0.03775   0.03112   0.0259  0.0364  1.0000  -6.0835   0.0000   0.0000   0.0000   0.2136
  12.250   1.1463   0.04006   0.03353   0.0272  0.0355  1.0000  -6.2114   0.0000   0.0000   0.0000   0.2123
  12.500   1.1392   0.04210   0.03594   0.0307  0.0350  1.0000  -6.2406   0.0000   0.0000   0.0000   0.2088
  12.750   1.1299   0.04455   0.03869   0.0337  0.0345  1.0000  -6.2552   0.0000   0.0000   0.0000   0.2055
  13.000   1.1188   0.04744   0.04188   0.0358  0.0342  1.0000  -6.2550   0.0000   0.0000   0.0000   0.2028
  13.250   1.1050   0.05084   0.04554   0.0370  0.0339  1.0000  -6.2350   0.0000   0.0000   0.0000   0.2009
  13.500   1.0879   0.05490   0.04987   0.0371  0.0338  1.0000  -6.1898   0.0000   0.0000   0.0000   0.1998
  13.750   1.0670   0.05988   0.05512   0.0358  0.0337  1.0000  -6.1109   0.0000   0.0000   0.0000   0.1998
  14.000   1.0413   0.06613   0.06164   0.0328  0.0338  1.0000  -5.9874   0.0000   0.0000   0.0000   0.2013
  14.250   1.0101   0.07408   0.06983   0.0279  0.0340  1.0000  -5.8076   0.0000   0.0000   0.0000   0.2046
  14.500   0.9734   0.08404   0.08004   0.0209  0.0344  1.0000  -5.5622   0.0000   0.0000   0.0000   0.2102
  14.750   0.9319   0.09611   0.09231   0.0125  0.0349  1.0000  -5.2469   0.0000   0.0000   0.0000   0.2178
  15.000   0.8902   0.10933   0.10566   0.0040  0.0354  1.0000  -4.8854   0.0000   0.0000   0.0000   0.2264
  16.000   0.4874   0.15886   0.15552  -0.0095  0.0560  1.0000  -1.3717   0.0000   0.0000   0.0000   0.2576
  16.250   0.4899   0.16140   0.15807  -0.0107  0.0541  1.0000  -1.3613   0.0000   0.0000   0.0000   0.2597
  16.500   0.4969   0.16352   0.16020  -0.0111  0.0529  1.0000  -1.3987   0.0000   0.0000   0.0000   0.2600
  16.750   0.5124   0.16578   0.16248  -0.0103  0.0522  1.0000  -1.5142   0.0000   0.0000   0.0000   0.2573
  17.000   0.4997   0.16942   0.16611  -0.0137  0.0513  1.0000  -1.3513   0.0000   0.0000   0.0000   0.2648
  17.250   0.4982   0.17238   0.16907  -0.0156  0.0490  1.0000  -1.2940   0.0000   0.0000   0.0000   0.2688
  17.500   0.5039   0.17458   0.17128  -0.0164  0.0475  1.0000  -1.3262   0.0000   0.0000   0.0000   0.2697
  17.750   0.5167   0.17662   0.17333  -0.0160  0.0465  1.0000  -1.4400   0.0000   0.0000   0.0000   0.2676
  18.000   0.5114   0.18005   0.17676  -0.0185  0.0457  1.0000  -1.3324   0.0000   0.0000   0.0000   0.2729
  18.250   0.5103   0.18309   0.17980  -0.0205  0.0437  1.0000  -1.2629   0.0000   0.0000   0.0000   0.2770
  18.500   0.5147   0.18552   0.18224  -0.0216  0.0424  1.0000  -1.2725   0.0000   0.0000   0.0000   0.2785
  18.750   0.5214   0.18775   0.18449  -0.0222  0.0415  1.0000  -1.3137   0.0000   0.0000   0.0000   0.2788
  19.000   0.5332   0.19033   0.18708  -0.0220  0.0409  1.0000  -1.4114   0.0000   0.0000   0.0000   0.2770
  19.250   0.5285   0.19356   0.19031  -0.0245  0.0405  1.0000  -1.2926   0.0000   0.0000   0.0000   0.2822
  19.500   0.5272   0.19670   0.19345  -0.0267  0.0388  1.0000  -1.2008   0.0000   0.0000   0.0000   0.2866
  19.750   0.5312   0.19930   0.19606  -0.0279  0.0376  1.0000  -1.1949   0.0000   0.0000   0.0000   0.2883
  20.000   0.5365   0.20168   0.19845  -0.0289  0.0366  1.0000  -1.2134   0.0000   0.0000   0.0000   0.2893


