xflr5 v6.61

 Calculated polar for: NACA 0009

 1 1 Reynolds number fixed          Mach number fixed         

 xtrf =   1.000 (top)        1.000 (bottom)
 Mach =   0.000     Re =     0.840 e 6     Ncrit =   9.000

  alpha     CL        CD       CDp       Cm    Top Xtr Bot Xtr   Cpmin    Chinge    XCp    
 ------- -------- --------- --------- -------- ------- ------- -------- --------- ---------
 -10.000  -1.0493   0.02054   0.01530  -0.0083  1.0000  0.0117  -7.8818   0.0000   0.0000   0.0000   0.2329
  -9.750  -1.0296   0.01934   0.01396  -0.0073  1.0000  0.0121  -7.6108   0.0000   0.0000   0.0000   0.2340
  -9.500  -1.0097   0.01820   0.01274  -0.0064  1.0000  0.0127  -7.3237   0.0000   0.0000   0.0000   0.2350
  -9.250  -0.9867   0.01756   0.01205  -0.0059  1.0000  0.0132  -7.0001   0.0000   0.0000   0.0000   0.2357
  -9.000  -0.9635   0.01690   0.01132  -0.0053  1.0000  0.0137  -6.6904   0.0000   0.0000   0.0000   0.2365
  -8.750  -0.9400   0.01625   0.01059  -0.0047  1.0000  0.0143  -6.3886   0.0000   0.0000   0.0000   0.2373
  -8.500  -0.9159   0.01570   0.00994  -0.0042  1.0000  0.0148  -6.0861   0.0000   0.0000   0.0000   0.2380
  -8.250  -0.8940   0.01474   0.00891  -0.0034  1.0000  0.0156  -5.8192   0.0000   0.0000   0.0000   0.2391
  -8.000  -0.8702   0.01415   0.00829  -0.0028  1.0000  0.0164  -5.5203   0.0000   0.0000   0.0000   0.2398
  -7.750  -0.8455   0.01369   0.00778  -0.0024  1.0000  0.0173  -5.2342   0.0000   0.0000   0.0000   0.2405
  -7.500  -0.8202   0.01331   0.00735  -0.0019  1.0000  0.0182  -4.9702   0.0000   0.0000   0.0000   0.2412
  -7.250  -0.7967   0.01264   0.00665  -0.0013  1.0000  0.0195  -4.7283   0.0000   0.0000   0.0000   0.2422
  -7.000  -0.7716   0.01225   0.00624  -0.0008  1.0000  0.0209  -4.4700   0.0000   0.0000   0.0000   0.2430
  -6.750  -0.7463   0.01192   0.00585  -0.0004  1.0000  0.0222  -4.2197   0.0000   0.0000   0.0000   0.2438
  -6.500  -0.7223   0.01137   0.00530   0.0003  1.0000  0.0241  -3.9842   0.0000   0.0000   0.0000   0.2449
  -6.250  -0.6972   0.01107   0.00497   0.0008  1.0000  0.0260  -3.7407   0.0000   0.0000   0.0000   0.2459
  -6.000  -0.6729   0.01066   0.00456   0.0014  1.0000  0.0288  -3.5073   0.0000   0.0000   0.0000   0.2471
  -5.750  -0.6483   0.01034   0.00422   0.0021  1.0000  0.0319  -3.2773   0.0000   0.0000   0.0000   0.2483
  -5.500  -0.6237   0.01006   0.00394   0.0027  1.0000  0.0356  -3.0603   0.0000   0.0000   0.0000   0.2497
  -5.250  -0.5994   0.00973   0.00363   0.0034  1.0000  0.0407  -2.8638   0.0000   0.0000   0.0000   0.2512
  -5.000  -0.5753   0.00941   0.00335   0.0041  1.0000  0.0479  -2.6707   0.0000   0.0000   0.0000   0.2529
  -4.750  -0.5512   0.00913   0.00311   0.0048  1.0000  0.0577  -2.4808   0.0000   0.0000   0.0000   0.2547
  -4.500  -0.5274   0.00883   0.00289   0.0056  1.0000  0.0715  -2.2956   0.0000   0.0000   0.0000   0.2566
  -4.250  -0.5037   0.00852   0.00268   0.0063  1.0000  0.0918  -2.1149   0.0000   0.0000   0.0000   0.2588
  -4.000  -0.4800   0.00821   0.00249   0.0071  1.0000  0.1183  -1.9515   0.0000   0.0000   0.0000   0.2611
  -3.750  -0.4563   0.00789   0.00233   0.0077  1.0000  0.1521  -1.7964   0.0000   0.0000   0.0000   0.2635
  -3.500  -0.4310   0.00756   0.00218   0.0081  0.9998  0.1936  -1.6404   0.0000   0.0000   0.0000   0.2653
  -3.250  -0.3952   0.00717   0.00201   0.0061  0.9978  0.2484  -1.4619   0.0000   0.0000   0.0000   0.2621
  -3.000  -0.3598   0.00679   0.00186   0.0042  0.9952  0.3055  -1.3039   0.0000   0.0000   0.0000   0.2584
  -2.750  -0.3235   0.00645   0.00174   0.0021  0.9929  0.3630  -1.1493   0.0000   0.0000   0.0000   0.2535
  -2.500  -0.2883   0.00613   0.00162   0.0004  0.9893  0.4186  -1.0154   0.0000   0.0000   0.0000   0.2483
  -2.250  -0.2519   0.00583   0.00153  -0.0016  0.9863  0.4734  -0.8885   0.0000   0.0000   0.0000   0.2406
  -2.000  -0.2177   0.00555   0.00144  -0.0031  0.9811  0.5253  -0.7777   0.0000   0.0000   0.0000   0.2330
  -1.750  -0.1855   0.00531   0.00137  -0.0040  0.9738  0.5738  -0.6821   0.0000   0.0000   0.0000   0.2255
  -1.500  -0.1549   0.00509   0.00131  -0.0045  0.9644  0.6200  -0.5998   0.0000   0.0000   0.0000   0.2182
  -1.250  -0.1272   0.00490   0.00126  -0.0042  0.9510  0.6630  -0.5304   0.0000   0.0000   0.0000   0.2137
  -1.000  -0.1008   0.00474   0.00122  -0.0037  0.9355  0.7036  -0.4718   0.0000   0.0000   0.0000   0.2109
  -0.750  -0.0755   0.00461   0.00118  -0.0028  0.9164  0.7420  -0.4219   0.0000   0.0000   0.0000   0.2101
  -0.500  -0.0504   0.00451   0.00116  -0.0019  0.8946  0.7778  -0.3794   0.0000   0.0000   0.0000   0.2100
  -0.250  -0.0252   0.00445   0.00114  -0.0009  0.8698  0.8115  -0.3426   0.0000   0.0000   0.0000   0.2099
   0.000   0.0000   0.00443   0.00114  -0.0000  0.8421  0.8421  -0.3106   0.0000   0.0000   0.0000   0.4431
   0.250   0.0252   0.00445   0.00114   0.0009  0.8115  0.8698  -0.3426   0.0000   0.0000   0.0000   0.2099
   0.500   0.0504   0.00451   0.00116   0.0019  0.7778  0.8946  -0.3794   0.0000   0.0000   0.0000   0.2100
   0.750   0.0755   0.00461   0.00118   0.0028  0.7420  0.9164  -0.4219   0.0000   0.0000   0.0000   0.2101
   1.000   0.1008   0.00474   0.00122   0.0037  0.7036  0.9356  -0.4718   0.0000   0.0000   0.0000   0.2109
   1.250   0.1272   0.00490   0.00126   0.0042  0.6630  0.9510  -0.5304   0.0000   0.0000   0.0000   0.2137
   1.500   0.1549   0.00509   0.00131   0.0045  0.6200  0.9644  -0.5998   0.0000   0.0000   0.0000   0.2182
   1.750   0.1855   0.00531   0.00136   0.0040  0.5738  0.9738  -0.6821   0.0000   0.0000   0.0000   0.2255
   2.000   0.2177   0.00555   0.00144   0.0031  0.5253  0.9811  -0.7777   0.0000   0.0000   0.0000   0.2330
   2.250   0.2519   0.00583   0.00153   0.0016  0.4734  0.9864  -0.8885   0.0000   0.0000   0.0000   0.2406
   2.500   0.2883   0.00613   0.00162  -0.0004  0.4186  0.9893  -1.0154   0.0000   0.0000   0.0000   0.2483
   2.750   0.3235   0.00645   0.00174  -0.0021  0.3630  0.9929  -1.1492   0.0000   0.0000   0.0000   0.2535
   3.000   0.3598   0.00679   0.00186  -0.0042  0.3054  0.9952  -1.3039   0.0000   0.0000   0.0000   0.2584
   3.250   0.3952   0.00717   0.00201  -0.0061  0.2484  0.9978  -1.4619   0.0000   0.0000   0.0000   0.2621
   3.500   0.4310   0.00756   0.00218  -0.0081  0.1936  0.9998  -1.6405   0.0000   0.0000   0.0000   0.2653
   3.750   0.4562   0.00789   0.00233  -0.0077  0.1521  1.0000  -1.7963   0.0000   0.0000   0.0000   0.2635
   4.000   0.4799   0.00821   0.00249  -0.0070  0.1183  1.0000  -1.9513   0.0000   0.0000   0.0000   0.2610
   4.250   0.5036   0.00852   0.00268  -0.0063  0.0918  1.0000  -2.1148   0.0000   0.0000   0.0000   0.2587
   4.500   0.5273   0.00883   0.00289  -0.0056  0.0715  1.0000  -2.2955   0.0000   0.0000   0.0000   0.2566
   4.750   0.5512   0.00913   0.00311  -0.0048  0.0577  1.0000  -2.4807   0.0000   0.0000   0.0000   0.2546
   5.000   0.5753   0.00941   0.00335  -0.0041  0.0479  1.0000  -2.6705   0.0000   0.0000   0.0000   0.2528
   5.250   0.5994   0.00973   0.00363  -0.0034  0.0407  1.0000  -2.8636   0.0000   0.0000   0.0000   0.2512
   5.500   0.6237   0.01006   0.00394  -0.0027  0.0356  1.0000  -3.0602   0.0000   0.0000   0.0000   0.2497
   5.750   0.6483   0.01034   0.00422  -0.0021  0.0319  1.0000  -3.2772   0.0000   0.0000   0.0000   0.2483
   6.000   0.6728   0.01066   0.00456  -0.0014  0.0288  1.0000  -3.5071   0.0000   0.0000   0.0000   0.2470
   6.250   0.6972   0.01107   0.00497  -0.0008  0.0261  1.0000  -3.7406   0.0000   0.0000   0.0000   0.2459
   6.500   0.7223   0.01137   0.00530  -0.0003  0.0241  1.0000  -3.9841   0.0000   0.0000   0.0000   0.2449
   6.750   0.7463   0.01192   0.00585   0.0004  0.0222  1.0000  -4.2197   0.0000   0.0000   0.0000   0.2438
   7.000   0.7716   0.01225   0.00624   0.0008  0.0209  1.0000  -4.4700   0.0000   0.0000   0.0000   0.2430
   7.250   0.7967   0.01264   0.00665   0.0013  0.0195  1.0000  -4.7283   0.0000   0.0000   0.0000   0.2422
   7.500   0.8202   0.01331   0.00735   0.0019  0.0182  1.0000  -4.9702   0.0000   0.0000   0.0000   0.2412
   7.750   0.8455   0.01369   0.00778   0.0024  0.0173  1.0000  -5.2343   0.0000   0.0000   0.0000   0.2406
   8.000   0.8702   0.01415   0.00829   0.0028  0.0164  1.0000  -5.5204   0.0000   0.0000   0.0000   0.2398
   8.250   0.8941   0.01474   0.00891   0.0033  0.0156  1.0000  -5.8193   0.0000   0.0000   0.0000   0.2391
   8.500   0.9159   0.01570   0.00994   0.0042  0.0148  1.0000  -6.0863   0.0000   0.0000   0.0000   0.2380
   8.750   0.9400   0.01625   0.01059   0.0047  0.0143  1.0000  -6.3889   0.0000   0.0000   0.0000   0.2373
   9.000   0.9635   0.01690   0.01132   0.0053  0.0137  1.0000  -6.6906   0.0000   0.0000   0.0000   0.2365
   9.250   0.9867   0.01756   0.01205   0.0059  0.0132  1.0000  -7.0004   0.0000   0.0000   0.0000   0.2357
   9.500   1.0098   0.01821   0.01274   0.0064  0.0127  1.0000  -7.3241   0.0000   0.0000   0.0000   0.2350
   9.750   1.0297   0.01934   0.01396   0.0073  0.0121  1.0000  -7.6110   0.0000   0.0000   0.0000   0.2340
  10.000   1.0493   0.02054   0.01530   0.0083  0.0117  1.0000  -7.8824   0.0000   0.0000   0.0000   0.2329
  10.250   1.0710   0.02133   0.01622   0.0090  0.0114  1.0000  -8.1914   0.0000   0.0000   0.0000   0.2321
  10.500   1.0913   0.02231   0.01733   0.0098  0.0110  1.0000  -8.4851   0.0000   0.0000   0.0000   0.2312
  10.750   1.1106   0.02337   0.01853   0.0107  0.0107  1.0000  -8.7758   0.0000   0.0000   0.0000   0.2302
  11.000   1.1291   0.02445   0.01974   0.0116  0.0104  1.0000  -9.0693   0.0000   0.0000   0.0000   0.2292
  11.250   1.1470   0.02553   0.02094   0.0126  0.0101  1.0000  -9.3684   0.0000   0.0000   0.0000   0.2282
  11.500   1.1637   0.02666   0.02218   0.0136  0.0099  1.0000  -9.6674   0.0000   0.0000   0.0000   0.2271
  11.750   1.1780   0.02800   0.02363   0.0148  0.0096  1.0000  -9.9457   0.0000   0.0000   0.0000   0.2259
  12.000   1.1867   0.02992   0.02571   0.0164  0.0094  1.0000  -10.1520   0.0000   0.0000   0.0000   0.2243
  12.250   1.1832   0.03306   0.02913   0.0189  0.0092  1.0000  -10.1953   0.0000   0.0000   0.0000   0.2219
  12.500   1.1660   0.03665   0.03302   0.0224  0.0091  1.0000  -10.1128   0.0000   0.0000   0.0000   0.2183
  12.750   1.1622   0.03893   0.03548   0.0240  0.0091  1.0000  -10.2329   0.0000   0.0000   0.0000   0.2164
  13.000   1.1549   0.04198   0.03872   0.0243  0.0091  1.0000  -10.3040   0.0000   0.0000   0.0000   0.2156
  13.250   1.1441   0.04611   0.04305   0.0229  0.0090  1.0000  -10.3156   0.0000   0.0000   0.0000   0.2161
  13.500   1.1295   0.05176   0.04891   0.0193  0.0090  1.0000  -10.2521   0.0000   0.0000   0.0000   0.2186
  13.750   1.1100   0.05946   0.05682   0.0132  0.0090  1.0000  -10.0853   0.0000   0.0000   0.0000   0.2232
  14.000   1.0829   0.06962   0.06718   0.0053  0.0091  1.0000  -9.7700   0.0000   0.0000   0.0000   0.2298
  14.250   1.0428   0.08282   0.08057  -0.0038  0.0091  1.0000  -9.2193   0.0000   0.0000   0.0000   0.2380
  14.500   1.0271   0.09105   0.08889  -0.0089  0.0092  1.0000  -9.0408   0.0000   0.0000   0.0000   0.2427
  14.750   1.0082   0.10003   0.09797  -0.0141  0.0093  1.0000  -8.7896   0.0000   0.0000   0.0000   0.2477


