xflr5 v6.61

 Calculated polar for: NACA 0009

 1 1 Reynolds number fixed          Mach number fixed         

 xtrf =   1.000 (top)        1.000 (bottom)
 Mach =   0.000     Re =     0.220 e 6     Ncrit =   9.000

  alpha     CL        CD       CDp       Cm    Top Xtr Bot Xtr   Cpmin    Chinge    XCp    
 ------- -------- --------- --------- -------- ------- ------- -------- --------- ---------
  -9.750  -0.8913   0.05538   0.05104  -0.0198  1.0000  0.0360  -4.6306   0.0000   0.0000   0.0000   0.2201
  -9.500  -0.8753   0.05346   0.04923  -0.0194  1.0000  0.0367  -4.4149   0.0000   0.0000   0.0000   0.2204
  -9.250  -0.8556   0.05428   0.05014  -0.0190  1.0000  0.0424  -4.0684   0.0000   0.0000   0.0000   0.2207
  -9.000  -0.9039   0.03744   0.03143  -0.0141  1.0000  0.0305  -5.1060   0.0000   0.0000   0.0000   0.2270
  -8.750  -0.8942   0.03388   0.02732  -0.0123  1.0000  0.0312  -5.0743   0.0000   0.0000   0.0000   0.2289
  -8.500  -0.8721   0.03268   0.02629  -0.0122  1.0000  0.0327  -4.7909   0.0000   0.0000   0.0000   0.2290
  -8.250  -0.8552   0.03015   0.02338  -0.0109  1.0000  0.0337  -4.6785   0.0000   0.0000   0.0000   0.2304
  -8.000  -0.8366   0.02754   0.02030  -0.0095  1.0000  0.0344  -4.5783   0.0000   0.0000   0.0000   0.2319
  -7.750  -0.8158   0.02546   0.01774  -0.0083  1.0000  0.0354  -4.4532   0.0000   0.0000   0.0000   0.2334
  -7.500  -0.7933   0.02355   0.01575  -0.0076  1.0000  0.0368  -4.2767   0.0000   0.0000   0.0000   0.2342
  -7.250  -0.7699   0.02248   0.01458  -0.0069  1.0000  0.0393  -4.0860   0.0000   0.0000   0.0000   0.2349
  -7.000  -0.7466   0.02106   0.01299  -0.0061  1.0000  0.0417  -3.9260   0.0000   0.0000   0.0000   0.2359
  -6.750  -0.7228   0.01993   0.01184  -0.0054  1.0000  0.0442  -3.7412   0.0000   0.0000   0.0000   0.2368
  -6.500  -0.6994   0.01875   0.01057  -0.0046  1.0000  0.0471  -3.5711   0.0000   0.0000   0.0000   0.2380
  -6.250  -0.6757   0.01796   0.00973  -0.0039  1.0000  0.0515  -3.3768   0.0000   0.0000   0.0000   0.2390
  -6.000  -0.6529   0.01696   0.00879  -0.0030  1.0000  0.0559  -3.1904   0.0000   0.0000   0.0000   0.2403
  -5.750  -0.6302   0.01607   0.00793  -0.0022  1.0000  0.0614  -3.0079   0.0000   0.0000   0.0000   0.2417
  -5.500  -0.6072   0.01532   0.00718  -0.0013  1.0000  0.0693  -2.8412   0.0000   0.0000   0.0000   0.2432
  -5.250  -0.5846   0.01452   0.00644  -0.0004  1.0000  0.0793  -2.6836   0.0000   0.0000   0.0000   0.2449
  -5.000  -0.5621   0.01378   0.00578   0.0005  1.0000  0.0946  -2.5223   0.0000   0.0000   0.0000   0.2466
  -4.750  -0.5398   0.01300   0.00517   0.0014  1.0000  0.1199  -2.3629   0.0000   0.0000   0.0000   0.2485
  -4.500  -0.5181   0.01216   0.00463   0.0023  1.0000  0.1681  -2.2036   0.0000   0.0000   0.0000   0.2505
  -4.250  -0.4965   0.01138   0.00422   0.0032  1.0000  0.2420  -2.0462   0.0000   0.0000   0.0000   0.2525
  -4.000  -0.4746   0.01074   0.00392   0.0040  1.0000  0.3192  -1.8991   0.0000   0.0000   0.0000   0.2548
  -3.750  -0.4522   0.01022   0.00370   0.0049  1.0000  0.3912  -1.7523   0.0000   0.0000   0.0000   0.2574
  -3.500  -0.4297   0.00978   0.00352   0.0059  1.0000  0.4586  -1.6073   0.0000   0.0000   0.0000   0.2603
  -3.250  -0.4070   0.00939   0.00338   0.0069  1.0000  0.5219  -1.4699   0.0000   0.0000   0.0000   0.2637
  -3.000  -0.3842   0.00906   0.00328   0.0080  1.0000  0.5822  -1.3438   0.0000   0.0000   0.0000   0.2677
  -2.750  -0.3613   0.00877   0.00322   0.0091  1.0000  0.6397  -1.2202   0.0000   0.0000   0.0000   0.2723
  -2.500  -0.3384   0.00854   0.00320   0.0104  1.0000  0.6947  -1.1067   0.0000   0.0000   0.0000   0.2778
  -2.250  -0.3156   0.00836   0.00320   0.0117  1.0000  0.7472  -1.0000   0.0000   0.0000   0.0000   0.2845
  -2.000  -0.2932   0.00824   0.00326   0.0133  1.0000  0.7963  -0.9023   0.0000   0.0000   0.0000   0.2928
  -1.750  -0.2711   0.00820   0.00335   0.0150  1.0000  0.8418  -0.8114   0.0000   0.0000   0.0000   0.3030
  -1.500  -0.2484   0.00825   0.00348   0.0167  1.0000  0.8830  -0.7285   0.0000   0.0000   0.0000   0.3149
  -1.250  -0.2219   0.00837   0.00362   0.0175  1.0000  0.9199  -0.6475   0.0000   0.0000   0.0000   0.3269
  -1.000  -0.1859   0.00852   0.00377   0.0163  1.0000  0.9498  -0.5640   0.0000   0.0000   0.0000   0.3354
  -0.750  -0.1406   0.00868   0.00389   0.0128  1.0000  0.9718  -0.4821   0.0000   0.0000   0.0000   0.3389
  -0.500  -0.0877   0.00880   0.00397   0.0076  1.0000  0.9848  -0.4077   0.0000   0.0000   0.0000   0.3343
  -0.250  -0.0331   0.00886   0.00402   0.0019  1.0000  0.9945  -0.3466   0.0000   0.0000   0.0000   0.3042
   0.000   0.0000   0.00886   0.00402  -0.0000  1.0000  1.0000  -0.3101   0.0000   0.0000   0.0000   0.4103
   0.250   0.0331   0.00886   0.00402  -0.0019  0.9944  1.0000  -0.3466   0.0000   0.0000   0.0000   0.3042
   0.500   0.0877   0.00880   0.00397  -0.0076  0.9848  1.0000  -0.4077   0.0000   0.0000   0.0000   0.3343
   0.750   0.1406   0.00868   0.00389  -0.0128  0.9718  1.0000  -0.4820   0.0000   0.0000   0.0000   0.3389
   1.000   0.1859   0.00852   0.00377  -0.0163  0.9498  1.0000  -0.5639   0.0000   0.0000   0.0000   0.3354
   1.250   0.2219   0.00836   0.00362  -0.0175  0.9199  1.0000  -0.6474   0.0000   0.0000   0.0000   0.3269
   1.500   0.2484   0.00825   0.00348  -0.0167  0.8830  1.0000  -0.7285   0.0000   0.0000   0.0000   0.3149
   1.750   0.2710   0.00820   0.00335  -0.0150  0.8419  1.0000  -0.8113   0.0000   0.0000   0.0000   0.3029
   2.000   0.2931   0.00824   0.00326  -0.0133  0.7963  1.0000  -0.9022   0.0000   0.0000   0.0000   0.2928
   2.250   0.3156   0.00836   0.00320  -0.0117  0.7472  1.0000  -0.9999   0.0000   0.0000   0.0000   0.2845
   2.500   0.3384   0.00854   0.00320  -0.0104  0.6947  1.0000  -1.1067   0.0000   0.0000   0.0000   0.2778
   2.750   0.3613   0.00877   0.00322  -0.0091  0.6398  1.0000  -1.2201   0.0000   0.0000   0.0000   0.2723
   3.000   0.3842   0.00906   0.00328  -0.0080  0.5822  1.0000  -1.3437   0.0000   0.0000   0.0000   0.2676
   3.250   0.4070   0.00939   0.00338  -0.0069  0.5219  1.0000  -1.4699   0.0000   0.0000   0.0000   0.2637
   3.500   0.4297   0.00978   0.00352  -0.0059  0.4586  1.0000  -1.6072   0.0000   0.0000   0.0000   0.2603
   3.750   0.4522   0.01022   0.00370  -0.0049  0.3912  1.0000  -1.7522   0.0000   0.0000   0.0000   0.2573
   4.000   0.4745   0.01074   0.00392  -0.0040  0.3192  1.0000  -1.8990   0.0000   0.0000   0.0000   0.2548
   4.250   0.4965   0.01138   0.00422  -0.0032  0.2421  1.0000  -2.0461   0.0000   0.0000   0.0000   0.2525
   4.500   0.5181   0.01216   0.00463  -0.0023  0.1682  1.0000  -2.2036   0.0000   0.0000   0.0000   0.2504
   4.750   0.5398   0.01300   0.00517  -0.0014  0.1199  1.0000  -2.3628   0.0000   0.0000   0.0000   0.2484
   5.000   0.5621   0.01378   0.00578  -0.0005  0.0946  1.0000  -2.5223   0.0000   0.0000   0.0000   0.2466
   5.250   0.5846   0.01452   0.00644   0.0004  0.0793  1.0000  -2.6835   0.0000   0.0000   0.0000   0.2448
   5.500   0.6072   0.01532   0.00718   0.0013  0.0693  1.0000  -2.8412   0.0000   0.0000   0.0000   0.2432
   5.750   0.6302   0.01607   0.00792   0.0022  0.0614  1.0000  -3.0078   0.0000   0.0000   0.0000   0.2417
   6.000   0.6529   0.01696   0.00879   0.0030  0.0559  1.0000  -3.1904   0.0000   0.0000   0.0000   0.2403
   6.250   0.6757   0.01796   0.00973   0.0039  0.0515  1.0000  -3.3768   0.0000   0.0000   0.0000   0.2390
   6.500   0.6994   0.01875   0.01057   0.0046  0.0471  1.0000  -3.5712   0.0000   0.0000   0.0000   0.2380
   6.750   0.7229   0.01993   0.01184   0.0054  0.0442  1.0000  -3.7412   0.0000   0.0000   0.0000   0.2368
   7.000   0.7466   0.02106   0.01299   0.0061  0.0417  1.0000  -3.9261   0.0000   0.0000   0.0000   0.2359
   7.250   0.7699   0.02248   0.01458   0.0069  0.0393  1.0000  -4.0861   0.0000   0.0000   0.0000   0.2350
   7.500   0.7933   0.02355   0.01575   0.0076  0.0368  1.0000  -4.2768   0.0000   0.0000   0.0000   0.2342
   7.750   0.8158   0.02546   0.01774   0.0082  0.0354  1.0000  -4.4533   0.0000   0.0000   0.0000   0.2334
   8.000   0.8366   0.02754   0.02030   0.0095  0.0344  1.0000  -4.5783   0.0000   0.0000   0.0000   0.2320
   8.250   0.8552   0.03016   0.02338   0.0109  0.0337  1.0000  -4.6786   0.0000   0.0000   0.0000   0.2304
   8.500   0.8722   0.03268   0.02629   0.0122  0.0327  1.0000  -4.7911   0.0000   0.0000   0.0000   0.2290
   8.750   0.8943   0.03388   0.02732   0.0123  0.0312  1.0000  -5.0746   0.0000   0.0000   0.0000   0.2289
   9.000   0.9039   0.03744   0.03143   0.0141  0.0305  1.0000  -5.1061   0.0000   0.0000   0.0000   0.2270
   9.250   0.9114   0.04142   0.03586   0.0157  0.0305  1.0000  -5.1126   0.0000   0.0000   0.0000   0.2251
   9.500   0.9175   0.04562   0.04037   0.0170  0.0308  1.0000  -5.1286   0.0000   0.0000   0.0000   0.2236
  14.500   0.5224   0.15377   0.15042  -0.0181  0.0446  1.0000  -1.4356   0.0000   0.0000   0.0000   0.2769
  14.750   0.5235   0.15642   0.15309  -0.0193  0.0430  1.0000  -1.4176   0.0000   0.0000   0.0000   0.2789
  15.000   0.5282   0.15880   0.15548  -0.0198  0.0418  1.0000  -1.4568   0.0000   0.0000   0.0000   0.2794
  15.250   0.5449   0.16210   0.15878  -0.0185  0.0407  1.0000  -1.6271   0.0000   0.0000   0.0000   0.2755
  15.500   0.5300   0.16453   0.16120  -0.0223  0.0398  1.0000  -1.4082   0.0000   0.0000   0.0000   0.2839
  15.750   0.5311   0.16723   0.16390  -0.0238  0.0379  1.0000  -1.3805   0.0000   0.0000   0.0000   0.2864
  16.000   0.5356   0.16967   0.16635  -0.0246  0.0367  1.0000  -1.4071   0.0000   0.0000   0.0000   0.2872
  16.250   0.5449   0.17229   0.16898  -0.0244  0.0359  1.0000  -1.5031   0.0000   0.0000   0.0000   0.2859
  16.500   0.5485   0.17554   0.17223  -0.0253  0.0356  1.0000  -1.4978   0.0000   0.0000   0.0000   0.2871
  16.750   0.5424   0.17820   0.17488  -0.0283  0.0346  1.0000  -1.3430   0.0000   0.0000   0.0000   0.2931
  17.000   0.5448   0.18095   0.17764  -0.0296  0.0333  1.0000  -1.3164   0.0000   0.0000   0.0000   0.2952
  17.250   0.5487   0.18355   0.18024  -0.0307  0.0323  1.0000  -1.3207   0.0000   0.0000   0.0000   0.2966
  17.500   0.5540   0.18606   0.18277  -0.0314  0.0315  1.0000  -1.3537   0.0000   0.0000   0.0000   0.2971
  17.750   0.5650   0.18929   0.18602  -0.0310  0.0310  1.0000  -1.4688   0.0000   0.0000   0.0000   0.2950
  18.000   0.5636   0.19204   0.18876  -0.0331  0.0307  1.0000  -1.3798   0.0000   0.0000   0.0000   0.2986
  18.250   0.5620   0.19476   0.19148  -0.0355  0.0300  1.0000  -1.2600   0.0000   0.0000   0.0000   0.3030
  18.500   0.5651   0.19758   0.19431  -0.0368  0.0289  1.0000  -1.2282   0.0000   0.0000   0.0000   0.3050
  18.750   0.5691   0.20026   0.19699  -0.0380  0.0279  1.0000  -1.2228   0.0000   0.0000   0.0000   0.3063
  19.000   0.5742   0.20278   0.19953  -0.0389  0.0270  1.0000  -1.2521   0.0000   0.0000   0.0000   0.3069
  19.250   0.5862   0.20656   0.20332  -0.0382  0.0264  1.0000  -1.4103   0.0000   0.0000   0.0000   0.3040
  19.500   0.5817   0.20866   0.20542  -0.0411  0.0261  1.0000  -1.2623   0.0000   0.0000   0.0000   0.3095
  19.750   0.5836   0.21161   0.20838  -0.0429  0.0253  1.0000  -1.2038   0.0000   0.0000   0.0000   0.3122
  20.000   0.5873   0.21446   0.21124  -0.0442  0.0244  1.0000  -1.1961   0.0000   0.0000   0.0000   0.3138


