xflr5 v6.61

 Calculated polar for: NACA 0009

 1 1 Reynolds number fixed          Mach number fixed         

 xtrf =   1.000 (top)        1.000 (bottom)
 Mach =   0.000     Re =     0.760 e 6     Ncrit =   9.000

  alpha     CL        CD       CDp       Cm    Top Xtr Bot Xtr   Cpmin    Chinge    XCp    
 ------- -------- --------- --------- -------- ------- ------- -------- --------- ---------
 -10.000  -1.0471   0.02098   0.01563  -0.0086  1.0000  0.0123  -7.8341   0.0000   0.0000   0.0000   0.2326
  -9.750  -1.0263   0.02006   0.01465  -0.0079  1.0000  0.0128  -7.5223   0.0000   0.0000   0.0000   0.2334
  -9.500  -1.0038   0.01938   0.01391  -0.0073  1.0000  0.0133  -7.1992   0.0000   0.0000   0.0000   0.2341
  -9.250  -0.9813   0.01862   0.01305  -0.0067  1.0000  0.0138  -6.8982   0.0000   0.0000   0.0000   0.2349
  -9.000  -0.9587   0.01784   0.01217  -0.0060  1.0000  0.0144  -6.6074   0.0000   0.0000   0.0000   0.2358
  -8.750  -0.9352   0.01718   0.01141  -0.0054  1.0000  0.0149  -6.3129   0.0000   0.0000   0.0000   0.2365
  -8.500  -0.9145   0.01603   0.01016  -0.0044  1.0000  0.0155  -6.0592   0.0000   0.0000   0.0000   0.2377
  -8.250  -0.8913   0.01534   0.00944  -0.0038  1.0000  0.0163  -5.7634   0.0000   0.0000   0.0000   0.2385
  -8.000  -0.8670   0.01481   0.00887  -0.0033  1.0000  0.0171  -5.4656   0.0000   0.0000   0.0000   0.2392
  -7.750  -0.8424   0.01433   0.00830  -0.0028  1.0000  0.0180  -5.1865   0.0000   0.0000   0.0000   0.2400
  -7.500  -0.8190   0.01364   0.00756  -0.0022  1.0000  0.0191  -4.9471   0.0000   0.0000   0.0000   0.2409
  -7.250  -0.7945   0.01315   0.00706  -0.0017  1.0000  0.0204  -4.6883   0.0000   0.0000   0.0000   0.2417
  -7.000  -0.7695   0.01275   0.00661  -0.0012  1.0000  0.0217  -4.4388   0.0000   0.0000   0.0000   0.2425
  -6.750  -0.7456   0.01217   0.00599  -0.0006  1.0000  0.0233  -4.2056   0.0000   0.0000   0.0000   0.2436
  -6.500  -0.7208   0.01177   0.00558  -0.0000  1.0000  0.0251  -3.9603   0.0000   0.0000   0.0000   0.2445
  -6.250  -0.6962   0.01136   0.00513   0.0006  1.0000  0.0272  -3.7262   0.0000   0.0000   0.0000   0.2455
  -6.000  -0.6715   0.01102   0.00479   0.0011  1.0000  0.0300  -3.4889   0.0000   0.0000   0.0000   0.2466
  -5.750  -0.6472   0.01062   0.00440   0.0018  1.0000  0.0333  -3.2629   0.0000   0.0000   0.0000   0.2479
  -5.500  -0.6229   0.01028   0.00406   0.0025  1.0000  0.0373  -3.0509   0.0000   0.0000   0.0000   0.2493
  -5.250  -0.5985   0.00996   0.00375   0.0032  1.0000  0.0426  -2.8549   0.0000   0.0000   0.0000   0.2508
  -5.000  -0.5743   0.00965   0.00347   0.0039  1.0000  0.0502  -2.6620   0.0000   0.0000   0.0000   0.2524
  -4.750  -0.5503   0.00933   0.00321   0.0046  1.0000  0.0605  -2.4737   0.0000   0.0000   0.0000   0.2542
  -4.500  -0.5264   0.00902   0.00297   0.0053  1.0000  0.0758  -2.2893   0.0000   0.0000   0.0000   0.2562
  -4.250  -0.5027   0.00869   0.00276   0.0061  1.0000  0.0981  -2.1092   0.0000   0.0000   0.0000   0.2583
  -4.000  -0.4790   0.00836   0.00256   0.0068  1.0000  0.1270  -1.9469   0.0000   0.0000   0.0000   0.2605
  -3.750  -0.4554   0.00802   0.00238   0.0075  1.0000  0.1642  -1.7923   0.0000   0.0000   0.0000   0.2629
  -3.500  -0.4316   0.00769   0.00224   0.0081  1.0000  0.2073  -1.6409   0.0000   0.0000   0.0000   0.2654
  -3.250  -0.4050   0.00735   0.00210   0.0081  0.9996  0.2573  -1.4861   0.0000   0.0000   0.0000   0.2668
  -3.000  -0.3688   0.00697   0.00196   0.0060  0.9974  0.3169  -1.3255   0.0000   0.0000   0.0000   0.2632
  -2.750  -0.3327   0.00662   0.00184   0.0040  0.9945  0.3759  -1.1703   0.0000   0.0000   0.0000   0.2590
  -2.500  -0.2966   0.00629   0.00172   0.0020  0.9915  0.4337  -1.0324   0.0000   0.0000   0.0000   0.2539
  -2.250  -0.2602   0.00599   0.00163   0.0000  0.9881  0.4895  -0.9035   0.0000   0.0000   0.0000   0.2472
  -2.000  -0.2244   0.00571   0.00154  -0.0018  0.9840  0.5430  -0.7886   0.0000   0.0000   0.0000   0.2392
  -1.750  -0.1900   0.00545   0.00147  -0.0032  0.9785  0.5936  -0.6888   0.0000   0.0000   0.0000   0.2303
  -1.500  -0.1580   0.00522   0.00140  -0.0040  0.9703  0.6409  -0.6039   0.0000   0.0000   0.0000   0.2218
  -1.250  -0.1283   0.00502   0.00136  -0.0042  0.9591  0.6847  -0.5318   0.0000   0.0000   0.0000   0.2143
  -1.000  -0.1005   0.00485   0.00132  -0.0039  0.9458  0.7253  -0.4715   0.0000   0.0000   0.0000   0.2079
  -0.750  -0.0747   0.00471   0.00129  -0.0031  0.9284  0.7628  -0.4213   0.0000   0.0000   0.0000   0.2052
  -0.500  -0.0496   0.00461   0.00126  -0.0022  0.9084  0.7980  -0.3789   0.0000   0.0000   0.0000   0.2038
  -0.250  -0.0248   0.00454   0.00125  -0.0011  0.8854  0.8299  -0.3423   0.0000   0.0000   0.0000   0.2033
   0.000  -0.0000   0.00452   0.00125   0.0000  0.8591  0.8591  -0.3106   0.0000   0.0000   0.0000   0.5296
   0.250   0.0248   0.00454   0.00125   0.0011  0.8299  0.8854  -0.3423   0.0000   0.0000   0.0000   0.2033
   0.500   0.0496   0.00461   0.00126   0.0022  0.7979  0.9084  -0.3789   0.0000   0.0000   0.0000   0.2038
   0.750   0.0747   0.00471   0.00129   0.0031  0.7628  0.9284  -0.4213   0.0000   0.0000   0.0000   0.2052
   1.000   0.1005   0.00485   0.00132   0.0039  0.7253  0.9458  -0.4715   0.0000   0.0000   0.0000   0.2079
   1.250   0.1283   0.00502   0.00136   0.0042  0.6847  0.9592  -0.5318   0.0000   0.0000   0.0000   0.2143
   1.500   0.1580   0.00522   0.00140   0.0040  0.6409  0.9703  -0.6039   0.0000   0.0000   0.0000   0.2218
   1.750   0.1900   0.00545   0.00147   0.0032  0.5936  0.9785  -0.6888   0.0000   0.0000   0.0000   0.2303
   2.000   0.2244   0.00571   0.00154   0.0018  0.5430  0.9840  -0.7886   0.0000   0.0000   0.0000   0.2392
   2.250   0.2602   0.00599   0.00163  -0.0000  0.4895  0.9881  -0.9035   0.0000   0.0000   0.0000   0.2472
   2.500   0.2966   0.00629   0.00172  -0.0020  0.4337  0.9915  -1.0324   0.0000   0.0000   0.0000   0.2539
   2.750   0.3327   0.00662   0.00184  -0.0040  0.3759  0.9945  -1.1703   0.0000   0.0000   0.0000   0.2590
   3.000   0.3688   0.00697   0.00196  -0.0060  0.3169  0.9974  -1.3255   0.0000   0.0000   0.0000   0.2632
   3.250   0.4050   0.00735   0.00210  -0.0081  0.2573  0.9996  -1.4861   0.0000   0.0000   0.0000   0.2668
   3.500   0.4315   0.00769   0.00224  -0.0081  0.2074  1.0000  -1.6408   0.0000   0.0000   0.0000   0.2654
   3.750   0.4553   0.00802   0.00238  -0.0075  0.1643  1.0000  -1.7922   0.0000   0.0000   0.0000   0.2629
   4.000   0.4790   0.00836   0.00255  -0.0068  0.1270  1.0000  -1.9468   0.0000   0.0000   0.0000   0.2605
   4.250   0.5027   0.00869   0.00275  -0.0061  0.0981  1.0000  -2.1091   0.0000   0.0000   0.0000   0.2583
   4.500   0.5264   0.00902   0.00297  -0.0053  0.0758  1.0000  -2.2892   0.0000   0.0000   0.0000   0.2562
   4.750   0.5502   0.00933   0.00321  -0.0046  0.0605  1.0000  -2.4736   0.0000   0.0000   0.0000   0.2542
   5.000   0.5743   0.00965   0.00347  -0.0039  0.0502  1.0000  -2.6618   0.0000   0.0000   0.0000   0.2524
   5.250   0.5985   0.00996   0.00375  -0.0032  0.0426  1.0000  -2.8547   0.0000   0.0000   0.0000   0.2508
   5.500   0.6228   0.01028   0.00406  -0.0025  0.0373  1.0000  -3.0508   0.0000   0.0000   0.0000   0.2493
   5.750   0.6472   0.01062   0.00440  -0.0018  0.0333  1.0000  -3.2628   0.0000   0.0000   0.0000   0.2479
   6.000   0.6714   0.01102   0.00479  -0.0011  0.0300  1.0000  -3.4888   0.0000   0.0000   0.0000   0.2466
   6.250   0.6962   0.01136   0.00513  -0.0006  0.0272  1.0000  -3.7261   0.0000   0.0000   0.0000   0.2455
   6.500   0.7208   0.01177   0.00558   0.0000  0.0251  1.0000  -3.9603   0.0000   0.0000   0.0000   0.2445
   6.750   0.7456   0.01217   0.00599   0.0006  0.0233  1.0000  -4.2055   0.0000   0.0000   0.0000   0.2436
   7.000   0.7695   0.01275   0.00661   0.0012  0.0217  1.0000  -4.4388   0.0000   0.0000   0.0000   0.2425
   7.250   0.7945   0.01315   0.00706   0.0017  0.0204  1.0000  -4.6883   0.0000   0.0000   0.0000   0.2417
   7.500   0.8190   0.01364   0.00756   0.0022  0.0191  1.0000  -4.9471   0.0000   0.0000   0.0000   0.2409
   7.750   0.8424   0.01433   0.00830   0.0028  0.0180  1.0000  -5.1865   0.0000   0.0000   0.0000   0.2400
   8.000   0.8671   0.01481   0.00887   0.0033  0.0171  1.0000  -5.4657   0.0000   0.0000   0.0000   0.2392
   8.250   0.8913   0.01534   0.00944   0.0038  0.0163  1.0000  -5.7636   0.0000   0.0000   0.0000   0.2385
   8.500   0.9145   0.01603   0.01016   0.0044  0.0155  1.0000  -6.0594   0.0000   0.0000   0.0000   0.2377
   8.750   0.9352   0.01718   0.01141   0.0054  0.0149  1.0000  -6.3131   0.0000   0.0000   0.0000   0.2365
   9.000   0.9587   0.01784   0.01217   0.0060  0.0144  1.0000  -6.6077   0.0000   0.0000   0.0000   0.2358
   9.250   0.9814   0.01862   0.01305   0.0067  0.0138  1.0000  -6.8985   0.0000   0.0000   0.0000   0.2349
   9.500   1.0038   0.01938   0.01391   0.0073  0.0133  1.0000  -7.1996   0.0000   0.0000   0.0000   0.2341
   9.750   1.0264   0.02006   0.01465   0.0079  0.0128  1.0000  -7.5228   0.0000   0.0000   0.0000   0.2334
  10.000   1.0471   0.02098   0.01563   0.0086  0.0123  1.0000  -7.8345   0.0000   0.0000   0.0000   0.2326
  10.250   1.0625   0.02290   0.01774   0.0099  0.0118  1.0000  -8.0442   0.0000   0.0000   0.0000   0.2312
  10.500   1.0827   0.02386   0.01886   0.0108  0.0116  1.0000  -8.3304   0.0000   0.0000   0.0000   0.2302
  10.750   1.1008   0.02509   0.02027   0.0118  0.0112  1.0000  -8.5932   0.0000   0.0000   0.0000   0.2292
  11.000   1.1173   0.02649   0.02185   0.0129  0.0109  1.0000  -8.8416   0.0000   0.0000   0.0000   0.2280
  11.250   1.1321   0.02797   0.02351   0.0142  0.0106  1.0000  -9.0826   0.0000   0.0000   0.0000   0.2267
  11.500   1.1453   0.02953   0.02525   0.0155  0.0104  1.0000  -9.3166   0.0000   0.0000   0.0000   0.2254
  11.750   1.1565   0.03116   0.02705   0.0168  0.0102  1.0000  -9.5414   0.0000   0.0000   0.0000   0.2240
  12.000   1.1656   0.03283   0.02889   0.0183  0.0100  1.0000  -9.7584   0.0000   0.0000   0.0000   0.2225
  12.250   1.1715   0.03458   0.03078   0.0200  0.0098  1.0000  -9.9555   0.0000   0.0000   0.0000   0.2208
  12.500   1.1702   0.03645   0.03280   0.0224  0.0097  1.0000  -10.1077   0.0000   0.0000   0.0000   0.2184
  12.750   1.1654   0.03882   0.03532   0.0241  0.0096  1.0000  -10.2255   0.0000   0.0000   0.0000   0.2164
  13.000   1.1568   0.04195   0.03862   0.0246  0.0096  1.0000  -10.2884   0.0000   0.0000   0.0000   0.2154
  13.250   1.1447   0.04618   0.04304   0.0233  0.0095  1.0000  -10.2872   0.0000   0.0000   0.0000   0.2158
  13.500   1.1293   0.05187   0.04894   0.0197  0.0095  1.0000  -10.2147   0.0000   0.0000   0.0000   0.2182
  13.750   1.1099   0.05949   0.05678   0.0138  0.0095  1.0000  -10.0478   0.0000   0.0000   0.0000   0.2228
  14.000   1.0780   0.07091   0.06847   0.0047  0.0096  1.0000  -9.6389   0.0000   0.0000   0.0000   0.2304


