xflr5 v6.61

 Calculated polar for: QX0126

 1 1 Reynolds number fixed          Mach number fixed         

 xtrf =   1.000 (top)        1.000 (bottom)
 Mach =   0.000     Re =     0.520 e 6     Ncrit =   9.000

  alpha     CL        CD       CDp       Cm    Top Xtr Bot Xtr   Cpmin    Chinge    XCp    
 ------- -------- --------- --------- -------- ------- ------- -------- --------- ---------
 -10.000  -0.6834   0.02402   0.01874  -0.0847  0.8849  0.0270  -5.9592   0.0000   0.0000   0.0000   0.1128
  -9.750  -0.6639   0.02236   0.01686  -0.0843  0.8810  0.0277  -5.7988   0.0000   0.0000   0.0000   0.1099
  -9.500  -0.6412   0.02125   0.01570  -0.0842  0.8765  0.0284  -5.6001   0.0000   0.0000   0.0000   0.1057
  -9.250  -0.6171   0.02057   0.01494  -0.0839  0.8731  0.0290  -5.3891   0.0000   0.0000   0.0000   0.1012
  -9.000  -0.5920   0.01990   0.01419  -0.0838  0.8690  0.0297  -5.1797   0.0000   0.0000   0.0000   0.0956
  -8.750  -0.5669   0.01927   0.01345  -0.0836  0.8655  0.0306  -4.9746   0.0000   0.0000   0.0000   0.0897
  -8.500  -0.5413   0.01867   0.01273  -0.0835  0.8620  0.0315  -4.7728   0.0000   0.0000   0.0000   0.0831
  -8.250  -0.5151   0.01813   0.01206  -0.0833  0.8581  0.0322  -4.5722   0.0000   0.0000   0.0000   0.0755
  -8.000  -0.4909   0.01709   0.01089  -0.0830  0.8549  0.0330  -4.4044   0.0000   0.0000   0.0000   0.0682
  -7.750  -0.4654   0.01629   0.01008  -0.0829  0.8506  0.0340  -4.2215   0.0000   0.0000   0.0000   0.0591
  -7.500  -0.4390   0.01584   0.00958  -0.0828  0.8471  0.0352  -4.0292   0.0000   0.0000   0.0000   0.0486
  -7.250  -0.4121   0.01541   0.00909  -0.0827  0.8434  0.0365  -3.8417   0.0000   0.0000   0.0000   0.0363
  -7.000  -0.3851   0.01497   0.00857  -0.0826  0.8396  0.0377  -3.6603   0.0000   0.0000   0.0000   0.0223
  -6.750  -0.3586   0.01443   0.00792  -0.0824  0.8364  0.0388  -3.4993   0.0000   0.0000   0.0000   0.0070
  -6.500  -0.3323   0.01376   0.00728  -0.0823  0.8320  0.0407  -3.3378   0.0000   0.0000   0.0000  -0.0114
  -6.250  -0.3050   0.01342   0.00690  -0.0822  0.8287  0.0427  -3.1679   0.0000   0.0000   0.0000  -0.0337
  -6.000  -0.2770   0.01315   0.00656  -0.0822  0.8249  0.0448  -3.0124   0.0000   0.0000   0.0000  -0.0614
  -5.750  -0.2502   0.01260   0.00601  -0.0821  0.8211  0.0477  -2.8669   0.0000   0.0000   0.0000  -0.0935
  -5.500  -0.2224   0.01233   0.00570  -0.0821  0.8178  0.0508  -2.7142   0.0000   0.0000   0.0000  -0.1352
  -5.250  -0.1947   0.01194   0.00530  -0.0821  0.8133  0.0543  -2.5704   0.0000   0.0000   0.0000  -0.1888
  -5.000  -0.1668   0.01169   0.00501  -0.0820  0.8100  0.0582  -2.4302   0.0000   0.0000   0.0000  -0.2605
  -4.750  -0.1388   0.01138   0.00471  -0.0820  0.8055  0.0628  -2.2938   0.0000   0.0000   0.0000  -0.3626
  -4.500  -0.1105   0.01117   0.00446  -0.0820  0.8020  0.0679  -2.1566   0.0000   0.0000   0.0000  -0.5174
  -4.250  -0.0824   0.01088   0.00422  -0.0821  0.7978  0.0747  -2.0227   0.0000   0.0000   0.0000  -0.7776
  -4.000  -0.0541   0.01065   0.00399  -0.0821  0.7937  0.0834  -1.8901   0.0000   0.0000   0.0000  -1.3123
  -3.750  -0.0257   0.01044   0.00379  -0.0821  0.7899  0.0943  -1.7682   0.0000   0.0000   0.0000  -3.0326
  -3.500   0.0025   0.01017   0.00359  -0.0822  0.7854  0.1079  -1.6475   0.0000   0.0000   0.0000  33.3385
  -3.250   0.0309   0.00997   0.00343  -0.0823  0.7814  0.1242  -1.5279   0.0000   0.0000   0.0000   2.9693
  -3.000   0.0594   0.00976   0.00327  -0.0823  0.7764  0.1414  -1.4106   0.0000   0.0000   0.0000   1.6649
  -2.750   0.0877   0.00954   0.00313  -0.0824  0.7721  0.1623  -1.2956   0.0000   0.0000   0.0000   1.2060
  -2.500   0.1162   0.00934   0.00301  -0.0825  0.7671  0.1894  -1.1827   0.0000   0.0000   0.0000   0.9712
  -2.250   0.1447   0.00914   0.00289  -0.0826  0.7628  0.2191  -1.0743   0.0000   0.0000   0.0000   0.8287
  -2.000   0.1731   0.00893   0.00279  -0.0827  0.7577  0.2526  -0.9736   0.0000   0.0000   0.0000   0.7332
  -1.750   0.2015   0.00872   0.00270  -0.0828  0.7526  0.2909  -0.8753   0.0000   0.0000   0.0000   0.6647
  -1.500   0.2298   0.00848   0.00260  -0.0829  0.7474  0.3418  -0.7793   0.0000   0.0000   0.0000   0.6133
  -1.250   0.2578   0.00820   0.00254  -0.0830  0.7415  0.4056  -0.7021   0.0000   0.0000   0.0000   0.5734
  -1.000   0.2854   0.00787   0.00248  -0.0830  0.7363  0.4950  -0.6403   0.0000   0.0000   0.0000   0.5415
  -0.750   0.3128   0.00759   0.00246  -0.0829  0.7302  0.5816  -0.6600   0.0000   0.0000   0.0000   0.5150
  -0.500   0.3401   0.00737   0.00247  -0.0826  0.7240  0.6549  -0.6804   0.0000   0.0000   0.0000   0.4924
  -0.250   0.3674   0.00722   0.00247  -0.0823  0.7181  0.7149  -0.7023   0.0000   0.0000   0.0000   0.4729
   0.000   0.3947   0.00712   0.00247  -0.0819  0.7116  0.7592  -0.7276   0.0000   0.0000   0.0000   0.4561
   0.250   0.4218   0.00704   0.00248  -0.0815  0.7040  0.7962  -0.7528   0.0000   0.0000   0.0000   0.4413
   0.500   0.4485   0.00697   0.00249  -0.0809  0.6962  0.8304  -0.7788   0.0000   0.0000   0.0000   0.4282
   0.750   0.4741   0.00691   0.00249  -0.0801  0.6879  0.8659  -0.8043   0.0000   0.0000   0.0000   0.4163
   1.000   0.4989   0.00686   0.00249  -0.0790  0.6792  0.9008  -0.8294   0.0000   0.0000   0.0000   0.4055
   1.250   0.5246   0.00684   0.00249  -0.0782  0.6703  0.9351  -0.8568   0.0000   0.0000   0.0000   0.3957
   1.500   0.5579   0.00684   0.00247  -0.0790  0.6616  0.9668  -0.8891   0.0000   0.0000   0.0000   0.3881
   1.750   0.5982   0.00686   0.00246  -0.0816  0.6521  0.9907  -0.9303   0.0000   0.0000   0.0000   0.3825
   2.000   0.6323   0.00692   0.00245  -0.0829  0.6418  1.0000  -0.9703   0.0000   0.0000   0.0000   0.3770
   2.250   0.6592   0.00700   0.00247  -0.0827  0.6309  1.0000  -1.0058   0.0000   0.0000   0.0000   0.3711
   2.500   0.6863   0.00710   0.00251  -0.0826  0.6190  1.0000  -1.0427   0.0000   0.0000   0.0000   0.3657
   2.750   0.7135   0.00720   0.00255  -0.0824  0.6057  1.0000  -1.0804   0.0000   0.0000   0.0000   0.3606
   3.000   0.7406   0.00733   0.00261  -0.0823  0.5928  1.0000  -1.1192   0.0000   0.0000   0.0000   0.3559
   3.250   0.7679   0.00746   0.00269  -0.0822  0.5797  1.0000  -1.1599   0.0000   0.0000   0.0000   0.3516
   3.500   0.7950   0.00762   0.00278  -0.0820  0.5667  1.0000  -1.2056   0.0000   0.0000   0.0000   0.3475
   3.750   0.8221   0.00778   0.00288  -0.0819  0.5528  1.0000  -1.2518   0.0000   0.0000   0.0000   0.3436
   4.250   0.8756   0.00815   0.00313  -0.0816  0.5240  1.0000  -1.3488   0.0000   0.0000   0.0000   0.3366
   4.500   0.9020   0.00836   0.00328  -0.0814  0.5080  1.0000  -1.4019   0.0000   0.0000   0.0000   0.3334
   4.750   0.9282   0.00859   0.00344  -0.0811  0.4915  1.0000  -1.4577   0.0000   0.0000   0.0000   0.3303
   5.000   0.9543   0.00883   0.00361  -0.0809  0.4754  1.0000  -1.5197   0.0000   0.0000   0.0000   0.3273
   5.250   0.9802   0.00908   0.00380  -0.0806  0.4589  1.0000  -1.5835   0.0000   0.0000   0.0000   0.3245
   5.500   1.0058   0.00935   0.00401  -0.0803  0.4414  1.0000  -1.6507   0.0000   0.0000   0.0000   0.3218
   5.750   1.0311   0.00964   0.00423  -0.0800  0.4236  1.0000  -1.7184   0.0000   0.0000   0.0000   0.3193
   6.000   1.0560   0.00994   0.00447  -0.0796  0.4056  1.0000  -1.7882   0.0000   0.0000   0.0000   0.3168
   6.250   1.0806   0.01028   0.00473  -0.0791  0.3869  1.0000  -1.8659   0.0000   0.0000   0.0000   0.3143
   6.500   1.1047   0.01064   0.00501  -0.0787  0.3679  1.0000  -1.9626   0.0000   0.0000   0.0000   0.3120
   6.750   1.1286   0.01101   0.00531  -0.0782  0.3492  1.0000  -2.0645   0.0000   0.0000   0.0000   0.3097
   7.000   1.1520   0.01140   0.00562  -0.0776  0.3307  1.0000  -2.1671   0.0000   0.0000   0.0000   0.3075
   7.250   1.1746   0.01184   0.00598  -0.0769  0.3113  1.0000  -2.2695   0.0000   0.0000   0.0000   0.3053
   7.500   1.1969   0.01229   0.00634  -0.0762  0.2925  1.0000  -2.3730   0.0000   0.0000   0.0000   0.3031
   8.000   1.2403   0.01323   0.00714  -0.0747  0.2578  1.0000  -2.6188   0.0000   0.0000   0.0000   0.2990
   8.250   1.2611   0.01374   0.00757  -0.0738  0.2407  1.0000  -2.7422   0.0000   0.0000   0.0000   0.2969
   8.500   1.2810   0.01427   0.00803  -0.0728  0.2242  1.0000  -2.8653   0.0000   0.0000   0.0000   0.2949
   8.750   1.3001   0.01483   0.00852  -0.0717  0.2080  1.0000  -2.9881   0.0000   0.0000   0.0000   0.2928
   9.000   1.3179   0.01542   0.00904  -0.0704  0.1929  1.0000  -3.1087   0.0000   0.0000   0.0000   0.2907
   9.250   1.3345   0.01599   0.00956  -0.0689  0.1796  1.0000  -3.2278   0.0000   0.0000   0.0000   0.2886
   9.750   1.3661   0.01733   0.01081  -0.0660  0.1569  1.0000  -3.4652   0.0000   0.0000   0.0000   0.2845
  10.000   1.3818   0.01804   0.01151  -0.0647  0.1469  1.0000  -3.5851   0.0000   0.0000   0.0000   0.2826
  10.250   1.3970   0.01879   0.01224  -0.0634  0.1372  1.0000  -3.7051   0.0000   0.0000   0.0000   0.2807
  10.500   1.4118   0.01960   0.01303  -0.0620  0.1277  1.0000  -3.8248   0.0000   0.0000   0.0000   0.2789
  10.750   1.4260   0.02047   0.01387  -0.0607  0.1188  1.0000  -3.9436   0.0000   0.0000   0.0000   0.2771
  11.000   1.4395   0.02139   0.01478  -0.0594  0.1103  1.0000  -4.0613   0.0000   0.0000   0.0000   0.2754
  11.250   1.4523   0.02239   0.01576  -0.0581  0.1023  1.0000  -4.1778   0.0000   0.0000   0.0000   0.2737
  11.500   1.4644   0.02344   0.01681  -0.0568  0.0950  1.0000  -4.2928   0.0000   0.0000   0.0000   0.2720
  11.750   1.4758   0.02457   0.01793  -0.0555  0.0883  1.0000  -4.4061   0.0000   0.0000   0.0000   0.2704
  12.000   1.4862   0.02579   0.01915  -0.0541  0.0820  1.0000  -4.5168   0.0000   0.0000   0.0000   0.2687
  12.250   1.4967   0.02703   0.02039  -0.0529  0.0760  1.0000  -4.6281   0.0000   0.0000   0.0000   0.2672
  12.500   1.5069   0.02830   0.02170  -0.0516  0.0707  1.0000  -4.7427   0.0000   0.0000   0.0000   0.2656
  12.750   1.5147   0.02979   0.02319  -0.0503  0.0659  1.0000  -4.8513   0.0000   0.0000   0.0000   0.2641
  13.000   1.5230   0.03126   0.02468  -0.0491  0.0614  1.0000  -4.9623   0.0000   0.0000   0.0000   0.2627
  13.250   1.5300   0.03287   0.02633  -0.0479  0.0575  1.0000  -5.0676   0.0000   0.0000   0.0000   0.2612
  13.500   1.5359   0.03461   0.02810  -0.0467  0.0539  1.0000  -5.1695   0.0000   0.0000   0.0000   0.2598
  13.750   1.5406   0.03648   0.03001  -0.0455  0.0509  1.0000  -5.2660   0.0000   0.0000   0.0000   0.2585
  14.000   1.5461   0.03833   0.03191  -0.0445  0.0481  1.0000  -5.3658   0.0000   0.0000   0.0000   0.2572
  14.250   1.5461   0.04073   0.03434  -0.0433  0.0456  1.0000  -5.4458   0.0000   0.0000   0.0000   0.2559
  14.500   1.5510   0.04273   0.03643  -0.0425  0.0437  1.0000  -5.5530   0.0000   0.0000   0.0000   0.2548
  14.750   1.5546   0.04493   0.03870  -0.0418  0.0419  1.0000  -5.6558   0.0000   0.0000   0.0000   0.2537
  15.000   1.5549   0.04756   0.04138  -0.0411  0.0403  1.0000  -5.7439   0.0000   0.0000   0.0000   0.2527
  15.250   1.5493   0.05091   0.04478  -0.0405  0.0388  1.0000  -5.8029   0.0000   0.0000   0.0000   0.2519
  15.500   1.5530   0.05334   0.04732  -0.0402  0.0378  1.0000  -5.9039   0.0000   0.0000   0.0000   0.2510
  15.750   1.5543   0.05608   0.05016  -0.0399  0.0367  1.0000  -6.0115   0.0000   0.0000   0.0000   0.2503
  16.000   1.5542   0.05907   0.05324  -0.0398  0.0356  1.0000  -6.1323   0.0000   0.0000   0.0000   0.2497
  16.250   1.5514   0.06244   0.05666  -0.0399  0.0347  1.0000  -6.2378   0.0000   0.0000   0.0000   0.2491
  16.500   1.5451   0.06633   0.06063  -0.0401  0.0338  1.0000  -6.3195   0.0000   0.0000   0.0000   0.2488
  16.750   1.5338   0.07091   0.06529  -0.0404  0.0330  1.0000  -6.3671   0.0000   0.0000   0.0000   0.2486
  17.000   1.5320   0.07438   0.06887  -0.0408  0.0325  1.0000  -6.4747   0.0000   0.0000   0.0000   0.2483
  17.250   1.5299   0.07795   0.07255  -0.0413  0.0319  1.0000  -6.5792   0.0000   0.0000   0.0000   0.2481
  17.500   1.5263   0.08174   0.07645  -0.0420  0.0314  1.0000  -6.6741   0.0000   0.0000   0.0000   0.2480
  17.750   1.5220   0.08570   0.08052  -0.0428  0.0308  1.0000  -6.7632   0.0000   0.0000   0.0000   0.2480
  18.000   1.5173   0.08975   0.08467  -0.0437  0.0303  1.0000  -6.8486   0.0000   0.0000   0.0000   0.2481
  18.250   1.5123   0.09390   0.08890  -0.0447  0.0298  1.0000  -6.9309   0.0000   0.0000   0.0000   0.2482
  18.500   1.5070   0.09814   0.09322  -0.0459  0.0293  1.0000  -7.0099   0.0000   0.0000   0.0000   0.2485
  18.750   1.5009   0.10250   0.09766  -0.0472  0.0289  1.0000  -7.0816   0.0000   0.0000   0.0000   0.2489
  19.000   1.4942   0.10695   0.10218  -0.0486  0.0284  1.0000  -7.1460   0.0000   0.0000   0.0000   0.2494
  19.250   1.4875   0.11131   0.10659  -0.0500  0.0279  1.0000  -7.2069   0.0000   0.0000   0.0000   0.2498
  19.500   1.4827   0.11531   0.11065  -0.0513  0.0274  1.0000  -7.2787   0.0000   0.0000   0.0000   0.2502
  19.750   1.4806   0.11926   0.11471  -0.0529  0.0272  1.0000  -7.3692   0.0000   0.0000   0.0000   0.2507
  20.000   1.4783   0.12326   0.11881  -0.0547  0.0269  1.0000  -7.4561   0.0000   0.0000   0.0000   0.2513


