xflr5 v6.61

 Calculated polar for: QX0126

 1 1 Reynolds number fixed          Mach number fixed         

 xtrf =   1.000 (top)        1.000 (bottom)
 Mach =   0.000     Re =     0.760 e 6     Ncrit =   9.000

  alpha     CL        CD       CDp       Cm    Top Xtr Bot Xtr   Cpmin    Chinge    XCp    
 ------- -------- --------- --------- -------- ------- ------- -------- --------- ---------
 -10.000  -0.7146   0.01826   0.01289  -0.0808  0.8590  0.0236  -6.3324   0.0000   0.0000   0.0000   0.1238
  -9.750  -0.6896   0.01771   0.01228  -0.0806  0.8556  0.0242  -6.0968   0.0000   0.0000   0.0000   0.1201
  -9.500  -0.6634   0.01726   0.01180  -0.0806  0.8521  0.0248  -5.8579   0.0000   0.0000   0.0000   0.1156
  -9.250  -0.6373   0.01680   0.01127  -0.0806  0.8486  0.0254  -5.6267   0.0000   0.0000   0.0000   0.1109
  -8.750  -0.5846   0.01583   0.01014  -0.0804  0.8420  0.0267  -5.1821   0.0000   0.0000   0.0000   0.0999
  -8.500  -0.5575   0.01549   0.00970  -0.0803  0.8387  0.0272  -4.9583   0.0000   0.0000   0.0000   0.0934
  -8.250  -0.5327   0.01461   0.00875  -0.0802  0.8355  0.0281  -4.7639   0.0000   0.0000   0.0000   0.0871
  -8.000  -0.5060   0.01412   0.00824  -0.0801  0.8316  0.0289  -4.5592   0.0000   0.0000   0.0000   0.0792
  -7.750  -0.4789   0.01376   0.00783  -0.0801  0.8285  0.0297  -4.3549   0.0000   0.0000   0.0000   0.0703
  -7.500  -0.4514   0.01339   0.00742  -0.0801  0.8249  0.0307  -4.1544   0.0000   0.0000   0.0000   0.0600
  -7.250  -0.4237   0.01308   0.00705  -0.0801  0.8214  0.0317  -3.9562   0.0000   0.0000   0.0000   0.0483
  -7.000  -0.3958   0.01286   0.00676  -0.0801  0.8183  0.0324  -3.7610   0.0000   0.0000   0.0000   0.0349
  -6.750  -0.3693   0.01217   0.00604  -0.0800  0.8143  0.0341  -3.5960   0.0000   0.0000   0.0000   0.0203
  -6.500  -0.3415   0.01185   0.00570  -0.0800  0.8111  0.0356  -3.4165   0.0000   0.0000   0.0000   0.0024
  -6.250  -0.3134   0.01158   0.00539  -0.0801  0.8077  0.0372  -3.2436   0.0000   0.0000   0.0000  -0.0192
  -6.000  -0.2853   0.01127   0.00503  -0.0801  0.8040  0.0390  -3.0844   0.0000   0.0000   0.0000  -0.0449
  -5.750  -0.2576   0.01091   0.00466  -0.0801  0.8008  0.0420  -2.9263   0.0000   0.0000   0.0000  -0.0756
  -5.500  -0.2291   0.01069   0.00443  -0.0802  0.7966  0.0445  -2.7660   0.0000   0.0000   0.0000  -0.1157
  -5.250  -0.2010   0.01037   0.00409  -0.0802  0.7930  0.0479  -2.6175   0.0000   0.0000   0.0000  -0.1657
  -5.000  -0.1724   0.01018   0.00389  -0.0803  0.7895  0.0512  -2.4712   0.0000   0.0000   0.0000  -0.2340
  -4.750  -0.1439   0.00993   0.00363  -0.0804  0.7854  0.0550  -2.3296   0.0000   0.0000   0.0000  -0.3288
  -4.500  -0.1154   0.00975   0.00343  -0.0804  0.7820  0.0592  -2.1876   0.0000   0.0000   0.0000  -0.4711
  -4.250  -0.0867   0.00951   0.00322  -0.0806  0.7777  0.0651  -2.0493   0.0000   0.0000   0.0000  -0.7081
  -4.000  -0.0582   0.00931   0.00302  -0.0806  0.7741  0.0727  -1.9131   0.0000   0.0000   0.0000  -1.1767
  -3.750  -0.0294   0.00912   0.00288  -0.0808  0.7695  0.0827  -1.7873   0.0000   0.0000   0.0000  -2.5725
  -3.500  -0.0006   0.00896   0.00272  -0.0809  0.7654  0.0937  -1.6636   0.0000   0.0000   0.0000  -127.2845
  -3.250   0.0281   0.00875   0.00257  -0.0810  0.7606  0.1061  -1.5421   0.0000   0.0000   0.0000   3.2000
  -3.000   0.0568   0.00859   0.00245  -0.0811  0.7563  0.1218  -1.4224   0.0000   0.0000   0.0000   1.7070
  -2.750   0.0856   0.00842   0.00234  -0.0813  0.7516  0.1391  -1.3051   0.0000   0.0000   0.0000   1.2158
  -2.500   0.1143   0.00825   0.00222  -0.0814  0.7473  0.1586  -1.1908   0.0000   0.0000   0.0000   0.9729
  -2.250   0.1432   0.00807   0.00213  -0.0816  0.7419  0.1851  -1.0793   0.0000   0.0000   0.0000   0.8274
  -2.000   0.1718   0.00791   0.00204  -0.0817  0.7371  0.2122  -0.9776   0.0000   0.0000   0.0000   0.7307
  -1.750   0.2006   0.00774   0.00197  -0.0819  0.7312  0.2426  -0.8781   0.0000   0.0000   0.0000   0.6616
  -1.500   0.2294   0.00758   0.00190  -0.0820  0.7259  0.2763  -0.7810   0.0000   0.0000   0.0000   0.6099
  -1.250   0.2580   0.00740   0.00183  -0.0822  0.7204  0.3190  -0.7033   0.0000   0.0000   0.0000   0.5699
  -0.750   0.3148   0.00693   0.00175  -0.0825  0.7082  0.4461  -0.6623   0.0000   0.0000   0.0000   0.5120
  -0.500   0.3427   0.00666   0.00174  -0.0825  0.7021  0.5363  -0.6827   0.0000   0.0000   0.0000   0.4902
  -0.250   0.3708   0.00645   0.00174  -0.0826  0.6947  0.6059  -0.7051   0.0000   0.0000   0.0000   0.4715
   0.000   0.3986   0.00629   0.00176  -0.0824  0.6870  0.6740  -0.7307   0.0000   0.0000   0.0000   0.4553
   0.250   0.4265   0.00620   0.00177  -0.0823  0.6787  0.7207  -0.7566   0.0000   0.0000   0.0000   0.4410
   0.500   0.4545   0.00615   0.00179  -0.0822  0.6699  0.7576  -0.7833   0.0000   0.0000   0.0000   0.4284
   0.750   0.4822   0.00611   0.00182  -0.0819  0.6609  0.7903  -0.8099   0.0000   0.0000   0.0000   0.4173
   1.000   0.5094   0.00608   0.00185  -0.0816  0.6526  0.8255  -0.8366   0.0000   0.0000   0.0000   0.4072
   1.250   0.5360   0.00605   0.00190  -0.0811  0.6438  0.8606  -0.8645   0.0000   0.0000   0.0000   0.3980
   1.500   0.5618   0.00603   0.00194  -0.0804  0.6342  0.8925  -0.8921   0.0000   0.0000   0.0000   0.3895
   1.750   0.5868   0.00604   0.00197  -0.0795  0.6237  0.9254  -0.9228   0.0000   0.0000   0.0000   0.3815
   2.000   0.6148   0.00607   0.00199  -0.0792  0.6121  0.9590  -0.9585   0.0000   0.0000   0.0000   0.3747
   2.250   0.6520   0.00613   0.00201  -0.0811  0.5986  0.9869  -1.0015   0.0000   0.0000   0.0000   0.3700
   2.500   0.6865   0.00625   0.00205  -0.0826  0.5845  1.0000  -1.0440   0.0000   0.0000   0.0000   0.3656
   2.750   0.7140   0.00636   0.00211  -0.0825  0.5711  1.0000  -1.0819   0.0000   0.0000   0.0000   0.3606
   3.000   0.7414   0.00651   0.00218  -0.0825  0.5582  1.0000  -1.1210   0.0000   0.0000   0.0000   0.3560
   3.250   0.7688   0.00665   0.00227  -0.0824  0.5448  1.0000  -1.1622   0.0000   0.0000   0.0000   0.3517
   3.500   0.7961   0.00682   0.00237  -0.0823  0.5311  1.0000  -1.2082   0.0000   0.0000   0.0000   0.3477
   3.750   0.8234   0.00698   0.00247  -0.0823  0.5168  1.0000  -1.2546   0.0000   0.0000   0.0000   0.3439
   4.000   0.8504   0.00718   0.00259  -0.0821  0.5014  1.0000  -1.3011   0.0000   0.0000   0.0000   0.3403
   4.250   0.8772   0.00738   0.00273  -0.0820  0.4847  1.0000  -1.3518   0.0000   0.0000   0.0000   0.3369
   4.500   0.9041   0.00759   0.00287  -0.0819  0.4686  1.0000  -1.4054   0.0000   0.0000   0.0000   0.3337
   4.750   0.9308   0.00781   0.00302  -0.0818  0.4529  1.0000  -1.4620   0.0000   0.0000   0.0000   0.3307
   5.000   0.9572   0.00805   0.00319  -0.0816  0.4361  1.0000  -1.5249   0.0000   0.0000   0.0000   0.3278
   5.250   0.9833   0.00830   0.00337  -0.0814  0.4186  1.0000  -1.5901   0.0000   0.0000   0.0000   0.3251
   5.500   1.0093   0.00858   0.00357  -0.0812  0.4013  1.0000  -1.6579   0.0000   0.0000   0.0000   0.3224
   5.750   1.0349   0.00887   0.00378  -0.0809  0.3831  1.0000  -1.7261   0.0000   0.0000   0.0000   0.3199
   6.000   1.0603   0.00918   0.00401  -0.0806  0.3642  1.0000  -1.7970   0.0000   0.0000   0.0000   0.3174
   6.250   1.0854   0.00950   0.00425  -0.0803  0.3456  1.0000  -1.8772   0.0000   0.0000   0.0000   0.3150
   6.500   1.1102   0.00983   0.00451  -0.0799  0.3276  1.0000  -1.9798   0.0000   0.0000   0.0000   0.3127
   6.750   1.1345   0.01020   0.00479  -0.0795  0.3082  1.0000  -2.0829   0.0000   0.0000   0.0000   0.3105
   7.000   1.1584   0.01059   0.00508  -0.0790  0.2889  1.0000  -2.1870   0.0000   0.0000   0.0000   0.3083
   7.250   1.1822   0.01098   0.00540  -0.0785  0.2719  1.0000  -2.2922   0.0000   0.0000   0.0000   0.3062
   7.500   1.2054   0.01139   0.00573  -0.0780  0.2551  1.0000  -2.4034   0.0000   0.0000   0.0000   0.3041
   7.750   1.2280   0.01184   0.00609  -0.0773  0.2369  1.0000  -2.5284   0.0000   0.0000   0.0000   0.3021
   8.000   1.2500   0.01232   0.00647  -0.0766  0.2197  1.0000  -2.6540   0.0000   0.0000   0.0000   0.3000
   8.500   1.2929   0.01327   0.00727  -0.0750  0.1871  1.0000  -2.9085   0.0000   0.0000   0.0000   0.2961
   8.750   1.3138   0.01376   0.00769  -0.0742  0.1742  1.0000  -3.0370   0.0000   0.0000   0.0000   0.2941
   9.000   1.3342   0.01424   0.00813  -0.0732  0.1625  1.0000  -3.1661   0.0000   0.0000   0.0000   0.2922
   9.250   1.3535   0.01476   0.00860  -0.0721  0.1520  1.0000  -3.2939   0.0000   0.0000   0.0000   0.2902
   9.500   1.3708   0.01529   0.00909  -0.0707  0.1423  1.0000  -3.4177   0.0000   0.0000   0.0000   0.2881
  10.000   1.4044   0.01647   0.01021  -0.0680  0.1234  1.0000  -3.6665   0.0000   0.0000   0.0000   0.2842
  10.250   1.4204   0.01713   0.01085  -0.0666  0.1144  1.0000  -3.7908   0.0000   0.0000   0.0000   0.2823
  10.500   1.4358   0.01786   0.01154  -0.0653  0.1058  1.0000  -3.9142   0.0000   0.0000   0.0000   0.2804
  10.750   1.4506   0.01864   0.01230  -0.0639  0.0977  1.0000  -4.0368   0.0000   0.0000   0.0000   0.2786
  11.000   1.4646   0.01950   0.01313  -0.0626  0.0906  1.0000  -4.1580   0.0000   0.0000   0.0000   0.2768
  11.250   1.4793   0.02032   0.01395  -0.0613  0.0840  1.0000  -4.2828   0.0000   0.0000   0.0000   0.2752
  11.500   1.4932   0.02121   0.01484  -0.0601  0.0780  1.0000  -4.4058   0.0000   0.0000   0.0000   0.2735
  11.750   1.5063   0.02218   0.01581  -0.0588  0.0725  1.0000  -4.5268   0.0000   0.0000   0.0000   0.2718
  12.250   1.5307   0.02428   0.01792  -0.0563  0.0622  1.0000  -4.7661   0.0000   0.0000   0.0000   0.2686
  12.500   1.5417   0.02545   0.01910  -0.0550  0.0577  1.0000  -4.8885   0.0000   0.0000   0.0000   0.2671
  12.750   1.5515   0.02672   0.02037  -0.0537  0.0534  1.0000  -5.0078   0.0000   0.0000   0.0000   0.2655
  13.000   1.5619   0.02797   0.02165  -0.0525  0.0499  1.0000  -5.1289   0.0000   0.0000   0.0000   0.2640
  13.250   1.5699   0.02943   0.02312  -0.0511  0.0464  1.0000  -5.2423   0.0000   0.0000   0.0000   0.2626
  13.500   1.5788   0.03084   0.02457  -0.0500  0.0437  1.0000  -5.3583   0.0000   0.0000   0.0000   0.2611
  13.750   1.5864   0.03238   0.02614  -0.0488  0.0411  1.0000  -5.4707   0.0000   0.0000   0.0000   0.2597
  14.000   1.5904   0.03426   0.02805  -0.0475  0.0387  1.0000  -5.5726   0.0000   0.0000   0.0000   0.2583
  14.250   1.5985   0.03582   0.02968  -0.0465  0.0371  1.0000  -5.6985   0.0000   0.0000   0.0000   0.2570
  14.500   1.6038   0.03766   0.03156  -0.0454  0.0355  1.0000  -5.8134   0.0000   0.0000   0.0000   0.2557
  14.750   1.6057   0.03986   0.03380  -0.0443  0.0340  1.0000  -5.9136   0.0000   0.0000   0.0000   0.2545
  15.000   1.6063   0.04227   0.03628  -0.0434  0.0326  1.0000  -6.0427   0.0000   0.0000   0.0000   0.2533
  15.250   1.6125   0.04421   0.03831  -0.0427  0.0318  1.0000  -6.2067   0.0000   0.0000   0.0000   0.2523
  15.500   1.6168   0.04640   0.04057  -0.0421  0.0308  1.0000  -6.3614   0.0000   0.0000   0.0000   0.2513
  15.750   1.6189   0.04887   0.04312  -0.0416  0.0299  1.0000  -6.5039   0.0000   0.0000   0.0000   0.2504
  16.000   1.6187   0.05168   0.04599  -0.0412  0.0291  1.0000  -6.6332   0.0000   0.0000   0.0000   0.2495
  16.250   1.6147   0.05499   0.04937  -0.0409  0.0283  1.0000  -6.7385   0.0000   0.0000   0.0000   0.2488
  16.500   1.6065   0.05893   0.05340  -0.0408  0.0275  1.0000  -6.8142   0.0000   0.0000   0.0000   0.2483
  16.750   1.6080   0.06176   0.05634  -0.0407  0.0271  1.0000  -6.9537   0.0000   0.0000   0.0000   0.2477
  17.000   1.6076   0.06488   0.05956  -0.0409  0.0267  1.0000  -7.0808   0.0000   0.0000   0.0000   0.2472
  17.250   1.6058   0.06824   0.06301  -0.0411  0.0262  1.0000  -7.1991   0.0000   0.0000   0.0000   0.2467
  17.500   1.6029   0.07180   0.06666  -0.0415  0.0258  1.0000  -7.3097   0.0000   0.0000   0.0000   0.2464
  17.750   1.5990   0.07555   0.07051  -0.0420  0.0254  1.0000  -7.4135   0.0000   0.0000   0.0000   0.2462
  18.000   1.5938   0.07953   0.07458  -0.0427  0.0249  1.0000  -7.5077   0.0000   0.0000   0.0000   0.2461
  18.250   1.5870   0.08380   0.07894  -0.0435  0.0246  1.0000  -7.5891   0.0000   0.0000   0.0000   0.2461
  18.500   1.5787   0.08836   0.08359  -0.0446  0.0242  1.0000  -7.6577   0.0000   0.0000   0.0000   0.2463
  18.750   1.5684   0.09325   0.08856  -0.0458  0.0238  1.0000  -7.7101   0.0000   0.0000   0.0000   0.2466
  19.000   1.5565   0.09847   0.09388  -0.0473  0.0235  1.0000  -7.7455   0.0000   0.0000   0.0000   0.2472
  19.250   1.5429   0.10399   0.09949  -0.0491  0.0231  1.0000  -7.7637   0.0000   0.0000   0.0000   0.2480
  19.500   1.5300   0.10945   0.10505  -0.0510  0.0228  1.0000  -7.7820   0.0000   0.0000   0.0000   0.2488
  19.750   1.5255   0.11373   0.10943  -0.0526  0.0226  1.0000  -7.8643   0.0000   0.0000   0.0000   0.2494
  20.000   1.5205   0.11809   0.11389  -0.0544  0.0224  1.0000  -7.9404   0.0000   0.0000   0.0000   0.2500


