xflr5 v6.61

 Calculated polar for: QX0126

 1 1 Reynolds number fixed          Mach number fixed         

 xtrf =   1.000 (top)        1.000 (bottom)
 Mach =   0.000     Re =     1.000 e 6     Ncrit =   9.000

  alpha     CL        CD       CDp       Cm    Top Xtr Bot Xtr   Cpmin    Chinge    XCp    
 ------- -------- --------- --------- -------- ------- ------- -------- --------- ---------
 -10.000  -0.7280   0.01595   0.01067  -0.0790  0.8435  0.0214  -6.4895   0.0000   0.0000   0.0000   0.1284
  -9.750  -0.7015   0.01553   0.01019  -0.0790  0.8401  0.0219  -6.2435   0.0000   0.0000   0.0000   0.1245
  -9.500  -0.6747   0.01518   0.00976  -0.0790  0.8372  0.0224  -5.9987   0.0000   0.0000   0.0000   0.1202
  -9.250  -0.6473   0.01489   0.00941  -0.0790  0.8340  0.0228  -5.7528   0.0000   0.0000   0.0000   0.1153
  -9.000  -0.6225   0.01404   0.00849  -0.0789  0.8306  0.0237  -5.5425   0.0000   0.0000   0.0000   0.1108
  -8.750  -0.5958   0.01362   0.00803  -0.0788  0.8278  0.0243  -5.3102   0.0000   0.0000   0.0000   0.1053
  -8.500  -0.5682   0.01330   0.00768  -0.0789  0.8242  0.0250  -5.0751   0.0000   0.0000   0.0000   0.0988
  -8.250  -0.5406   0.01301   0.00736  -0.0789  0.8208  0.0258  -4.8475   0.0000   0.0000   0.0000   0.0918
  -8.000  -0.5129   0.01273   0.00702  -0.0789  0.8178  0.0265  -4.6329   0.0000   0.0000   0.0000   0.0839
  -7.750  -0.4849   0.01245   0.00670  -0.0789  0.8142  0.0271  -4.4221   0.0000   0.0000   0.0000   0.0749
  -7.500  -0.4579   0.01196   0.00614  -0.0789  0.8109  0.0279  -4.2268   0.0000   0.0000   0.0000   0.0653
  -7.250  -0.4304   0.01155   0.00571  -0.0789  0.8076  0.0290  -4.0273   0.0000   0.0000   0.0000   0.0542
  -7.000  -0.4022   0.01130   0.00545  -0.0790  0.8041  0.0301  -3.8279   0.0000   0.0000   0.0000   0.0410
  -6.750  -0.3740   0.01107   0.00517  -0.0790  0.8011  0.0313  -3.6401   0.0000   0.0000   0.0000   0.0259
  -6.500  -0.3454   0.01086   0.00493  -0.0791  0.7976  0.0323  -3.4553   0.0000   0.0000   0.0000   0.0079
  -6.250  -0.3177   0.01044   0.00448  -0.0791  0.7941  0.0343  -3.2895   0.0000   0.0000   0.0000  -0.0125
  -6.000  -0.2894   0.01020   0.00422  -0.0792  0.7908  0.0362  -3.1216   0.0000   0.0000   0.0000  -0.0375
  -5.750  -0.2607   0.01001   0.00401  -0.0793  0.7867  0.0381  -2.9548   0.0000   0.0000   0.0000  -0.0688
  -5.500  -0.2325   0.00970   0.00369  -0.0793  0.7834  0.0413  -2.7964   0.0000   0.0000   0.0000  -0.1066
  -5.250  -0.2037   0.00952   0.00350  -0.0795  0.7797  0.0440  -2.6410   0.0000   0.0000   0.0000  -0.1565
  -5.000  -0.1751   0.00929   0.00326  -0.0796  0.7759  0.0471  -2.4946   0.0000   0.0000   0.0000  -0.2223
  -4.750  -0.1464   0.00911   0.00308  -0.0797  0.7724  0.0505  -2.3479   0.0000   0.0000   0.0000  -0.3143
  -4.500  -0.1175   0.00893   0.00289  -0.0798  0.7683  0.0541  -2.2045   0.0000   0.0000   0.0000  -0.4524
  -4.250  -0.0888   0.00876   0.00272  -0.0799  0.7648  0.0589  -2.0632   0.0000   0.0000   0.0000  -0.6786
  -4.000  -0.0599   0.00856   0.00255  -0.0801  0.7601  0.0656  -1.9247   0.0000   0.0000   0.0000  -1.1261
  -3.750  -0.0311   0.00839   0.00240  -0.0802  0.7560  0.0748  -1.7975   0.0000   0.0000   0.0000  -2.3950
  -3.500  -0.0021   0.00824   0.00228  -0.0803  0.7511  0.0856  -1.6721   0.0000   0.0000   0.0000  -39.0501
  -3.250   0.0268   0.00809   0.00215  -0.0805  0.7470  0.0963  -1.5493   0.0000   0.0000   0.0000   3.3230
  -3.000   0.0558   0.00793   0.00204  -0.0806  0.7423  0.1079  -1.4286   0.0000   0.0000   0.0000   1.7244
  -2.750   0.0846   0.00779   0.00194  -0.0808  0.7380  0.1239  -1.3106   0.0000   0.0000   0.0000   1.2214
  -2.500   0.1137   0.00764   0.00185  -0.0810  0.7325  0.1412  -1.1950   0.0000   0.0000   0.0000   0.9734
  -2.250   0.1425   0.00749   0.00176  -0.0811  0.7275  0.1614  -1.0826   0.0000   0.0000   0.0000   0.8268
  -2.000   0.1714   0.00734   0.00169  -0.0813  0.7219  0.1878  -0.9794   0.0000   0.0000   0.0000   0.7295
  -1.750   0.2004   0.00720   0.00162  -0.0815  0.7164  0.2133  -0.8794   0.0000   0.0000   0.0000   0.6602
  -1.500   0.2292   0.00707   0.00156  -0.0817  0.7110  0.2423  -0.7819   0.0000   0.0000   0.0000   0.6085
  -1.250   0.2582   0.00692   0.00151  -0.0819  0.7047  0.2750  -0.7042   0.0000   0.0000   0.0000   0.5684
  -1.000   0.2870   0.00678   0.00147  -0.0821  0.6987  0.3141  -0.6431   0.0000   0.0000   0.0000   0.5364
  -0.500   0.3441   0.00638   0.00141  -0.0824  0.6851  0.4347  -0.6839   0.0000   0.0000   0.0000   0.4888
  -0.250   0.3723   0.00613   0.00140  -0.0825  0.6772  0.5215  -0.7064   0.0000   0.0000   0.0000   0.4705
   0.000   0.4006   0.00597   0.00141  -0.0826  0.6686  0.5880  -0.7323   0.0000   0.0000   0.0000   0.4546
   0.250   0.4287   0.00582   0.00143  -0.0826  0.6595  0.6561  -0.7583   0.0000   0.0000   0.0000   0.4407
   0.500   0.4570   0.00576   0.00146  -0.0826  0.6506  0.7013  -0.7852   0.0000   0.0000   0.0000   0.4284
   0.750   0.4853   0.00572   0.00149  -0.0826  0.6422  0.7371  -0.8122   0.0000   0.0000   0.0000   0.4175
   1.000   0.5135   0.00569   0.00153  -0.0825  0.6331  0.7696  -0.8395   0.0000   0.0000   0.0000   0.4077
   1.250   0.5412   0.00567   0.00158  -0.0823  0.6231  0.8060  -0.8681   0.0000   0.0000   0.0000   0.3988
   1.750   0.5951   0.00568   0.00169  -0.0816  0.5995  0.8710  -0.9287   0.0000   0.0000   0.0000   0.3832
   2.000   0.6210   0.00571   0.00174  -0.0810  0.5867  0.9005  -0.9631   0.0000   0.0000   0.0000   0.3763
   2.250   0.6458   0.00575   0.00180  -0.0801  0.5732  0.9342  -0.9971   0.0000   0.0000   0.0000   0.3696
   2.500   0.6750   0.00581   0.00185  -0.0802  0.5595  0.9704  -1.0356   0.0000   0.0000   0.0000   0.3641
   2.750   0.7126   0.00592   0.00190  -0.0823  0.5459  0.9960  -1.0813   0.0000   0.0000   0.0000   0.3605
   3.000   0.7420   0.00606   0.00198  -0.0827  0.5322  1.0000  -1.1220   0.0000   0.0000   0.0000   0.3562
   3.250   0.7696   0.00621   0.00206  -0.0827  0.5187  1.0000  -1.1636   0.0000   0.0000   0.0000   0.3519
   3.500   0.7971   0.00638   0.00216  -0.0826  0.5044  1.0000  -1.2098   0.0000   0.0000   0.0000   0.3479
   3.750   0.8244   0.00656   0.00227  -0.0826  0.4883  1.0000  -1.2563   0.0000   0.0000   0.0000   0.3441
   4.000   0.8516   0.00675   0.00239  -0.0825  0.4718  1.0000  -1.3030   0.0000   0.0000   0.0000   0.3406
   4.250   0.8787   0.00696   0.00252  -0.0824  0.4566  1.0000  -1.3538   0.0000   0.0000   0.0000   0.3372
   4.500   0.9058   0.00716   0.00265  -0.0824  0.4404  1.0000  -1.4079   0.0000   0.0000   0.0000   0.3341
   4.750   0.9326   0.00738   0.00280  -0.0823  0.4236  1.0000  -1.4650   0.0000   0.0000   0.0000   0.3311
   5.000   0.9593   0.00761   0.00296  -0.0821  0.4066  1.0000  -1.5282   0.0000   0.0000   0.0000   0.3282
   5.250   0.9857   0.00787   0.00314  -0.0820  0.3894  1.0000  -1.5945   0.0000   0.0000   0.0000   0.3255
   5.500   1.0118   0.00814   0.00333  -0.0818  0.3714  1.0000  -1.6627   0.0000   0.0000   0.0000   0.3228
   5.750   1.0377   0.00843   0.00353  -0.0816  0.3522  1.0000  -1.7314   0.0000   0.0000   0.0000   0.3203
   6.000   1.0634   0.00873   0.00375  -0.0813  0.3342  1.0000  -1.8028   0.0000   0.0000   0.0000   0.3179
   6.250   1.0888   0.00904   0.00397  -0.0811  0.3167  1.0000  -1.8879   0.0000   0.0000   0.0000   0.3155
   6.500   1.1137   0.00939   0.00423  -0.0807  0.2968  1.0000  -1.9907   0.0000   0.0000   0.0000   0.3133
   6.750   1.1383   0.00974   0.00449  -0.0804  0.2779  1.0000  -2.0948   0.0000   0.0000   0.0000   0.3110
   7.000   1.1629   0.01010   0.00477  -0.0800  0.2617  1.0000  -2.2004   0.0000   0.0000   0.0000   0.3089
   7.250   1.1869   0.01048   0.00507  -0.0795  0.2445  1.0000  -2.3064   0.0000   0.0000   0.0000   0.3068
   7.500   1.2102   0.01091   0.00539  -0.0790  0.2256  1.0000  -2.4211   0.0000   0.0000   0.0000   0.3047
   7.750   1.2334   0.01133   0.00572  -0.0784  0.2092  1.0000  -2.5482   0.0000   0.0000   0.0000   0.3027
   8.000   1.2562   0.01176   0.00607  -0.0778  0.1928  1.0000  -2.6763   0.0000   0.0000   0.0000   0.3007
   8.250   1.2788   0.01219   0.00643  -0.0772  0.1783  1.0000  -2.8060   0.0000   0.0000   0.0000   0.2988
   8.500   1.3010   0.01262   0.00680  -0.0765  0.1662  1.0000  -2.9369   0.0000   0.0000   0.0000   0.2968
   8.750   1.3230   0.01305   0.00718  -0.0758  0.1553  1.0000  -3.0691   0.0000   0.0000   0.0000   0.2950
   9.000   1.3444   0.01349   0.00758  -0.0750  0.1452  1.0000  -3.2019   0.0000   0.0000   0.0000   0.2931
   9.250   1.3652   0.01396   0.00800  -0.0741  0.1352  1.0000  -3.3346   0.0000   0.0000   0.0000   0.2912
   9.500   1.3848   0.01445   0.00845  -0.0730  0.1252  1.0000  -3.4658   0.0000   0.0000   0.0000   0.2893
  10.000   1.4187   0.01555   0.00947  -0.0701  0.1069  1.0000  -3.7180   0.0000   0.0000   0.0000   0.2852
  10.250   1.4350   0.01617   0.01005  -0.0687  0.0987  1.0000  -3.8442   0.0000   0.0000   0.0000   0.2833
  10.500   1.4511   0.01682   0.01068  -0.0674  0.0916  1.0000  -3.9709   0.0000   0.0000   0.0000   0.2814
  10.750   1.4674   0.01747   0.01133  -0.0661  0.0850  1.0000  -4.0996   0.0000   0.0000   0.0000   0.2796
  11.000   1.4829   0.01820   0.01204  -0.0649  0.0789  1.0000  -4.2268   0.0000   0.0000   0.0000   0.2779
  11.250   1.4977   0.01899   0.01281  -0.0636  0.0732  1.0000  -4.3530   0.0000   0.0000   0.0000   0.2761
  11.500   1.5117   0.01984   0.01365  -0.0623  0.0676  1.0000  -4.4777   0.0000   0.0000   0.0000   0.2744
  11.750   1.5264   0.02067   0.01449  -0.0611  0.0628  1.0000  -4.6057   0.0000   0.0000   0.0000   0.2728
  12.000   1.5395   0.02162   0.01544  -0.0598  0.0581  1.0000  -4.7292   0.0000   0.0000   0.0000   0.2712
  12.250   1.5519   0.02263   0.01645  -0.0585  0.0537  1.0000  -4.8536   0.0000   0.0000   0.0000   0.2696
  12.500   1.5647   0.02364   0.01746  -0.0573  0.0499  1.0000  -4.9842   0.0000   0.0000   0.0000   0.2680
  12.750   1.5751   0.02484   0.01866  -0.0559  0.0460  1.0000  -5.1071   0.0000   0.0000   0.0000   0.2665
  13.000   1.5871   0.02592   0.01978  -0.0548  0.0430  1.0000  -5.2366   0.0000   0.0000   0.0000   0.2650
  13.250   1.5963   0.02725   0.02111  -0.0534  0.0399  1.0000  -5.3563   0.0000   0.0000   0.0000   0.2635
  13.500   1.6062   0.02853   0.02243  -0.0522  0.0376  1.0000  -5.4791   0.0000   0.0000   0.0000   0.2620
  13.750   1.6152   0.02991   0.02384  -0.0510  0.0356  1.0000  -5.6014   0.0000   0.0000   0.0000   0.2606
  14.000   1.6210   0.03159   0.02553  -0.0497  0.0335  1.0000  -5.7191   0.0000   0.0000   0.0000   0.2591
  14.250   1.6294   0.03306   0.02707  -0.0486  0.0322  1.0000  -5.8505   0.0000   0.0000   0.0000   0.2578
  14.500   1.6376   0.03458   0.02864  -0.0476  0.0310  1.0000  -6.0275   0.0000   0.0000   0.0000   0.2565
  14.750   1.6436   0.03632   0.03043  -0.0465  0.0297  1.0000  -6.1939   0.0000   0.0000   0.0000   0.2552
  15.000   1.6467   0.03836   0.03250  -0.0454  0.0285  1.0000  -6.3449   0.0000   0.0000   0.0000   0.2540
  15.250   1.6485   0.04061   0.03482  -0.0444  0.0274  1.0000  -6.4875   0.0000   0.0000   0.0000   0.2528
  15.500   1.6552   0.04245   0.03673  -0.0437  0.0269  1.0000  -6.6621   0.0000   0.0000   0.0000   0.2517
  15.750   1.6604   0.04448   0.03884  -0.0430  0.0262  1.0000  -6.8292   0.0000   0.0000   0.0000   0.2506
  16.000   1.6640   0.04674   0.04117  -0.0424  0.0256  1.0000  -6.9875   0.0000   0.0000   0.0000   0.2497
  16.250   1.6661   0.04922   0.04372  -0.0419  0.0249  1.0000  -7.1374   0.0000   0.0000   0.0000   0.2488
  16.500   1.6663   0.05199   0.04654  -0.0416  0.0243  1.0000  -7.2757   0.0000   0.0000   0.0000   0.2479
  16.750   1.6636   0.05514   0.04976  -0.0413  0.0237  1.0000  -7.3954   0.0000   0.0000   0.0000   0.2472
  17.000   1.6564   0.05893   0.05365  -0.0411  0.0230  1.0000  -7.4838   0.0000   0.0000   0.0000   0.2466
  17.250   1.6556   0.06203   0.05684  -0.0412  0.0226  1.0000  -7.6155   0.0000   0.0000   0.0000   0.2460
  17.500   1.6561   0.06501   0.05991  -0.0413  0.0223  1.0000  -7.7567   0.0000   0.0000   0.0000   0.2455
  17.750   1.6548   0.06829   0.06327  -0.0415  0.0220  1.0000  -7.8855   0.0000   0.0000   0.0000   0.2450
  18.000   1.6520   0.07180   0.06687  -0.0419  0.0217  1.0000  -8.0039   0.0000   0.0000   0.0000   0.2447
  18.250   1.6479   0.07554   0.07070  -0.0424  0.0214  1.0000  -8.1129   0.0000   0.0000   0.0000   0.2444
  18.500   1.6425   0.07951   0.07477  -0.0430  0.0211  1.0000  -8.2117   0.0000   0.0000   0.0000   0.2443
  18.750   1.6358   0.08373   0.07908  -0.0439  0.0208  1.0000  -8.2993   0.0000   0.0000   0.0000   0.2442
  19.000   1.6277   0.08820   0.08365  -0.0449  0.0206  1.0000  -8.3756   0.0000   0.0000   0.0000   0.2444
  19.250   1.6185   0.09290   0.08844  -0.0461  0.0203  1.0000  -8.4404   0.0000   0.0000   0.0000   0.2446
  19.500   1.6083   0.09781   0.09345  -0.0475  0.0201  1.0000  -8.4949   0.0000   0.0000   0.0000   0.2450
  19.750   1.5971   0.10294   0.09867  -0.0491  0.0199  1.0000  -8.5385   0.0000   0.0000   0.0000   0.2456
  20.000   1.5850   0.10828   0.10410  -0.0510  0.0197  1.0000  -8.5700   0.0000   0.0000   0.0000   0.2463


