xflr5 v6.61

 Calculated polar for: QX0126

 1 1 Reynolds number fixed          Mach number fixed         

 xtrf =   1.000 (top)        1.000 (bottom)
 Mach =   0.000     Re =     0.320 e 6     Ncrit =   9.000

  alpha     CL        CD       CDp       Cm    Top Xtr Bot Xtr   Cpmin    Chinge    XCp    
 ------- -------- --------- --------- -------- ------- ------- -------- --------- ---------
 -10.000  -0.5837   0.03906   0.03516  -0.0937  0.9347  0.0346  -4.8764   0.0000   0.0000   0.0000   0.0755
  -9.750  -0.5831   0.03532   0.03101  -0.0937  0.9270  0.0350  -4.8833   0.0000   0.0000   0.0000   0.0757
  -9.500  -0.5747   0.03223   0.02753  -0.0935  0.9201  0.0355  -4.8430   0.0000   0.0000   0.0000   0.0739
  -9.250  -0.5615   0.02980   0.02474  -0.0930  0.9143  0.0363  -4.7693   0.0000   0.0000   0.0000   0.0710
  -9.000  -0.5454   0.02784   0.02238  -0.0923  0.9093  0.0373  -4.6727   0.0000   0.0000   0.0000   0.0675
  -8.750  -0.5257   0.02630   0.02047  -0.0919  0.9040  0.0381  -4.5523   0.0000   0.0000   0.0000   0.0620
  -8.500  -0.5070   0.02428   0.01813  -0.0912  0.8999  0.0389  -4.4391   0.0000   0.0000   0.0000   0.0569
  -8.250  -0.4841   0.02289   0.01667  -0.0910  0.8950  0.0398  -4.2745   0.0000   0.0000   0.0000   0.0487
  -8.000  -0.4606   0.02211   0.01580  -0.0905  0.8912  0.0409  -4.0963   0.0000   0.0000   0.0000   0.0402
  -7.750  -0.4358   0.02134   0.01492  -0.0903  0.8864  0.0423  -3.9316   0.0000   0.0000   0.0000   0.0293
  -7.500  -0.4116   0.02051   0.01390  -0.0898  0.8825  0.0437  -3.7803   0.0000   0.0000   0.0000   0.0183
  -7.250  -0.3860   0.01977   0.01296  -0.0895  0.8778  0.0448  -3.6283   0.0000   0.0000   0.0000   0.0044
  -7.000  -0.3621   0.01855   0.01166  -0.0890  0.8739  0.0462  -3.4838   0.0000   0.0000   0.0000  -0.0098
  -6.750  -0.3362   0.01798   0.01110  -0.0888  0.8695  0.0480  -3.3206   0.0000   0.0000   0.0000  -0.0284
  -6.500  -0.3103   0.01748   0.01050  -0.0884  0.8654  0.0503  -3.1687   0.0000   0.0000   0.0000  -0.0497
  -6.250  -0.2837   0.01703   0.00992  -0.0881  0.8612  0.0523  -3.0223   0.0000   0.0000   0.0000  -0.0759
  -6.000  -0.2587   0.01617   0.00911  -0.0878  0.8569  0.0550  -2.8867   0.0000   0.0000   0.0000  -0.1052
  -5.750  -0.2322   0.01575   0.00863  -0.0875  0.8530  0.0582  -2.7487   0.0000   0.0000   0.0000  -0.1435
  -5.500  -0.2059   0.01520   0.00805  -0.0873  0.8486  0.0619  -2.6149   0.0000   0.0000   0.0000  -0.1915
  -5.250  -0.1793   0.01486   0.00769  -0.0870  0.8451  0.0662  -2.4740   0.0000   0.0000   0.0000  -0.2543
  -5.000  -0.1525   0.01442   0.00726  -0.0868  0.8402  0.0708  -2.3490   0.0000   0.0000   0.0000  -0.3406
  -4.750  -0.1255   0.01414   0.00690  -0.0865  0.8367  0.0761  -2.2219   0.0000   0.0000   0.0000  -0.4632
  -4.500  -0.0984   0.01378   0.00660  -0.0864  0.8314  0.0826  -2.0939   0.0000   0.0000   0.0000  -0.6570
  -4.250  -0.0714   0.01345   0.00625  -0.0861  0.8279  0.0906  -1.9679   0.0000   0.0000   0.0000  -0.9936
  -4.000  -0.0440   0.01314   0.00597  -0.0861  0.8228  0.1013  -1.8442   0.0000   0.0000   0.0000  -1.7634
  -3.750  -0.0169   0.01280   0.00568  -0.0859  0.8191  0.1148  -1.7289   0.0000   0.0000   0.0000  -4.9798
  -3.500   0.0108   0.01255   0.00548  -0.0859  0.8139  0.1312  -1.6142   0.0000   0.0000   0.0000   8.4238
  -3.250   0.0382   0.01224   0.00522  -0.0857  0.8102  0.1495  -1.5006   0.0000   0.0000   0.0000   2.5435
  -3.000   0.0658   0.01198   0.00507  -0.0857  0.8048  0.1722  -1.3878   0.0000   0.0000   0.0000   1.5788
  -2.750   0.0934   0.01170   0.00486  -0.0855  0.8010  0.1999  -1.2764   0.0000   0.0000   0.0000   1.1820
  -2.500   0.1210   0.01145   0.00474  -0.0855  0.7952  0.2331  -1.1672   0.0000   0.0000   0.0000   0.9682
  -2.250   0.1487   0.01117   0.00456  -0.0854  0.7912  0.2736  -1.0642   0.0000   0.0000   0.0000   0.8325
  -2.000   0.1761   0.01088   0.00446  -0.0854  0.7854  0.3245  -0.9664   0.0000   0.0000   0.0000   0.7407
  -1.750   0.2033   0.01055   0.00435  -0.0853  0.7807  0.3901  -0.8707   0.0000   0.0000   0.0000   0.6736
  -1.500   0.2300   0.01016   0.00427  -0.0851  0.7755  0.4770  -0.7779   0.0000   0.0000   0.0000   0.6228
  -1.250   0.2563   0.00982   0.00425  -0.0847  0.7699  0.5735  -0.7023   0.0000   0.0000   0.0000   0.5823
  -1.000   0.2823   0.00952   0.00420  -0.0840  0.7651  0.6569  -0.6355   0.0000   0.0000   0.0000   0.5485
  -0.750   0.3080   0.00934   0.00422  -0.0832  0.7587  0.7240  -0.6542   0.0000   0.0000   0.0000   0.5204
  -0.500   0.3337   0.00920   0.00419  -0.0823  0.7531  0.7743  -0.6744   0.0000   0.0000   0.0000   0.4963
  -0.250   0.3594   0.00907   0.00414  -0.0813  0.7474  0.8158  -0.6956   0.0000   0.0000   0.0000   0.4755
   0.000   0.3840   0.00898   0.00413  -0.0802  0.7407  0.8540  -0.7191   0.0000   0.0000   0.0000   0.4574
   0.250   0.4083   0.00890   0.00409  -0.0788  0.7345  0.8909  -0.7428   0.0000   0.0000   0.0000   0.4413
   0.500   0.4346   0.00881   0.00399  -0.0778  0.7287  0.9274  -0.7684   0.0000   0.0000   0.0000   0.4269
   0.750   0.4690   0.00874   0.00391  -0.0787  0.7211  0.9603  -0.7990   0.0000   0.0000   0.0000   0.4154
   1.000   0.5122   0.00868   0.00381  -0.0817  0.7130  0.9857  -0.8353   0.0000   0.0000   0.0000   0.4067
   1.250   0.5536   0.00863   0.00370  -0.0845  0.7045  1.0000  -0.8725   0.0000   0.0000   0.0000   0.3995
   1.500   0.5788   0.00864   0.00363  -0.0840  0.6956  1.0000  -0.8996   0.0000   0.0000   0.0000   0.3917
   1.750   0.6049   0.00866   0.00359  -0.0836  0.6865  1.0000  -0.9326   0.0000   0.0000   0.0000   0.3846
   2.000   0.6316   0.00871   0.00357  -0.0834  0.6776  1.0000  -0.9672   0.0000   0.0000   0.0000   0.3780
   2.250   0.6586   0.00876   0.00357  -0.0832  0.6684  1.0000  -1.0027   0.0000   0.0000   0.0000   0.3720
   2.500   0.6857   0.00882   0.00358  -0.0830  0.6585  1.0000  -1.0394   0.0000   0.0000   0.0000   0.3664
   2.750   0.7129   0.00890   0.00359  -0.0828  0.6480  1.0000  -1.0771   0.0000   0.0000   0.0000   0.3613
   3.000   0.7399   0.00898   0.00363  -0.0825  0.6359  1.0000  -1.1158   0.0000   0.0000   0.0000   0.3565
   3.250   0.7668   0.00907   0.00367  -0.0823  0.6231  1.0000  -1.1558   0.0000   0.0000   0.0000   0.3519
   3.500   0.7937   0.00919   0.00372  -0.0821  0.6101  1.0000  -1.2013   0.0000   0.0000   0.0000   0.3477
   3.750   0.8205   0.00932   0.00381  -0.0818  0.5970  1.0000  -1.2472   0.0000   0.0000   0.0000   0.3438
   4.000   0.8472   0.00947   0.00389  -0.0816  0.5842  1.0000  -1.2934   0.0000   0.0000   0.0000   0.3401
   4.250   0.8737   0.00963   0.00402  -0.0813  0.5699  1.0000  -1.3438   0.0000   0.0000   0.0000   0.3366
   4.500   0.8999   0.00982   0.00415  -0.0810  0.5558  1.0000  -1.3966   0.0000   0.0000   0.0000   0.3332
   4.750   0.9260   0.01003   0.00430  -0.0807  0.5408  1.0000  -1.4519   0.0000   0.0000   0.0000   0.3301
   5.000   0.9517   0.01025   0.00447  -0.0803  0.5247  1.0000  -1.5126   0.0000   0.0000   0.0000   0.3270
   5.250   0.9770   0.01050   0.00466  -0.0799  0.5080  1.0000  -1.5748   0.0000   0.0000   0.0000   0.3241
   5.500   1.0021   0.01077   0.00487  -0.0795  0.4913  1.0000  -1.6410   0.0000   0.0000   0.0000   0.3213
   5.750   1.0268   0.01106   0.00510  -0.0790  0.4747  1.0000  -1.7078   0.0000   0.0000   0.0000   0.3187
   6.000   1.0512   0.01137   0.00535  -0.0785  0.4570  1.0000  -1.7761   0.0000   0.0000   0.0000   0.3161
   6.250   1.0751   0.01170   0.00562  -0.0779  0.4387  1.0000  -1.8527   0.0000   0.0000   0.0000   0.3136
   6.500   1.0986   0.01205   0.00592  -0.0773  0.4203  1.0000  -1.9406   0.0000   0.0000   0.0000   0.3111
   6.750   1.1216   0.01244   0.00624  -0.0766  0.4013  1.0000  -2.0403   0.0000   0.0000   0.0000   0.3088
   7.000   1.1440   0.01285   0.00658  -0.0759  0.3820  1.0000  -2.1405   0.0000   0.0000   0.0000   0.3064
   7.250   1.1660   0.01328   0.00696  -0.0751  0.3628  1.0000  -2.2410   0.0000   0.0000   0.0000   0.3042
   7.500   1.1873   0.01375   0.00736  -0.0742  0.3438  1.0000  -2.3416   0.0000   0.0000   0.0000   0.3019
   7.750   1.2078   0.01425   0.00779  -0.0732  0.3247  1.0000  -2.4514   0.0000   0.0000   0.0000   0.2997
   8.000   1.2275   0.01479   0.00825  -0.0721  0.3058  1.0000  -2.5690   0.0000   0.0000   0.0000   0.2975
   8.250   1.2465   0.01535   0.00875  -0.0710  0.2875  1.0000  -2.6866   0.0000   0.0000   0.0000   0.2954
   8.500   1.2646   0.01595   0.00928  -0.0697  0.2701  1.0000  -2.8033   0.0000   0.0000   0.0000   0.2932
   8.750   1.2816   0.01658   0.00985  -0.0683  0.2540  1.0000  -2.9186   0.0000   0.0000   0.0000   0.2910
   9.000   1.2961   0.01724   0.01046  -0.0666  0.2390  1.0000  -3.0287   0.0000   0.0000   0.0000   0.2887
   9.250   1.3110   0.01793   0.01111  -0.0649  0.2238  1.0000  -3.1410   0.0000   0.0000   0.0000   0.2865
   9.500   1.3250   0.01871   0.01184  -0.0633  0.2095  1.0000  -3.2520   0.0000   0.0000   0.0000   0.2843
   9.750   1.3390   0.01952   0.01261  -0.0618  0.1955  1.0000  -3.3639   0.0000   0.0000   0.0000   0.2823
  10.000   1.3525   0.02039   0.01345  -0.0604  0.1828  1.0000  -3.4753   0.0000   0.0000   0.0000   0.2804
  10.250   1.3657   0.02131   0.01434  -0.0590  0.1707  1.0000  -3.5869   0.0000   0.0000   0.0000   0.2785
  10.500   1.3778   0.02233   0.01533  -0.0575  0.1598  1.0000  -3.6958   0.0000   0.0000   0.0000   0.2766
  10.750   1.3891   0.02343   0.01639  -0.0560  0.1498  1.0000  -3.8031   0.0000   0.0000   0.0000   0.2748
  11.000   1.4012   0.02449   0.01746  -0.0547  0.1397  1.0000  -3.9135   0.0000   0.0000   0.0000   0.2731
  11.250   1.4127   0.02563   0.01860  -0.0534  0.1303  1.0000  -4.0224   0.0000   0.0000   0.0000   0.2714
  11.500   1.4232   0.02685   0.01982  -0.0521  0.1216  1.0000  -4.1290   0.0000   0.0000   0.0000   0.2698
  11.750   1.4327   0.02817   0.02114  -0.0508  0.1135  1.0000  -4.2328   0.0000   0.0000   0.0000   0.2682
  12.000   1.4411   0.02960   0.02257  -0.0494  0.1060  1.0000  -4.3329   0.0000   0.0000   0.0000   0.2666
  12.250   1.4482   0.03116   0.02413  -0.0481  0.0991  1.0000  -4.4293   0.0000   0.0000   0.0000   0.2650
  12.500   1.4561   0.03269   0.02570  -0.0469  0.0925  1.0000  -4.5278   0.0000   0.0000   0.0000   0.2635
  12.750   1.4628   0.03435   0.02739  -0.0457  0.0865  1.0000  -4.6268   0.0000   0.0000   0.0000   0.2621
  13.000   1.4671   0.03625   0.02931  -0.0444  0.0812  1.0000  -4.7179   0.0000   0.0000   0.0000   0.2606
  13.250   1.4718   0.03816   0.03124  -0.0433  0.0761  1.0000  -4.8107   0.0000   0.0000   0.0000   0.2593
  13.500   1.4758   0.04016   0.03330  -0.0422  0.0716  1.0000  -4.8994   0.0000   0.0000   0.0000   0.2580
  13.750   1.4768   0.04250   0.03565  -0.0412  0.0677  1.0000  -4.9780   0.0000   0.0000   0.0000   0.2568
  14.000   1.4802   0.04466   0.03790  -0.0403  0.0640  1.0000  -5.0625   0.0000   0.0000   0.0000   0.2556
  14.250   1.4811   0.04717   0.04044  -0.0396  0.0608  1.0000  -5.1391   0.0000   0.0000   0.0000   0.2545
  14.500   1.4806   0.04989   0.04322  -0.0389  0.0582  1.0000  -5.2064   0.0000   0.0000   0.0000   0.2536
  14.750   1.4833   0.05237   0.04580  -0.0384  0.0555  1.0000  -5.2922   0.0000   0.0000   0.0000   0.2526
  15.000   1.4817   0.05537   0.04883  -0.0380  0.0534  1.0000  -5.3658   0.0000   0.0000   0.0000   0.2519
  15.250   1.4785   0.05858   0.05209  -0.0376  0.0516  1.0000  -5.4289   0.0000   0.0000   0.0000   0.2511
  15.500   1.4803   0.06135   0.05498  -0.0375  0.0497  1.0000  -5.5124   0.0000   0.0000   0.0000   0.2504
  15.750   1.4804   0.06438   0.05809  -0.0375  0.0481  1.0000  -5.5896   0.0000   0.0000   0.0000   0.2499
  16.000   1.4783   0.06768   0.06145  -0.0375  0.0467  1.0000  -5.6578   0.0000   0.0000   0.0000   0.2494
  16.250   1.4729   0.07128   0.06505  -0.0374  0.0454  1.0000  -5.7080   0.0000   0.0000   0.0000   0.2489
  16.500   1.4733   0.07441   0.06832  -0.0376  0.0443  1.0000  -5.7810   0.0000   0.0000   0.0000   0.2484
  16.750   1.4731   0.07765   0.07168  -0.0380  0.0432  1.0000  -5.8515   0.0000   0.0000   0.0000   0.2481
  17.000   1.4724   0.08100   0.07512  -0.0384  0.0421  1.0000  -5.9396   0.0000   0.0000   0.0000   0.2478
  17.250   1.4712   0.08442   0.07862  -0.0389  0.0411  1.0000  -6.0425   0.0000   0.0000   0.0000   0.2476
  17.500   1.4694   0.08790   0.08216  -0.0395  0.0402  1.0000  -6.1423   0.0000   0.0000   0.0000   0.2475
  17.750   1.4684   0.09103   0.08528  -0.0397  0.0392  1.0000  -6.2463   0.0000   0.0000   0.0000   0.2470
  18.000   1.4681   0.09418   0.08851  -0.0400  0.0385  1.0000  -6.3505   0.0000   0.0000   0.0000   0.2467
  18.250   1.4668   0.09778   0.09226  -0.0409  0.0379  1.0000  -6.4458   0.0000   0.0000   0.0000   0.2467
  18.500   1.4657   0.10136   0.09597  -0.0419  0.0372  1.0000  -6.5415   0.0000   0.0000   0.0000   0.2468
  18.750   1.4647   0.10492   0.09964  -0.0429  0.0366  1.0000  -6.6377   0.0000   0.0000   0.0000   0.2469
  19.000   1.4638   0.10847   0.10329  -0.0441  0.0359  1.0000  -6.7349   0.0000   0.0000   0.0000   0.2471
  19.250   1.4634   0.11196   0.10687  -0.0453  0.0353  1.0000  -6.8356   0.0000   0.0000   0.0000   0.2473
  19.500   1.4635   0.11535   0.11033  -0.0466  0.0347  1.0000  -6.9409   0.0000   0.0000   0.0000   0.2475
  19.750   1.4646   0.11853   0.11355  -0.0477  0.0341  1.0000  -7.0529   0.0000   0.0000   0.0000   0.2477
  20.000   1.4668   0.12130   0.11635  -0.0485  0.0335  1.0000  -7.1726   0.0000   0.0000   0.0000   0.2475


