xflr5 v6.61

 Calculated polar for: QX0226

 1 1 Reynolds number fixed          Mach number fixed         

 xtrf =   1.000 (top)        1.000 (bottom)
 Mach =   0.000     Re =     0.700 e 6     Ncrit =   9.000

  alpha     CL        CD       CDp       Cm    Top Xtr Bot Xtr   Cpmin    Chinge    XCp    
 ------- -------- --------- --------- -------- ------- ------- -------- --------- ---------
 -10.000  -0.4857   0.02053   0.01518  -0.1311  0.8278  0.0230  -6.2937   0.0000   0.0000   0.0000  -0.0393
  -9.750  -0.4615   0.01960   0.01422  -0.1312  0.8247  0.0234  -6.0701   0.0000   0.0000   0.0000  -0.0539
  -9.500  -0.4358   0.01899   0.01357  -0.1314  0.8216  0.0238  -5.8404   0.0000   0.0000   0.0000  -0.0714
  -9.250  -0.4100   0.01833   0.01283  -0.1316  0.8182  0.0243  -5.6218   0.0000   0.0000   0.0000  -0.0912
  -9.000  -0.3841   0.01761   0.01195  -0.1317  0.8151  0.0249  -5.4159   0.0000   0.0000   0.0000  -0.1137
  -8.750  -0.3581   0.01689   0.01104  -0.1318  0.8123  0.0255  -5.2147   0.0000   0.0000   0.0000  -0.1395
  -8.500  -0.3317   0.01630   0.01049  -0.1320  0.8089  0.0260  -4.9918   0.0000   0.0000   0.0000  -0.1702
  -8.250  -0.3047   0.01581   0.00994  -0.1322  0.8058  0.0266  -4.7796   0.0000   0.0000   0.0000  -0.2069
  -8.000  -0.2776   0.01529   0.00930  -0.1323  0.8030  0.0273  -4.5846   0.0000   0.0000   0.0000  -0.2508
  -7.750  -0.2505   0.01473   0.00863  -0.1324  0.8001  0.0280  -4.3960   0.0000   0.0000   0.0000  -0.3044
  -7.500  -0.2233   0.01425   0.00818  -0.1326  0.7968  0.0287  -4.1923   0.0000   0.0000   0.0000  -0.3714
  -7.250  -0.1956   0.01387   0.00774  -0.1328  0.7939  0.0296  -4.0011   0.0000   0.0000   0.0000  -0.4590
  -7.000  -0.1676   0.01351   0.00725  -0.1329  0.7913  0.0305  -3.8242   0.0000   0.0000   0.0000  -0.5767
  -6.750  -0.1403   0.01300   0.00678  -0.1331  0.7880  0.0314  -3.6428   0.0000   0.0000   0.0000  -0.7368
  -6.500  -0.1122   0.01266   0.00641  -0.1333  0.7849  0.0324  -3.4624   0.0000   0.0000   0.0000  -0.9828
  -6.250  -0.0842   0.01230   0.00597  -0.1334  0.7822  0.0337  -3.2952   0.0000   0.0000   0.0000  -1.3928
  -6.000  -0.0561   0.01199   0.00566  -0.1336  0.7793  0.0350  -3.1253   0.0000   0.0000   0.0000  -2.2168
  -5.750  -0.0276   0.01172   0.00534  -0.1338  0.7761  0.0364  -2.9645   0.0000   0.0000   0.0000  -4.7594
  -5.500   0.0005   0.01136   0.00499  -0.1340  0.7731  0.0379  -2.8017   0.0000   0.0000   0.0000  259.0589
  -5.250   0.0292   0.01114   0.00470  -0.1342  0.7705  0.0398  -2.6425   0.0000   0.0000   0.0000   4.9771
  -5.000   0.0576   0.01085   0.00445  -0.1345  0.7672  0.0419  -2.4894   0.0000   0.0000   0.0000   2.6502
  -4.750   0.0862   0.01059   0.00416  -0.1347  0.7641  0.0441  -2.3438   0.0000   0.0000   0.0000   1.8538
  -4.500   0.1150   0.01040   0.00394  -0.1349  0.7613  0.0468  -2.1973   0.0000   0.0000   0.0000   1.4516
  -4.250   0.1437   0.01017   0.00372  -0.1351  0.7584  0.0498  -2.0538   0.0000   0.0000   0.0000   1.2119
  -4.000   0.1724   0.00995   0.00351  -0.1354  0.7549  0.0535  -1.9134   0.0000   0.0000   0.0000   1.0518
  -3.750   0.2013   0.00975   0.00331  -0.1356  0.7518  0.0582  -1.7798   0.0000   0.0000   0.0000   0.9369
  -3.500   0.2303   0.00958   0.00313  -0.1359  0.7490  0.0647  -1.6505   0.0000   0.0000   0.0000   0.8506
  -3.250   0.2590   0.00937   0.00297  -0.1361  0.7453  0.0743  -1.5244   0.0000   0.0000   0.0000   0.7841
  -3.000   0.2878   0.00916   0.00282  -0.1364  0.7420  0.0899  -1.3998   0.0000   0.0000   0.0000   0.7307
  -2.750   0.3168   0.00897   0.00269  -0.1367  0.7391  0.1138  -1.2789   0.0000   0.0000   0.0000   0.6870
  -2.500   0.3454   0.00877   0.00261  -0.1369  0.7352  0.1426  -1.1643   0.0000   0.0000   0.0000   0.6509
  -2.250   0.3743   0.00861   0.00253  -0.1372  0.7316  0.1729  -1.0512   0.0000   0.0000   0.0000   0.6201
  -2.000   0.4033   0.00848   0.00245  -0.1375  0.7285  0.2027  -0.9428   0.0000   0.0000   0.0000   0.5937
  -1.750   0.4320   0.00832   0.00242  -0.1377  0.7244  0.2359  -0.8402   0.0000   0.0000   0.0000   0.5709
  -1.500   0.4609   0.00818   0.00236  -0.1380  0.7207  0.2730  -0.7879   0.0000   0.0000   0.0000   0.5509
  -1.250   0.4897   0.00803   0.00233  -0.1383  0.7171  0.3176  -0.8062   0.0000   0.0000   0.0000   0.5333
  -1.000   0.5183   0.00785   0.00231  -0.1386  0.7128  0.3709  -0.8246   0.0000   0.0000   0.0000   0.5177
  -0.750   0.5470   0.00767   0.00229  -0.1389  0.7092  0.4368  -0.8442   0.0000   0.0000   0.0000   0.5036
  -0.500   0.5754   0.00748   0.00232  -0.1391  0.7049  0.5122  -0.8641   0.0000   0.0000   0.0000   0.4911
  -0.250   0.6038   0.00732   0.00233  -0.1393  0.7006  0.5808  -0.8845   0.0000   0.0000   0.0000   0.4795
   0.000   0.6319   0.00721   0.00237  -0.1393  0.6966  0.6431  -0.9054   0.0000   0.0000   0.0000   0.4690
   0.250   0.6600   0.00713   0.00242  -0.1393  0.6918  0.6945  -0.9273   0.0000   0.0000   0.0000   0.4592
   0.500   0.6881   0.00709   0.00244  -0.1393  0.6877  0.7335  -0.9499   0.0000   0.0000   0.0000   0.4502
   0.750   0.7157   0.00704   0.00249  -0.1392  0.6825  0.7691  -0.9725   0.0000   0.0000   0.0000   0.4418
   1.000   0.7432   0.00701   0.00251  -0.1390  0.6781  0.8019  -0.9964   0.0000   0.0000   0.0000   0.4340
   1.250   0.7698   0.00696   0.00256  -0.1386  0.6726  0.8366  -1.0206   0.0000   0.0000   0.0000   0.4268
   1.750   0.8186   0.00684   0.00262  -0.1368  0.6620  0.9222  -1.0682   0.0000   0.0000   0.0000   0.4131
   2.000   0.8519   0.00679   0.00258  -0.1378  0.6568  1.0000  -1.0993   0.0000   0.0000   0.0000   0.4074
   2.250   0.8804   0.00686   0.00263  -0.1380  0.6505  1.0000  -1.1280   0.0000   0.0000   0.0000   0.4021
   2.500   0.9089   0.00693   0.00267  -0.1382  0.6444  1.0000  -1.1572   0.0000   0.0000   0.0000   0.3971
   2.750   0.9371   0.00702   0.00271  -0.1383  0.6382  1.0000  -1.1878   0.0000   0.0000   0.0000   0.3923
   3.000   0.9652   0.00710   0.00278  -0.1384  0.6312  1.0000  -1.2196   0.0000   0.0000   0.0000   0.3878
   3.250   0.9931   0.00720   0.00285  -0.1385  0.6241  1.0000  -1.2517   0.0000   0.0000   0.0000   0.3836
   3.500   1.0207   0.00731   0.00292  -0.1385  0.6168  1.0000  -1.2857   0.0000   0.0000   0.0000   0.3795
   3.750   1.0482   0.00742   0.00301  -0.1386  0.6086  1.0000  -1.3223   0.0000   0.0000   0.0000   0.3756
   4.000   1.0754   0.00753   0.00310  -0.1385  0.5996  1.0000  -1.3591   0.0000   0.0000   0.0000   0.3719
   4.250   1.1023   0.00766   0.00321  -0.1384  0.5901  1.0000  -1.3992   0.0000   0.0000   0.0000   0.3684
   4.500   1.1290   0.00781   0.00332  -0.1383  0.5802  1.0000  -1.4404   0.0000   0.0000   0.0000   0.3649
   4.750   1.1552   0.00797   0.00346  -0.1381  0.5696  1.0000  -1.4825   0.0000   0.0000   0.0000   0.3617
   5.000   1.1809   0.00816   0.00360  -0.1378  0.5580  1.0000  -1.5282   0.0000   0.0000   0.0000   0.3585
   5.250   1.2065   0.00835   0.00376  -0.1375  0.5457  1.0000  -1.5753   0.0000   0.0000   0.0000   0.3554
   5.500   1.2316   0.00856   0.00394  -0.1371  0.5323  1.0000  -1.6255   0.0000   0.0000   0.0000   0.3524
   5.750   1.2556   0.00882   0.00414  -0.1365  0.5177  1.0000  -1.6794   0.0000   0.0000   0.0000   0.3495
   6.000   1.2794   0.00909   0.00436  -0.1359  0.5019  1.0000  -1.7423   0.0000   0.0000   0.0000   0.3466
   6.250   1.3021   0.00941   0.00461  -0.1351  0.4856  1.0000  -1.8121   0.0000   0.0000   0.0000   0.3438
   6.500   1.3238   0.00976   0.00490  -0.1342  0.4676  1.0000  -1.8859   0.0000   0.0000   0.0000   0.3410
   6.750   1.3448   0.01014   0.00520  -0.1332  0.4489  1.0000  -1.9620   0.0000   0.0000   0.0000   0.3383
   7.000   1.3646   0.01057   0.00555  -0.1319  0.4297  1.0000  -2.0414   0.0000   0.0000   0.0000   0.3356
   7.250   1.3836   0.01102   0.00592  -0.1306  0.4110  1.0000  -2.1213   0.0000   0.0000   0.0000   0.3329
   7.500   1.4010   0.01149   0.00632  -0.1289  0.3925  1.0000  -2.2018   0.0000   0.0000   0.0000   0.3302
   7.750   1.4158   0.01200   0.00675  -0.1268  0.3747  1.0000  -2.2786   0.0000   0.0000   0.0000   0.3274
   8.000   1.4314   0.01254   0.00722  -0.1250  0.3576  1.0000  -2.3574   0.0000   0.0000   0.0000   0.3247
   8.250   1.4466   0.01311   0.00774  -0.1231  0.3413  1.0000  -2.4646   0.0000   0.0000   0.0000   0.3221
   8.500   1.4607   0.01377   0.00833  -0.1212  0.3252  1.0000  -2.5705   0.0000   0.0000   0.0000   0.3196
   8.750   1.4750   0.01445   0.00896  -0.1194  0.3086  1.0000  -2.6784   0.0000   0.0000   0.0000   0.3172
   9.000   1.4882   0.01522   0.00966  -0.1176  0.2921  1.0000  -2.7847   0.0000   0.0000   0.0000   0.3148
   9.250   1.5003   0.01608   0.01046  -0.1156  0.2752  1.0000  -2.8895   0.0000   0.0000   0.0000   0.3124
   9.500   1.5124   0.01698   0.01129  -0.1138  0.2582  1.0000  -2.9989   0.0000   0.0000   0.0000   0.3102
   9.750   1.5240   0.01793   0.01218  -0.1120  0.2418  1.0000  -3.1082   0.0000   0.0000   0.0000   0.3079
  10.000   1.5346   0.01898   0.01315  -0.1101  0.2259  1.0000  -3.2159   0.0000   0.0000   0.0000   0.3058
  10.250   1.5448   0.02007   0.01418  -0.1082  0.2101  1.0000  -3.3235   0.0000   0.0000   0.0000   0.3036
  10.500   1.5551   0.02119   0.01524  -0.1064  0.1953  1.0000  -3.4322   0.0000   0.0000   0.0000   0.3016
  10.750   1.5638   0.02242   0.01641  -0.1045  0.1811  1.0000  -3.5376   0.0000   0.0000   0.0000   0.2995
  11.000   1.5728   0.02366   0.01760  -0.1027  0.1668  1.0000  -3.6444   0.0000   0.0000   0.0000   0.2975
  11.250   1.5804   0.02502   0.01890  -0.1009  0.1537  1.0000  -3.7481   0.0000   0.0000   0.0000   0.2956
  11.500   1.5881   0.02639   0.02022  -0.0991  0.1408  1.0000  -3.8528   0.0000   0.0000   0.0000   0.2936
  11.750   1.5948   0.02787   0.02165  -0.0972  0.1294  1.0000  -3.9549   0.0000   0.0000   0.0000   0.2917
  12.000   1.6022   0.02930   0.02306  -0.0955  0.1188  1.0000  -4.0601   0.0000   0.0000   0.0000   0.2899
  12.250   1.6087   0.03083   0.02456  -0.0938  0.1089  1.0000  -4.1633   0.0000   0.0000   0.0000   0.2881
  12.500   1.6146   0.03243   0.02613  -0.0921  0.1000  1.0000  -4.2649   0.0000   0.0000   0.0000   0.2863
  12.750   1.6203   0.03409   0.02778  -0.0905  0.0920  1.0000  -4.3688   0.0000   0.0000   0.0000   0.2846
  13.000   1.6259   0.03580   0.02948  -0.0889  0.0848  1.0000  -4.4744   0.0000   0.0000   0.0000   0.2830
  13.250   1.6315   0.03756   0.03123  -0.0875  0.0784  1.0000  -4.5805   0.0000   0.0000   0.0000   0.2814
  13.500   1.6371   0.03935   0.03303  -0.0861  0.0727  1.0000  -4.6872   0.0000   0.0000   0.0000   0.2798
  13.750   1.6427   0.04119   0.03489  -0.0848  0.0677  1.0000  -4.7942   0.0000   0.0000   0.0000   0.2783
  14.000   1.6479   0.04309   0.03682  -0.0836  0.0633  1.0000  -4.9006   0.0000   0.0000   0.0000   0.2769
  14.250   1.6525   0.04511   0.03885  -0.0824  0.0594  1.0000  -5.0048   0.0000   0.0000   0.0000   0.2755
  14.750   1.6610   0.04930   0.04311  -0.0802  0.0526  1.0000  -5.2121   0.0000   0.0000   0.0000   0.2728
  15.000   1.6645   0.05153   0.04538  -0.0792  0.0498  1.0000  -5.3131   0.0000   0.0000   0.0000   0.2715
  15.250   1.6671   0.05389   0.04777  -0.0782  0.0472  1.0000  -5.4109   0.0000   0.0000   0.0000   0.2703
  15.500   1.6707   0.05619   0.05012  -0.0774  0.0447  1.0000  -5.5207   0.0000   0.0000   0.0000   0.2691
  15.750   1.6716   0.05882   0.05280  -0.0765  0.0424  1.0000  -5.6337   0.0000   0.0000   0.0000   0.2680
  16.000   1.6743   0.06129   0.05533  -0.0758  0.0401  1.0000  -5.7571   0.0000   0.0000   0.0000   0.2669
  16.250   1.6746   0.06408   0.05817  -0.0752  0.0381  1.0000  -5.8691   0.0000   0.0000   0.0000   0.2659
  16.500   1.6744   0.06695   0.06109  -0.0746  0.0360  1.0000  -5.9795   0.0000   0.0000   0.0000   0.2650
  16.750   1.6741   0.06990   0.06410  -0.0741  0.0341  1.0000  -6.0883   0.0000   0.0000   0.0000   0.2641
  17.000   1.6711   0.07321   0.06746  -0.0737  0.0324  1.0000  -6.1840   0.0000   0.0000   0.0000   0.2633
  17.250   1.6704   0.07631   0.07064  -0.0734  0.0307  1.0000  -6.2900   0.0000   0.0000   0.0000   0.2626
  17.500   1.6655   0.07995   0.07433  -0.0732  0.0294  1.0000  -6.3748   0.0000   0.0000   0.0000   0.2620
  17.750   1.6634   0.08330   0.07778  -0.0731  0.0281  1.0000  -6.4724   0.0000   0.0000   0.0000   0.2613
  18.000   1.6586   0.08706   0.08160  -0.0732  0.0270  1.0000  -6.5562   0.0000   0.0000   0.0000   0.2609
  18.250   1.6526   0.09101   0.08563  -0.0734  0.0262  1.0000  -6.6315   0.0000   0.0000   0.0000   0.2605
  18.500   1.6492   0.09468   0.08939  -0.0737  0.0252  1.0000  -6.7198   0.0000   0.0000   0.0000   0.2601
  18.750   1.6433   0.09875   0.09353  -0.0742  0.0245  1.0000  -6.7940   0.0000   0.0000   0.0000   0.2600
  19.000   1.6346   0.10324   0.09809  -0.0749  0.0239  1.0000  -6.8503   0.0000   0.0000   0.0000   0.2600
  19.250   1.6314   0.10700   0.10195  -0.0756  0.0232  1.0000  -6.9393   0.0000   0.0000   0.0000   0.2599
  19.500   1.6268   0.11100   0.10604  -0.0765  0.0226  1.0000  -7.0201   0.0000   0.0000   0.0000   0.2599
  19.750   1.6206   0.11527   0.11038  -0.0776  0.0221  1.0000  -7.0895   0.0000   0.0000   0.0000   0.2601
  20.000   1.6114   0.12005   0.11523  -0.0791  0.0217  1.0000  -7.1360   0.0000   0.0000   0.0000   0.2606


