xflr5 v6.61

 Calculated polar for: QX0026

 1 1 Reynolds number fixed          Mach number fixed         

 xtrf =   1.000 (top)        1.000 (bottom)
 Mach =   0.000     Re =     0.740 e 6     Ncrit =   9.000

  alpha     CL        CD       CDp       Cm    Top Xtr Bot Xtr   Cpmin    Chinge    XCp    
 ------- -------- --------- --------- -------- ------- ------- -------- --------- ---------
 -10.000  -0.5227   0.01895   0.01344  -0.1215  0.7966  0.0224  -6.2525   0.0000   0.0000   0.0000  -0.0009
  -9.750  -0.4973   0.01839   0.01284  -0.1215  0.7935  0.0229  -6.0134   0.0000   0.0000   0.0000  -0.0130
  -9.500  -0.4717   0.01785   0.01222  -0.1216  0.7906  0.0235  -5.7801   0.0000   0.0000   0.0000  -0.0266
  -9.250  -0.4458   0.01733   0.01158  -0.1216  0.7881  0.0241  -5.5524   0.0000   0.0000   0.0000  -0.0419
  -9.000  -0.4194   0.01685   0.01102  -0.1217  0.7851  0.0248  -5.3248   0.0000   0.0000   0.0000  -0.0597
  -8.750  -0.3922   0.01651   0.01056  -0.1218  0.7823  0.0253  -5.0957   0.0000   0.0000   0.0000  -0.0805
  -8.500  -0.3681   0.01551   0.00950  -0.1218  0.7798  0.0261  -4.8975   0.0000   0.0000   0.0000  -0.1012
  -8.250  -0.3413   0.01507   0.00904  -0.1219  0.7771  0.0268  -4.6733   0.0000   0.0000   0.0000  -0.1281
  -8.000  -0.3142   0.01466   0.00859  -0.1220  0.7742  0.0276  -4.4536   0.0000   0.0000   0.0000  -0.1601
  -7.750  -0.2869   0.01427   0.00811  -0.1221  0.7717  0.0284  -4.2531   0.0000   0.0000   0.0000  -0.1984
  -7.500  -0.2591   0.01399   0.00774  -0.1222  0.7694  0.0292  -4.0541   0.0000   0.0000   0.0000  -0.2458
  -7.250  -0.2329   0.01335   0.00708  -0.1222  0.7667  0.0303  -3.8700   0.0000   0.0000   0.0000  -0.3007
  -7.000  -0.2052   0.01301   0.00673  -0.1224  0.7639  0.0314  -3.6743   0.0000   0.0000   0.0000  -0.3743
  -6.750  -0.1773   0.01270   0.00637  -0.1225  0.7614  0.0325  -3.4845   0.0000   0.0000   0.0000  -0.4718
  -6.500  -0.1491   0.01247   0.00604  -0.1226  0.7592  0.0336  -3.3114   0.0000   0.0000   0.0000  -0.6077
  -6.250  -0.1220   0.01196   0.00555  -0.1228  0.7564  0.0351  -3.1486   0.0000   0.0000   0.0000  -0.7973
  -6.000  -0.0937   0.01170   0.00528  -0.1229  0.7536  0.0367  -2.9781   0.0000   0.0000   0.0000  -1.1117
  -5.750  -0.0652   0.01150   0.00501  -0.1231  0.7511  0.0384  -2.8114   0.0000   0.0000   0.0000  -1.7063
  -5.500  -0.0373   0.01116   0.00465  -0.1233  0.7488  0.0406  -2.6540   0.0000   0.0000   0.0000  -3.1662
  -5.250  -0.0088   0.01095   0.00443  -0.1235  0.7458  0.0428  -2.5064   0.0000   0.0000   0.0000  -14.2102
  -5.000   0.0194   0.01065   0.00413  -0.1237  0.7431  0.0454  -2.3627   0.0000   0.0000   0.0000   6.8161
  -4.750   0.0482   0.01048   0.00392  -0.1239  0.7407  0.0482  -2.2179   0.0000   0.0000   0.0000   2.8942
  -4.500   0.0767   0.01025   0.00369  -0.1241  0.7384  0.0521  -2.0761   0.0000   0.0000   0.0000   1.9110
  -4.250   0.1053   0.01003   0.00349  -0.1243  0.7355  0.0567  -1.9368   0.0000   0.0000   0.0000   1.4603
  -4.000   0.1340   0.00983   0.00331  -0.1245  0.7328  0.0627  -1.7999   0.0000   0.0000   0.0000   1.2010
  -3.750   0.1628   0.00965   0.00313  -0.1248  0.7304  0.0715  -1.6729   0.0000   0.0000   0.0000   1.0329
  -3.500   0.1915   0.00946   0.00298  -0.1250  0.7281  0.0854  -1.5507   0.0000   0.0000   0.0000   0.9156
  -3.250   0.2201   0.00925   0.00287  -0.1253  0.7251  0.1045  -1.4305   0.0000   0.0000   0.0000   0.8294
  -3.000   0.2489   0.00907   0.00276  -0.1255  0.7222  0.1263  -1.3115   0.0000   0.0000   0.0000   0.7627
  -2.750   0.2778   0.00892   0.00266  -0.1258  0.7197  0.1491  -1.1945   0.0000   0.0000   0.0000   0.7096
  -2.500   0.3065   0.00877   0.00258  -0.1261  0.7169  0.1751  -1.0805   0.0000   0.0000   0.0000   0.6667
  -2.250   0.3351   0.00859   0.00251  -0.1264  0.7135  0.2054  -0.9767   0.0000   0.0000   0.0000   0.6312
  -2.000   0.3639   0.00841   0.00244  -0.1267  0.7105  0.2420  -0.8760   0.0000   0.0000   0.0000   0.6012
  -1.750   0.3926   0.00824   0.00238  -0.1270  0.7079  0.2896  -0.7782   0.0000   0.0000   0.0000   0.5757
  -1.500   0.4211   0.00806   0.00237  -0.1272  0.7046  0.3388  -0.7917   0.0000   0.0000   0.0000   0.5537
  -1.250   0.4498   0.00791   0.00235  -0.1275  0.7014  0.3851  -0.8082   0.0000   0.0000   0.0000   0.5344
  -1.000   0.4785   0.00776   0.00232  -0.1278  0.6984  0.4369  -0.8249   0.0000   0.0000   0.0000   0.5174
  -0.750   0.5068   0.00760   0.00233  -0.1280  0.6946  0.4934  -0.8425   0.0000   0.0000   0.0000   0.5023
  -0.500   0.5352   0.00746   0.00232  -0.1281  0.6907  0.5471  -0.8624   0.0000   0.0000   0.0000   0.4887
  -0.250   0.5637   0.00736   0.00232  -0.1283  0.6874  0.5988  -0.8824   0.0000   0.0000   0.0000   0.4765
   0.000   0.5917   0.00725   0.00237  -0.1283  0.6834  0.6478  -0.9021   0.0000   0.0000   0.0000   0.4654
   0.250   0.6200   0.00719   0.00240  -0.1284  0.6796  0.6891  -0.9221   0.0000   0.0000   0.0000   0.4552
   0.500   0.6483   0.00715   0.00242  -0.1285  0.6761  0.7238  -0.9442   0.0000   0.0000   0.0000   0.4458
   0.750   0.6761   0.00709   0.00246  -0.1284  0.6716  0.7562  -0.9674   0.0000   0.0000   0.0000   0.4373
   1.000   0.7037   0.00703   0.00247  -0.1283  0.6677  0.7891  -0.9907   0.0000   0.0000   0.0000   0.4293
   1.250   0.7305   0.00697   0.00252  -0.1280  0.6633  0.8277  -1.0135   0.0000   0.0000   0.0000   0.4218
   1.500   0.7554   0.00687   0.00256  -0.1272  0.6586  0.8786  -1.0354   0.0000   0.0000   0.0000   0.4146
   1.750   0.7804   0.00678   0.00257  -0.1263  0.6545  0.9474  -1.0589   0.0000   0.0000   0.0000   0.4077
   2.000   0.8201   0.00676   0.00257  -0.1289  0.6494  1.0001  -1.0942   0.0000   0.0000   0.0000   0.4027
   2.250   0.8483   0.00683   0.00258  -0.1290  0.6449  1.0001  -1.1224   0.0000   0.0000   0.0000   0.3974
   2.500   0.8763   0.00688   0.00263  -0.1291  0.6387  1.0001  -1.1511   0.0000   0.0000   0.0000   0.3923
   2.750   0.9042   0.00695   0.00266  -0.1292  0.6333  1.0001  -1.1802   0.0000   0.0000   0.0000   0.3875
   3.000   0.9322   0.00701   0.00272  -0.1293  0.6273  1.0001  -1.2105   0.0000   0.0000   0.0000   0.3830
   3.250   0.9601   0.00709   0.00278  -0.1294  0.6220  1.0001  -1.2444   0.0000   0.0000   0.0000   0.3788
   3.500   0.9879   0.00717   0.00284  -0.1295  0.6157  1.0001  -1.2789   0.0000   0.0000   0.0000   0.3748
   3.750   1.0155   0.00725   0.00292  -0.1295  0.6090  1.0001  -1.3140   0.0000   0.0000   0.0000   0.3709
   4.000   1.0426   0.00736   0.00299  -0.1295  0.6021  1.0001  -1.3490   0.0000   0.0000   0.0000   0.3672
   4.250   1.0699   0.00746   0.00308  -0.1295  0.5940  1.0001  -1.3842   0.0000   0.0000   0.0000   0.3637
   4.500   1.0967   0.00758   0.00318  -0.1294  0.5856  1.0001  -1.4270   0.0000   0.0000   0.0000   0.3603
   4.750   1.1232   0.00772   0.00330  -0.1293  0.5765  1.0001  -1.4709   0.0000   0.0000   0.0000   0.3571
   5.000   1.1494   0.00787   0.00342  -0.1291  0.5669  1.0001  -1.5149   0.0000   0.0000   0.0000   0.3540
   5.250   1.1754   0.00803   0.00356  -0.1288  0.5566  1.0001  -1.5589   0.0000   0.0000   0.0000   0.3510
   5.500   1.2010   0.00820   0.00371  -0.1285  0.5456  1.0001  -1.6029   0.0000   0.0000   0.0000   0.3480
   5.750   1.2263   0.00839   0.00388  -0.1282  0.5338  1.0001  -1.6471   0.0000   0.0000   0.0000   0.3452
   6.000   1.2510   0.00861   0.00406  -0.1278  0.5211  1.0001  -1.7087   0.0000   0.0000   0.0000   0.3424
   6.250   1.2747   0.00886   0.00427  -0.1272  0.5072  1.0001  -1.7717   0.0000   0.0000   0.0000   0.3397
   6.500   1.2972   0.00916   0.00452  -0.1264  0.4904  1.0001  -1.8363   0.0000   0.0000   0.0000   0.3370
   6.750   1.3177   0.00955   0.00482  -0.1252  0.4683  1.0001  -1.9075   0.0000   0.0000   0.0000   0.3343
   7.000   1.3370   0.00998   0.00515  -0.1239  0.4461  1.0001  -1.9835   0.0000   0.0000   0.0000   0.3315
   7.250   1.3560   0.01043   0.00551  -0.1225  0.4273  1.0001  -2.0617   0.0000   0.0000   0.0000   0.3288
   7.500   1.3746   0.01086   0.00588  -0.1211  0.4087  1.0001  -2.1402   0.0000   0.0000   0.0000   0.3262
   7.750   1.3910   0.01135   0.00629  -0.1193  0.3895  1.0001  -2.2182   0.0000   0.0000   0.0000   0.3235
   8.000   1.4037   0.01191   0.00677  -0.1169  0.3702  1.0001  -2.3163   0.0000   0.0000   0.0000   0.3206
   8.250   1.4164   0.01254   0.00731  -0.1146  0.3517  1.0001  -2.4156   0.0000   0.0000   0.0000   0.3178
   8.500   1.4298   0.01318   0.00789  -0.1125  0.3337  1.0001  -2.5179   0.0000   0.0000   0.0000   0.3152
   8.750   1.4428   0.01389   0.00854  -0.1105  0.3157  1.0001  -2.6200   0.0000   0.0000   0.0000   0.3127
   9.000   1.4543   0.01472   0.00929  -0.1084  0.2985  1.0001  -2.7197   0.0000   0.0000   0.0000   0.3103
   9.250   1.4653   0.01563   0.01013  -0.1064  0.2817  1.0001  -2.8213   0.0000   0.0000   0.0000   0.3079
   9.500   1.4771   0.01655   0.01098  -0.1046  0.2636  1.0001  -2.9304   0.0000   0.0000   0.0000   0.3056
   9.750   1.4871   0.01761   0.01196  -0.1027  0.2457  1.0001  -3.0355   0.0000   0.0000   0.0000   0.3034
  10.000   1.4966   0.01874   0.01302  -0.1008  0.2299  1.0001  -3.1403   0.0000   0.0000   0.0000   0.3013
  10.250   1.5063   0.01989   0.01411  -0.0990  0.2148  1.0001  -3.2466   0.0000   0.0000   0.0000   0.2992
  10.500   1.5161   0.02106   0.01522  -0.0973  0.1986  1.0001  -3.3543   0.0000   0.0000   0.0000   0.2972
  10.750   1.5245   0.02235   0.01645  -0.0955  0.1843  1.0001  -3.4589   0.0000   0.0000   0.0000   0.2952
  11.000   1.5325   0.02367   0.01773  -0.0937  0.1724  1.0001  -3.5632   0.0000   0.0000   0.0000   0.2932
  11.250   1.5422   0.02491   0.01894  -0.0922  0.1601  1.0001  -3.6736   0.0000   0.0000   0.0000   0.2914
  11.500   1.5497   0.02631   0.02028  -0.0905  0.1471  1.0001  -3.7784   0.0000   0.0000   0.0000   0.2895
  11.750   1.5566   0.02776   0.02170  -0.0888  0.1354  1.0001  -3.8818   0.0000   0.0000   0.0000   0.2876
  12.250   1.5696   0.03081   0.02468  -0.0855  0.1157  1.0001  -4.0882   0.0000   0.0000   0.0000   0.2841
  12.500   1.5754   0.03241   0.02626  -0.0838  0.1054  1.0001  -4.1901   0.0000   0.0000   0.0000   0.2823
  12.750   1.5807   0.03410   0.02791  -0.0822  0.0955  1.0001  -4.2910   0.0000   0.0000   0.0000   0.2806
  13.000   1.5854   0.03589   0.02967  -0.0807  0.0867  1.0001  -4.3903   0.0000   0.0000   0.0000   0.2790
  13.250   1.5900   0.03773   0.03150  -0.0793  0.0796  1.0001  -4.4895   0.0000   0.0000   0.0000   0.2774
  13.500   1.5949   0.03957   0.03334  -0.0779  0.0736  1.0001  -4.5931   0.0000   0.0000   0.0000   0.2759
  13.750   1.6003   0.04142   0.03520  -0.0766  0.0682  1.0001  -4.7029   0.0000   0.0000   0.0000   0.2744
  14.000   1.6057   0.04330   0.03710  -0.0755  0.0634  1.0001  -4.8137   0.0000   0.0000   0.0000   0.2730
  14.250   1.6110   0.04524   0.03906  -0.0744  0.0591  1.0001  -4.9244   0.0000   0.0000   0.0000   0.2716
  14.500   1.6156   0.04728   0.04112  -0.0733  0.0552  1.0001  -5.0330   0.0000   0.0000   0.0000   0.2703
  14.750   1.6190   0.04945   0.04331  -0.0722  0.0516  1.0001  -5.1375   0.0000   0.0000   0.0000   0.2690
  15.000   1.6232   0.05158   0.04548  -0.0713  0.0481  1.0001  -5.2453   0.0000   0.0000   0.0000   0.2677
  15.250   1.6272   0.05379   0.04772  -0.0704  0.0449  1.0001  -5.3522   0.0000   0.0000   0.0000   0.2665
  15.500   1.6294   0.05620   0.05017  -0.0695  0.0419  1.0001  -5.4524   0.0000   0.0000   0.0000   0.2653
  15.750   1.6317   0.05866   0.05266  -0.0688  0.0390  1.0001  -5.5558   0.0000   0.0000   0.0000   0.2642
  16.000   1.6337   0.06119   0.05524  -0.0681  0.0365  1.0001  -5.6667   0.0000   0.0000   0.0000   0.2631
  16.500   1.6341   0.06673   0.06088  -0.0668  0.0319  1.0001  -5.8774   0.0000   0.0000   0.0000   0.2612
  16.750   1.6310   0.06997   0.06415  -0.0663  0.0301  1.0001  -5.9672   0.0000   0.0000   0.0000   0.2603
  17.000   1.6320   0.07278   0.06704  -0.0659  0.0284  1.0001  -6.0760   0.0000   0.0000   0.0000   0.2594
  17.250   1.6288   0.07615   0.07046  -0.0656  0.0271  1.0001  -6.1643   0.0000   0.0000   0.0000   0.2587
  17.500   1.6258   0.07952   0.07391  -0.0653  0.0260  1.0001  -6.2526   0.0000   0.0000   0.0000   0.2580
  17.750   1.6243   0.08274   0.07721  -0.0652  0.0250  1.0001  -6.3551   0.0000   0.0000   0.0000   0.2574
  18.000   1.6203   0.08632   0.08086  -0.0652  0.0242  1.0001  -6.4451   0.0000   0.0000   0.0000   0.2568
  18.250   1.6133   0.09038   0.08499  -0.0654  0.0234  1.0001  -6.5167   0.0000   0.0000   0.0000   0.2565
  18.500   1.6078   0.09431   0.08901  -0.0656  0.0228  1.0001  -6.5948   0.0000   0.0000   0.0000   0.2561
  18.750   1.6048   0.09791   0.09271  -0.0660  0.0222  1.0001  -6.6876   0.0000   0.0000   0.0000   0.2558
  19.000   1.6008   0.10170   0.09659  -0.0665  0.0217  1.0001  -6.7737   0.0000   0.0000   0.0000   0.2555
  19.250   1.5953   0.10570   0.10067  -0.0671  0.0212  1.0001  -6.8507   0.0000   0.0000   0.0000   0.2554
  19.500   1.5881   0.11000   0.10505  -0.0678  0.0207  1.0001  -6.9163   0.0000   0.0000   0.0000   0.2554
  19.750   1.5789   0.11467   0.10980  -0.0689  0.0203  1.0001  -6.9666   0.0000   0.0000   0.0000   0.2557
  20.000   1.5666   0.11988   0.11509  -0.0702  0.0199  1.0001  -6.9935   0.0000   0.0000   0.0000   0.2562


