xflr5 v6.61

 Calculated polar for: QX0026

 1 1 Reynolds number fixed          Mach number fixed         

 xtrf =   1.000 (top)        1.000 (bottom)
 Mach =   0.000     Re =     0.480 e 6     Ncrit =   9.000

  alpha     CL        CD       CDp       Cm    Top Xtr Bot Xtr   Cpmin    Chinge    XCp    
 ------- -------- --------- --------- -------- ------- ------- -------- --------- ---------
  -9.750  -0.4718   0.02479   0.01941  -0.1239  0.8189  0.0267  -5.5999   0.0000   0.0000   0.0000  -0.0318
  -9.500  -0.4489   0.02385   0.01834  -0.1239  0.8159  0.0274  -5.4041   0.0000   0.0000   0.0000  -0.0456
  -9.250  -0.4260   0.02280   0.01710  -0.1240  0.8124  0.0282  -5.2232   0.0000   0.0000   0.0000  -0.0607
  -9.000  -0.4026   0.02182   0.01582  -0.1239  0.8094  0.0290  -5.0495   0.0000   0.0000   0.0000  -0.0779
  -8.750  -0.3796   0.02045   0.01428  -0.1239  0.8066  0.0298  -4.8798   0.0000   0.0000   0.0000  -0.0969
  -8.500  -0.3545   0.01966   0.01347  -0.1240  0.8033  0.0305  -4.6737   0.0000   0.0000   0.0000  -0.1208
  -8.250  -0.3287   0.01901   0.01272  -0.1240  0.8005  0.0313  -4.4705   0.0000   0.0000   0.0000  -0.1489
  -8.000  -0.3027   0.01836   0.01194  -0.1240  0.7980  0.0322  -4.2751   0.0000   0.0000   0.0000  -0.1822
  -7.750  -0.2763   0.01779   0.01123  -0.1240  0.7947  0.0333  -4.0895   0.0000   0.0000   0.0000  -0.2227
  -7.500  -0.2507   0.01693   0.01029  -0.1240  0.7919  0.0343  -3.9201   0.0000   0.0000   0.0000  -0.2699
  -7.250  -0.2240   0.01641   0.00975  -0.1241  0.7896  0.0354  -3.7337   0.0000   0.0000   0.0000  -0.3310
  -7.000  -0.1970   0.01593   0.00921  -0.1241  0.7867  0.0366  -3.5563   0.0000   0.0000   0.0000  -0.4093
  -6.750  -0.1698   0.01548   0.00866  -0.1242  0.7836  0.0379  -3.3841   0.0000   0.0000   0.0000  -0.5137
  -6.500  -0.1433   0.01482   0.00797  -0.1242  0.7811  0.0393  -3.2228   0.0000   0.0000   0.0000  -0.6530
  -6.250  -0.1158   0.01447   0.00758  -0.1243  0.7790  0.0410  -3.0577   0.0000   0.0000   0.0000  -0.8668
  -6.000  -0.0881   0.01417   0.00722  -0.1244  0.7757  0.0429  -2.9011   0.0000   0.0000   0.0000  -1.2163
  -5.750  -0.0612   0.01364   0.00671  -0.1244  0.7728  0.0449  -2.7488   0.0000   0.0000   0.0000  -1.8563
  -5.500  -0.0333   0.01333   0.00636  -0.1245  0.7704  0.0473  -2.5935   0.0000   0.0000   0.0000  -3.6243
  -5.250  -0.0057   0.01295   0.00595  -0.1246  0.7678  0.0498  -2.4572   0.0000   0.0000   0.0000  -22.2359
  -5.000   0.0222   0.01269   0.00568  -0.1248  0.7646  0.0529  -2.3176   0.0000   0.0000   0.0000   6.0470
  -4.750   0.0501   0.01236   0.00536  -0.1249  0.7618  0.0566  -2.1808   0.0000   0.0000   0.0000   2.8159
  -4.500   0.0785   0.01209   0.00505  -0.1251  0.7596  0.0610  -2.0458   0.0000   0.0000   0.0000   1.8871
  -4.250   0.1065   0.01185   0.00482  -0.1252  0.7566  0.0664  -1.9128   0.0000   0.0000   0.0000   1.4555
  -4.000   0.1346   0.01159   0.00460  -0.1254  0.7536  0.0739  -1.7810   0.0000   0.0000   0.0000   1.2035
  -3.750   0.1632   0.01135   0.00437  -0.1256  0.7510  0.0851  -1.6587   0.0000   0.0000   0.0000   1.0368
  -3.500   0.1918   0.01110   0.00417  -0.1258  0.7489  0.1022  -1.5400   0.0000   0.0000   0.0000   0.9196
  -3.250   0.2197   0.01088   0.00407  -0.1260  0.7455  0.1252  -1.4234   0.0000   0.0000   0.0000   0.8342
  -3.000   0.2481   0.01067   0.00394  -0.1263  0.7426  0.1513  -1.3069   0.0000   0.0000   0.0000   0.7675
  -2.750   0.2769   0.01047   0.00381  -0.1265  0.7401  0.1804  -1.1914   0.0000   0.0000   0.0000   0.7140
  -2.500   0.3053   0.01029   0.00374  -0.1268  0.7374  0.2143  -1.0793   0.0000   0.0000   0.0000   0.6709
  -2.250   0.3333   0.01007   0.00368  -0.1270  0.7340  0.2569  -0.9782   0.0000   0.0000   0.0000   0.6355
  -2.000   0.3618   0.00985   0.00360  -0.1273  0.7310  0.3099  -0.8782   0.0000   0.0000   0.0000   0.6052
  -1.750   0.3906   0.00967   0.00354  -0.1276  0.7285  0.3635  -0.7807   0.0000   0.0000   0.0000   0.5791
  -1.500   0.4183   0.00950   0.00355  -0.1277  0.7247  0.4164  -0.7863   0.0000   0.0000   0.0000   0.5571
  -1.250   0.4465   0.00931   0.00353  -0.1279  0.7215  0.4737  -0.8026   0.0000   0.0000   0.0000   0.5375
  -1.000   0.4751   0.00915   0.00351  -0.1281  0.7190  0.5351  -0.8192   0.0000   0.0000   0.0000   0.5201
  -0.750   0.5026   0.00902   0.00356  -0.1280  0.7154  0.5898  -0.8372   0.0000   0.0000   0.0000   0.5048
  -0.500   0.5302   0.00890   0.00359  -0.1280  0.7118  0.6444  -0.8566   0.0000   0.0000   0.0000   0.4909
  -0.250   0.5585   0.00881   0.00357  -0.1279  0.7087  0.6916  -0.8766   0.0000   0.0000   0.0000   0.4781
   0.000   0.5856   0.00873   0.00361  -0.1277  0.7043  0.7297  -0.8958   0.0000   0.0000   0.0000   0.4667
   0.250   0.6130   0.00865   0.00360  -0.1275  0.7005  0.7658  -0.9153   0.0000   0.0000   0.0000   0.4562
   0.500   0.6404   0.00858   0.00359  -0.1272  0.6976  0.8036  -0.9371   0.0000   0.0000   0.0000   0.4465
   0.750   0.6652   0.00849   0.00366  -0.1264  0.6931  0.8457  -0.9585   0.0000   0.0000   0.0000   0.4375
   1.000   0.6893   0.00838   0.00365  -0.1253  0.6893  0.8972  -0.9799   0.0000   0.0000   0.0000   0.4288
   1.250   0.7217   0.00829   0.00361  -0.1259  0.6852  0.9619  -1.0059   0.0000   0.0000   0.0000   0.4212
   1.500   0.7604   0.00828   0.00358  -0.1284  0.6806  1.0001  -1.0355   0.0000   0.0000   0.0000   0.4152
   1.750   0.7893   0.00832   0.00354  -0.1286  0.6769  1.0001  -1.0617   0.0000   0.0000   0.0000   0.4090
   2.000   0.8165   0.00838   0.00360  -0.1286  0.6717  1.0001  -1.0890   0.0000   0.0000   0.0000   0.4032
   2.250   0.8450   0.00842   0.00358  -0.1288  0.6673  1.0001  -1.1174   0.0000   0.0000   0.0000   0.3978
   2.500   0.8725   0.00848   0.00364  -0.1288  0.6622  1.0001  -1.1454   0.0000   0.0000   0.0000   0.3927
   2.750   0.9006   0.00853   0.00366  -0.1289  0.6574  1.0001  -1.1746   0.0000   0.0000   0.0000   0.3879
   3.000   0.9280   0.00859   0.00371  -0.1289  0.6516  1.0001  -1.2047   0.0000   0.0000   0.0000   0.3833
   3.250   0.9559   0.00864   0.00372  -0.1290  0.6459  1.0001  -1.2387   0.0000   0.0000   0.0000   0.3790
   3.500   0.9829   0.00871   0.00380  -0.1289  0.6396  1.0001  -1.2722   0.0000   0.0000   0.0000   0.3748
   3.750   1.0109   0.00879   0.00383  -0.1290  0.6346  1.0001  -1.3076   0.0000   0.0000   0.0000   0.3710
   4.000   1.0377   0.00886   0.00394  -0.1289  0.6278  1.0001  -1.3422   0.0000   0.0000   0.0000   0.3673
   4.250   1.0647   0.00895   0.00401  -0.1288  0.6212  1.0001  -1.3772   0.0000   0.0000   0.0000   0.3637
   4.500   1.0915   0.00903   0.00409  -0.1287  0.6140  1.0001  -1.4195   0.0000   0.0000   0.0000   0.3603
   4.750   1.1180   0.00913   0.00420  -0.1285  0.6062  1.0001  -1.4632   0.0000   0.0000   0.0000   0.3570
   5.000   1.1441   0.00924   0.00430  -0.1283  0.5977  1.0001  -1.5071   0.0000   0.0000   0.0000   0.3538
   5.250   1.1699   0.00937   0.00441  -0.1280  0.5885  1.0001  -1.5510   0.0000   0.0000   0.0000   0.3508
   5.500   1.1953   0.00952   0.00454  -0.1276  0.5787  1.0001  -1.5948   0.0000   0.0000   0.0000   0.3478
   5.750   1.2203   0.00969   0.00469  -0.1272  0.5684  1.0001  -1.6387   0.0000   0.0000   0.0000   0.3449
   6.000   1.2449   0.00987   0.00487  -0.1267  0.5575  1.0001  -1.6985   0.0000   0.0000   0.0000   0.3421
   6.250   1.2691   0.01007   0.00506  -0.1262  0.5463  1.0001  -1.7621   0.0000   0.0000   0.0000   0.3394
   6.500   1.2927   0.01029   0.00527  -0.1255  0.5338  1.0001  -1.8276   0.0000   0.0000   0.0000   0.3367
   6.750   1.3152   0.01055   0.00551  -0.1247  0.5198  1.0001  -1.9004   0.0000   0.0000   0.0000   0.3340
   7.000   1.3357   0.01088   0.00578  -0.1235  0.5031  1.0001  -1.9771   0.0000   0.0000   0.0000   0.3313
   7.500   1.3715   0.01172   0.00648  -0.1203  0.4623  1.0001  -2.1308   0.0000   0.0000   0.0000   0.3258
   7.750   1.3881   0.01218   0.00689  -0.1185  0.4438  1.0001  -2.2078   0.0000   0.0000   0.0000   0.3231
   8.000   1.4012   0.01270   0.00734  -0.1161  0.4263  1.0001  -2.3036   0.0000   0.0000   0.0000   0.3202
   8.250   1.4131   0.01330   0.00787  -0.1136  0.4079  1.0001  -2.4007   0.0000   0.0000   0.0000   0.3173
   8.500   1.4242   0.01399   0.00849  -0.1112  0.3884  1.0001  -2.4969   0.0000   0.0000   0.0000   0.3146
   8.750   1.4345   0.01478   0.00922  -0.1087  0.3699  1.0001  -2.5920   0.0000   0.0000   0.0000   0.3119
   9.000   1.4443   0.01566   0.01003  -0.1064  0.3524  1.0001  -2.6869   0.0000   0.0000   0.0000   0.3093
   9.250   1.4552   0.01655   0.01087  -0.1043  0.3349  1.0001  -2.7855   0.0000   0.0000   0.0000   0.3070
   9.500   1.4653   0.01754   0.01181  -0.1023  0.3175  1.0001  -2.8860   0.0000   0.0000   0.0000   0.3046
   9.750   1.4737   0.01868   0.01289  -0.1002  0.3010  1.0001  -2.9856   0.0000   0.0000   0.0000   0.3024
  10.000   1.4829   0.01983   0.01399  -0.0983  0.2843  1.0001  -3.0885   0.0000   0.0000   0.0000   0.3002
  10.250   1.4917   0.02104   0.01514  -0.0965  0.2672  1.0001  -3.1913   0.0000   0.0000   0.0000   0.2981
  10.500   1.4989   0.02239   0.01642  -0.0945  0.2498  1.0001  -3.2903   0.0000   0.0000   0.0000   0.2961
  10.750   1.5047   0.02386   0.01781  -0.0926  0.2341  1.0001  -3.3860   0.0000   0.0000   0.0000   0.2940
  11.000   1.5122   0.02524   0.01916  -0.0908  0.2187  1.0001  -3.4874   0.0000   0.0000   0.0000   0.2921
  11.250   1.5190   0.02670   0.02057  -0.0890  0.2027  1.0001  -3.5874   0.0000   0.0000   0.0000   0.2902
  11.500   1.5239   0.02831   0.02211  -0.0872  0.1882  1.0001  -3.6825   0.0000   0.0000   0.0000   0.2883
  11.750   1.5297   0.02988   0.02364  -0.0854  0.1757  1.0001  -3.7810   0.0000   0.0000   0.0000   0.2864
  12.250   1.5414   0.03308   0.02680  -0.0822  0.1509  1.0001  -3.9797   0.0000   0.0000   0.0000   0.2829
  12.500   1.5456   0.03488   0.02855  -0.0805  0.1392  1.0001  -4.0744   0.0000   0.0000   0.0000   0.2812
  12.750   1.5499   0.03671   0.03035  -0.0790  0.1284  1.0001  -4.1699   0.0000   0.0000   0.0000   0.2795
  13.000   1.5534   0.03866   0.03228  -0.0775  0.1186  1.0001  -4.2628   0.0000   0.0000   0.0000   0.2779
  13.250   1.5578   0.04056   0.03417  -0.0761  0.1087  1.0001  -4.3594   0.0000   0.0000   0.0000   0.2764
  13.500   1.5613   0.04259   0.03619  -0.0748  0.0991  1.0001  -4.4531   0.0000   0.0000   0.0000   0.2749
  13.750   1.5640   0.04476   0.03833  -0.0735  0.0908  1.0001  -4.5484   0.0000   0.0000   0.0000   0.2735
  14.000   1.5667   0.04696   0.04054  -0.0723  0.0836  1.0001  -4.6460   0.0000   0.0000   0.0000   0.2721
  14.250   1.5689   0.04924   0.04283  -0.0711  0.0774  1.0001  -4.7420   0.0000   0.0000   0.0000   0.2707
  14.500   1.5709   0.05160   0.04521  -0.0701  0.0720  1.0001  -4.8369   0.0000   0.0000   0.0000   0.2694
  14.750   1.5724   0.05406   0.04769  -0.0691  0.0672  1.0001  -4.9304   0.0000   0.0000   0.0000   0.2682
  15.000   1.5743   0.05654   0.05019  -0.0682  0.0627  1.0001  -5.0253   0.0000   0.0000   0.0000   0.2671
  15.250   1.5765   0.05903   0.05273  -0.0674  0.0586  1.0001  -5.1209   0.0000   0.0000   0.0000   0.2659
  15.500   1.5773   0.06170   0.05545  -0.0667  0.0551  1.0001  -5.2108   0.0000   0.0000   0.0000   0.2649
  15.750   1.5756   0.06468   0.05845  -0.0660  0.0519  1.0001  -5.2907   0.0000   0.0000   0.0000   0.2639
  16.000   1.5772   0.06735   0.06120  -0.0655  0.0486  1.0001  -5.3869   0.0000   0.0000   0.0000   0.2629
  16.250   1.5761   0.07040   0.06430  -0.0650  0.0458  1.0001  -5.4745   0.0000   0.0000   0.0000   0.2621
  16.500   1.5740   0.07362   0.06756  -0.0646  0.0432  1.0001  -5.5637   0.0000   0.0000   0.0000   0.2613
  16.750   1.5726   0.07680   0.07081  -0.0643  0.0407  1.0001  -5.6551   0.0000   0.0000   0.0000   0.2605
  17.000   1.5678   0.08042   0.07449  -0.0641  0.0387  1.0001  -5.7303   0.0000   0.0000   0.0000   0.2599
  17.250   1.5650   0.08386   0.07801  -0.0640  0.0367  1.0001  -5.8126   0.0000   0.0000   0.0000   0.2593
  17.500   1.5603   0.08760   0.08181  -0.0641  0.0350  1.0001  -5.8865   0.0000   0.0000   0.0000   0.2589
  17.750   1.5535   0.09168   0.08596  -0.0643  0.0336  1.0001  -5.9475   0.0000   0.0000   0.0000   0.2586
  18.000   1.5507   0.09529   0.08967  -0.0646  0.0322  1.0001  -6.0277   0.0000   0.0000   0.0000   0.2582
  18.250   1.5447   0.09937   0.09382  -0.0650  0.0311  1.0001  -6.0950   0.0000   0.0000   0.0000   0.2581
  18.500   1.5344   0.10407   0.09857  -0.0657  0.0302  1.0001  -6.1386   0.0000   0.0000   0.0000   0.2581
  18.750   1.5316   0.10777   0.10239  -0.0663  0.0293  1.0001  -6.2214   0.0000   0.0000   0.0000   0.2580
  19.000   1.5270   0.11176   0.10647  -0.0670  0.0284  1.0001  -6.2942   0.0000   0.0000   0.0000   0.2580
  19.250   1.5218   0.11590   0.11069  -0.0680  0.0277  1.0001  -6.3625   0.0000   0.0000   0.0000   0.2581
  19.500   1.5148   0.12032   0.11517  -0.0691  0.0271  1.0001  -6.4185   0.0000   0.0000   0.0000   0.2584
  19.750   1.5065   0.12494   0.11983  -0.0703  0.0265  1.0001  -6.4630   0.0000   0.0000   0.0000   0.2588
  20.000   1.5042   0.12873   0.12375  -0.0715  0.0259  1.0001  -6.5420   0.0000   0.0000   0.0000   0.2590


