xflr5 v6.61

 Calculated polar for: QX0026

 1 1 Reynolds number fixed          Mach number fixed         

 xtrf =   1.000 (top)        1.000 (bottom)
 Mach =   0.000     Re =     0.800 e 6     Ncrit =   9.000

  alpha     CL        CD       CDp       Cm    Top Xtr Bot Xtr   Cpmin    Chinge    XCp    
 ------- -------- --------- --------- -------- ------- ------- -------- --------- ---------
 -10.000  -0.5252   0.01831   0.01279  -0.1211  0.7923  0.0218  -6.3005   0.0000   0.0000   0.0000   0.0009
  -9.750  -0.5013   0.01748   0.01188  -0.1211  0.7896  0.0224  -6.0773   0.0000   0.0000   0.0000  -0.0102
  -9.500  -0.4754   0.01698   0.01134  -0.1212  0.7868  0.0229  -5.8366   0.0000   0.0000   0.0000  -0.0238
  -9.250  -0.4490   0.01651   0.01083  -0.1213  0.7838  0.0234  -5.5991   0.0000   0.0000   0.0000  -0.0392
  -9.000  -0.4224   0.01609   0.01032  -0.1214  0.7812  0.0241  -5.3652   0.0000   0.0000   0.0000  -0.0568
  -8.750  -0.3955   0.01571   0.00983  -0.1215  0.7788  0.0248  -5.1355   0.0000   0.0000   0.0000  -0.0769
  -8.500  -0.3682   0.01536   0.00940  -0.1216  0.7758  0.0253  -4.9076   0.0000   0.0000   0.0000  -0.1006
  -8.250  -0.3434   0.01446   0.00846  -0.1216  0.7730  0.0261  -4.7071   0.0000   0.0000   0.0000  -0.1250
  -8.000  -0.3163   0.01407   0.00804  -0.1217  0.7706  0.0268  -4.4835   0.0000   0.0000   0.0000  -0.1565
  -7.750  -0.2888   0.01373   0.00764  -0.1218  0.7683  0.0276  -4.2784   0.0000   0.0000   0.0000  -0.1944
  -7.500  -0.2611   0.01340   0.00726  -0.1219  0.7655  0.0286  -4.0780   0.0000   0.0000   0.0000  -0.2410
  -7.250  -0.2331   0.01314   0.00692  -0.1221  0.7627  0.0294  -3.8793   0.0000   0.0000   0.0000  -0.2994
  -7.000  -0.2065   0.01255   0.00632  -0.1221  0.7604  0.0306  -3.6945   0.0000   0.0000   0.0000  -0.3691
  -6.750  -0.1786   0.01227   0.00601  -0.1223  0.7581  0.0317  -3.5008   0.0000   0.0000   0.0000  -0.4654
  -6.500  -0.1504   0.01199   0.00569  -0.1225  0.7553  0.0329  -3.3271   0.0000   0.0000   0.0000  -0.5987
  -6.250  -0.1225   0.01164   0.00530  -0.1226  0.7526  0.0342  -3.1605   0.0000   0.0000   0.0000  -0.7908
  -6.000  -0.0946   0.01133   0.00497  -0.1228  0.7503  0.0358  -2.9905   0.0000   0.0000   0.0000  -1.0980
  -5.750  -0.0660   0.01114   0.00474  -0.1230  0.7478  0.0376  -2.8212   0.0000   0.0000   0.0000  -1.6792
  -5.500  -0.0379   0.01082   0.00441  -0.1231  0.7448  0.0396  -2.6648   0.0000   0.0000   0.0000  -3.1083
  -5.250  -0.0094   0.01060   0.00418  -0.1233  0.7421  0.0418  -2.5144   0.0000   0.0000   0.0000  -13.3224
  -5.000   0.0191   0.01037   0.00391  -0.1235  0.7398  0.0442  -2.3694   0.0000   0.0000   0.0000   6.9001
  -4.750   0.0478   0.01018   0.00371  -0.1237  0.7373  0.0472  -2.2236   0.0000   0.0000   0.0000   2.9143
  -4.500   0.0764   0.00995   0.00350  -0.1240  0.7345  0.0507  -2.0814   0.0000   0.0000   0.0000   1.9165
  -4.250   0.1052   0.00977   0.00331  -0.1242  0.7319  0.0552  -1.9407   0.0000   0.0000   0.0000   1.4606
  -4.000   0.1340   0.00959   0.00312  -0.1244  0.7296  0.0610  -1.8027   0.0000   0.0000   0.0000   1.2004
  -3.750   0.1627   0.00940   0.00297  -0.1247  0.7271  0.0694  -1.6752   0.0000   0.0000   0.0000   1.0327
  -3.500   0.1914   0.00920   0.00283  -0.1249  0.7242  0.0826  -1.5526   0.0000   0.0000   0.0000   0.9155
  -3.250   0.2202   0.00901   0.00270  -0.1252  0.7215  0.1009  -1.4315   0.0000   0.0000   0.0000   0.8288
  -3.000   0.2490   0.00885   0.00259  -0.1255  0.7191  0.1223  -1.3121   0.0000   0.0000   0.0000   0.7620
  -2.750   0.2778   0.00870   0.00252  -0.1257  0.7163  0.1442  -1.1953   0.0000   0.0000   0.0000   0.7091
  -2.500   0.3066   0.00854   0.00244  -0.1260  0.7130  0.1686  -1.0809   0.0000   0.0000   0.0000   0.6662
  -2.250   0.3354   0.00838   0.00235  -0.1263  0.7101  0.1977  -0.9766   0.0000   0.0000   0.0000   0.6306
  -2.000   0.3642   0.00822   0.00229  -0.1266  0.7073  0.2319  -0.8756   0.0000   0.0000   0.0000   0.6007
  -1.750   0.3928   0.00803   0.00225  -0.1269  0.7041  0.2765  -0.7781   0.0000   0.0000   0.0000   0.5753
  -1.500   0.4215   0.00786   0.00222  -0.1272  0.7010  0.3257  -0.7924   0.0000   0.0000   0.0000   0.5533
  -1.250   0.4503   0.00773   0.00218  -0.1275  0.6983  0.3712  -0.8091   0.0000   0.0000   0.0000   0.5340
  -1.000   0.4789   0.00757   0.00218  -0.1277  0.6947  0.4210  -0.8255   0.0000   0.0000   0.0000   0.5170
  -0.750   0.5073   0.00740   0.00217  -0.1279  0.6908  0.4758  -0.8432   0.0000   0.0000   0.0000   0.5020
  -0.500   0.5359   0.00729   0.00216  -0.1281  0.6875  0.5298  -0.8632   0.0000   0.0000   0.0000   0.4884
  -0.250   0.5642   0.00715   0.00219  -0.1283  0.6834  0.5810  -0.8830   0.0000   0.0000   0.0000   0.4763
   0.000   0.5925   0.00705   0.00221  -0.1284  0.6797  0.6303  -0.9029   0.0000   0.0000   0.0000   0.4652
   0.250   0.6209   0.00700   0.00224  -0.1285  0.6763  0.6742  -0.9230   0.0000   0.0000   0.0000   0.4550
   0.500   0.6491   0.00694   0.00228  -0.1286  0.6720  0.7103  -0.9450   0.0000   0.0000   0.0000   0.4457
   0.750   0.6773   0.00689   0.00230  -0.1286  0.6680  0.7426  -0.9685   0.0000   0.0000   0.0000   0.4372
   1.000   0.7051   0.00685   0.00233  -0.1286  0.6640  0.7743  -0.9918   0.0000   0.0000   0.0000   0.4293
   1.250   0.7324   0.00678   0.00237  -0.1284  0.6592  0.8092  -1.0149   0.0000   0.0000   0.0000   0.4219
   1.500   0.7584   0.00672   0.00241  -0.1279  0.6551  0.8549  -1.0374   0.0000   0.0000   0.0000   0.4149
   1.750   0.7819   0.00660   0.00246  -0.1267  0.6502  0.9165  -1.0601   0.0000   0.0000   0.0000   0.4080
   2.000   0.8190   0.00655   0.00244  -0.1286  0.6458  0.9922  -1.0939   0.0000   0.0000   0.0000   0.4026
   2.250   0.8489   0.00659   0.00247  -0.1291  0.6403  1.0001  -1.1231   0.0000   0.0000   0.0000   0.3973
   2.500   0.8768   0.00667   0.00249  -0.1292  0.6348  1.0001  -1.1520   0.0000   0.0000   0.0000   0.3923
   2.750   0.9050   0.00672   0.00255  -0.1293  0.6287  1.0001  -1.1811   0.0000   0.0000   0.0000   0.3875
   3.000   0.9329   0.00681   0.00259  -0.1294  0.6236  1.0001  -1.2114   0.0000   0.0000   0.0000   0.3830
   3.250   0.9610   0.00687   0.00266  -0.1296  0.6173  1.0001  -1.2454   0.0000   0.0000   0.0000   0.3788
   3.500   0.9887   0.00696   0.00272  -0.1296  0.6114  1.0001  -1.2799   0.0000   0.0000   0.0000   0.3748
   3.750   1.0163   0.00704   0.00279  -0.1297  0.6043  1.0001  -1.3150   0.0000   0.0000   0.0000   0.3709
   4.000   1.0437   0.00714   0.00287  -0.1297  0.5968  1.0001  -1.3502   0.0000   0.0000   0.0000   0.3673
   4.250   1.0707   0.00726   0.00296  -0.1296  0.5891  1.0001  -1.3853   0.0000   0.0000   0.0000   0.3638
   4.500   1.0973   0.00740   0.00307  -0.1295  0.5804  1.0001  -1.4279   0.0000   0.0000   0.0000   0.3604
   4.750   1.1239   0.00754   0.00319  -0.1294  0.5709  1.0001  -1.4719   0.0000   0.0000   0.0000   0.3571
   5.000   1.1503   0.00768   0.00331  -0.1292  0.5608  1.0001  -1.5161   0.0000   0.0000   0.0000   0.3540
   5.250   1.1764   0.00784   0.00345  -0.1290  0.5503  1.0001  -1.5602   0.0000   0.0000   0.0000   0.3510
   5.500   1.2020   0.00802   0.00360  -0.1287  0.5390  1.0001  -1.6042   0.0000   0.0000   0.0000   0.3481
   5.750   1.2270   0.00823   0.00377  -0.1284  0.5269  1.0001  -1.6482   0.0000   0.0000   0.0000   0.3453
   6.000   1.2517   0.00845   0.00396  -0.1279  0.5139  1.0001  -1.7099   0.0000   0.0000   0.0000   0.3425
   6.250   1.2756   0.00870   0.00417  -0.1274  0.4992  1.0001  -1.7731   0.0000   0.0000   0.0000   0.3398
   6.500   1.2975   0.00904   0.00443  -0.1265  0.4804  1.0001  -1.8371   0.0000   0.0000   0.0000   0.3371
   6.750   1.3178   0.00945   0.00474  -0.1253  0.4572  1.0001  -1.9082   0.0000   0.0000   0.0000   0.3343
   7.000   1.3374   0.00988   0.00508  -0.1240  0.4357  1.0001  -1.9847   0.0000   0.0000   0.0000   0.3316
   7.500   1.3756   0.01074   0.00579  -0.1214  0.3986  1.0001  -2.1424   0.0000   0.0000   0.0000   0.3263
   7.750   1.3915   0.01125   0.00622  -0.1195  0.3790  1.0001  -2.2205   0.0000   0.0000   0.0000   0.3236
   8.000   1.4046   0.01180   0.00669  -0.1171  0.3601  1.0001  -2.3195   0.0000   0.0000   0.0000   0.3207
   8.250   1.4180   0.01241   0.00721  -0.1149  0.3417  1.0001  -2.4203   0.0000   0.0000   0.0000   0.3180
   8.500   1.4318   0.01304   0.00778  -0.1129  0.3236  1.0001  -2.5236   0.0000   0.0000   0.0000   0.3154
   8.750   1.4444   0.01376   0.00843  -0.1109  0.3057  1.0001  -2.6251   0.0000   0.0000   0.0000   0.3129
   9.000   1.4562   0.01457   0.00917  -0.1088  0.2890  1.0001  -2.7257   0.0000   0.0000   0.0000   0.3104
   9.250   1.4679   0.01545   0.00997  -0.1069  0.2715  1.0001  -2.8303   0.0000   0.0000   0.0000   0.3081
   9.500   1.4790   0.01640   0.01084  -0.1050  0.2531  1.0001  -2.9375   0.0000   0.0000   0.0000   0.3058
   9.750   1.4891   0.01745   0.01182  -0.1031  0.2362  1.0001  -3.0432   0.0000   0.0000   0.0000   0.3036
  10.000   1.4995   0.01852   0.01283  -0.1013  0.2211  1.0001  -3.1507   0.0000   0.0000   0.0000   0.3015
  10.250   1.5100   0.01962   0.01387  -0.0995  0.2055  1.0001  -3.2595   0.0000   0.0000   0.0000   0.2994
  10.500   1.5190   0.02083   0.01501  -0.0977  0.1900  1.0001  -3.3652   0.0000   0.0000   0.0000   0.2974
  10.750   1.5281   0.02207   0.01620  -0.0960  0.1772  1.0001  -3.4720   0.0000   0.0000   0.0000   0.2954
  11.000   1.5375   0.02330   0.01740  -0.0944  0.1652  1.0001  -3.5807   0.0000   0.0000   0.0000   0.2934
  11.250   1.5465   0.02458   0.01863  -0.0927  0.1523  1.0001  -3.6894   0.0000   0.0000   0.0000   0.2916
  11.500   1.5537   0.02600   0.01999  -0.0910  0.1399  1.0001  -3.7931   0.0000   0.0000   0.0000   0.2897
  11.750   1.5611   0.02741   0.02137  -0.0893  0.1294  1.0001  -3.8986   0.0000   0.0000   0.0000   0.2878
  12.000   1.5680   0.02889   0.02282  -0.0876  0.1196  1.0001  -4.0028   0.0000   0.0000   0.0000   0.2860
  12.250   1.5746   0.03040   0.02431  -0.0860  0.1097  1.0001  -4.1073   0.0000   0.0000   0.0000   0.2843
  12.500   1.5805   0.03200   0.02587  -0.0844  0.0992  1.0001  -4.2098   0.0000   0.0000   0.0000   0.2825
  12.750   1.5855   0.03369   0.02753  -0.0828  0.0899  1.0001  -4.3101   0.0000   0.0000   0.0000   0.2808
  13.000   1.5909   0.03542   0.02924  -0.0812  0.0821  1.0001  -4.4117   0.0000   0.0000   0.0000   0.2792
  13.250   1.5964   0.03717   0.03099  -0.0798  0.0756  1.0001  -4.5147   0.0000   0.0000   0.0000   0.2776
  13.500   1.6022   0.03894   0.03276  -0.0785  0.0700  1.0001  -4.6226   0.0000   0.0000   0.0000   0.2761
  13.750   1.6078   0.04075   0.03457  -0.0773  0.0650  1.0001  -4.7340   0.0000   0.0000   0.0000   0.2746
  14.000   1.6132   0.04262   0.03646  -0.0761  0.0605  1.0001  -4.8451   0.0000   0.0000   0.0000   0.2731
  14.250   1.6179   0.04459   0.03845  -0.0749  0.0565  1.0001  -4.9543   0.0000   0.0000   0.0000   0.2717
  14.500   1.6229   0.04658   0.04046  -0.0738  0.0526  1.0001  -5.0651   0.0000   0.0000   0.0000   0.2704
  14.750   1.6281   0.04857   0.04248  -0.0728  0.0491  1.0001  -5.1773   0.0000   0.0000   0.0000   0.2691
  15.000   1.6322   0.05070   0.04464  -0.0719  0.0458  1.0001  -5.2849   0.0000   0.0000   0.0000   0.2678
  15.500   1.6390   0.05521   0.04922  -0.0701  0.0398  1.0001  -5.4962   0.0000   0.0000   0.0000   0.2654
  15.750   1.6412   0.05766   0.05170  -0.0693  0.0371  1.0001  -5.6008   0.0000   0.0000   0.0000   0.2643
  16.000   1.6421   0.06029   0.05436  -0.0685  0.0346  1.0001  -5.7097   0.0000   0.0000   0.0000   0.2632
  16.250   1.6439   0.06285   0.05698  -0.0678  0.0323  1.0001  -5.8233   0.0000   0.0000   0.0000   0.2622
  16.750   1.6436   0.06853   0.06276  -0.0667  0.0285  1.0001  -6.0324   0.0000   0.0000   0.0000   0.2602
  17.000   1.6412   0.07171   0.06599  -0.0662  0.0270  1.0001  -6.1262   0.0000   0.0000   0.0000   0.2594
  17.250   1.6404   0.07477   0.06912  -0.0659  0.0258  1.0001  -6.2264   0.0000   0.0000   0.0000   0.2586
  17.500   1.6392   0.07790   0.07232  -0.0656  0.0247  1.0001  -6.3292   0.0000   0.0000   0.0000   0.2579
  17.750   1.6353   0.08138   0.07587  -0.0654  0.0238  1.0001  -6.4210   0.0000   0.0000   0.0000   0.2572
  18.000   1.6292   0.08522   0.07977  -0.0654  0.0230  1.0001  -6.4989   0.0000   0.0000   0.0000   0.2567
  18.250   1.6278   0.08851   0.08316  -0.0654  0.0224  1.0001  -6.6027   0.0000   0.0000   0.0000   0.2562
  18.500   1.6249   0.09202   0.08676  -0.0656  0.0217  1.0001  -6.6988   0.0000   0.0000   0.0000   0.2557
  18.750   1.6205   0.09579   0.09061  -0.0659  0.0211  1.0001  -6.7860   0.0000   0.0000   0.0000   0.2553
  19.000   1.6143   0.09987   0.09476  -0.0664  0.0206  1.0001  -6.8614   0.0000   0.0000   0.0000   0.2551
  19.250   1.6049   0.10440   0.09937  -0.0670  0.0202  1.0001  -6.9158   0.0000   0.0000   0.0000   0.2551
  19.500   1.5969   0.10879   0.10385  -0.0678  0.0198  1.0001  -6.9763   0.0000   0.0000   0.0000   0.2552
  19.750   1.5927   0.11268   0.10784  -0.0686  0.0194  1.0001  -7.0591   0.0000   0.0000   0.0000   0.2551
  20.000   1.5876   0.11677   0.11203  -0.0695  0.0191  1.0001  -7.1345   0.0000   0.0000   0.0000   0.2552


