xflr5 v6.61

 Calculated polar for: QX0126

 1 1 Reynolds number fixed          Mach number fixed         

 xtrf =   1.000 (top)        1.000 (bottom)
 Mach =   0.000     Re =     0.300 e 6     Ncrit =   9.000

  alpha     CL        CD       CDp       Cm    Top Xtr Bot Xtr   Cpmin    Chinge    XCp    
 ------- -------- --------- --------- -------- ------- ------- -------- --------- ---------
 -10.000  -0.5433   0.04456   0.04102  -0.0940  0.9464  0.0368  -4.5076   0.0000   0.0000   0.0000   0.0627
  -9.750  -0.5611   0.03830   0.03419  -0.0953  0.9358  0.0367  -4.6813   0.0000   0.0000   0.0000   0.0664
  -9.500  -0.5618   0.03390   0.02924  -0.0952  0.9277  0.0370  -4.7333   0.0000   0.0000   0.0000   0.0669
  -9.250  -0.5521   0.03096   0.02580  -0.0947  0.9210  0.0377  -4.7040   0.0000   0.0000   0.0000   0.0650
  -8.750  -0.5208   0.02645   0.02060  -0.0935  0.9104  0.0393  -4.5147   0.0000   0.0000   0.0000   0.0571
  -8.500  -0.4990   0.02526   0.01931  -0.0932  0.9057  0.0402  -4.3508   0.0000   0.0000   0.0000   0.0500
  -8.250  -0.4768   0.02419   0.01809  -0.0927  0.9012  0.0411  -4.1899   0.0000   0.0000   0.0000   0.0424
  -8.000  -0.4535   0.02321   0.01695  -0.0923  0.8966  0.0424  -4.0278   0.0000   0.0000   0.0000   0.0331
  -7.750  -0.4301   0.02223   0.01573  -0.0917  0.8923  0.0438  -3.8868   0.0000   0.0000   0.0000   0.0233
  -7.500  -0.4057   0.02140   0.01465  -0.0913  0.8877  0.0449  -3.7438   0.0000   0.0000   0.0000   0.0113
  -7.250  -0.3824   0.01996   0.01312  -0.0908  0.8834  0.0462  -3.6063   0.0000   0.0000   0.0000  -0.0012
  -7.000  -0.3573   0.01926   0.01240  -0.0905  0.8790  0.0477  -3.4411   0.0000   0.0000   0.0000  -0.0174
  -6.750  -0.3317   0.01869   0.01174  -0.0901  0.8747  0.0497  -3.2862   0.0000   0.0000   0.0000  -0.0360
  -6.500  -0.3057   0.01817   0.01107  -0.0897  0.8706  0.0518  -3.1425   0.0000   0.0000   0.0000  -0.0583
  -6.250  -0.2808   0.01725   0.01013  -0.0893  0.8661  0.0541  -3.0044   0.0000   0.0000   0.0000  -0.0835
  -6.000  -0.2549   0.01675   0.00962  -0.0889  0.8621  0.0567  -2.8618   0.0000   0.0000   0.0000  -0.1150
  -5.750  -0.2282   0.01635   0.00909  -0.0887  0.8575  0.0598  -2.7295   0.0000   0.0000   0.0000  -0.1556
  -5.500  -0.2028   0.01572   0.00850  -0.0883  0.8539  0.0637  -2.5943   0.0000   0.0000   0.0000  -0.2033
  -5.250  -0.1756   0.01542   0.00812  -0.0881  0.8490  0.0681  -2.4584   0.0000   0.0000   0.0000  -0.2715
  -5.000  -0.1498   0.01490   0.00765  -0.0877  0.8457  0.0728  -2.3338   0.0000   0.0000   0.0000  -0.3569
  -4.750  -0.1229   0.01453   0.00727  -0.0876  0.8403  0.0783  -2.2101   0.0000   0.0000   0.0000  -0.4874
  -4.500  -0.0958   0.01427   0.00694  -0.0872  0.8368  0.0850  -2.0831   0.0000   0.0000   0.0000  -0.6894
  -4.250  -0.0688   0.01393   0.00664  -0.0871  0.8314  0.0934  -1.9583   0.0000   0.0000   0.0000  -1.0547
  -4.000  -0.0422   0.01352   0.00627  -0.0868  0.8280  0.1042  -1.8366   0.0000   0.0000   0.0000  -1.8674
  -3.750  -0.0149   0.01324   0.00607  -0.0868  0.8226  0.1181  -1.7215   0.0000   0.0000   0.0000  -5.7398
  -3.500   0.0123   0.01292   0.00577  -0.0865  0.8189  0.1344  -1.6084   0.0000   0.0000   0.0000   7.4583
  -3.250   0.0396   0.01264   0.00558  -0.0865  0.8135  0.1535  -1.4958   0.0000   0.0000   0.0000   2.4806
  -3.000   0.0671   0.01235   0.00535  -0.0863  0.8098  0.1769  -1.3835   0.0000   0.0000   0.0000   1.5620
  -2.750   0.0945   0.01210   0.00522  -0.0863  0.8041  0.2052  -1.2733   0.0000   0.0000   0.0000   1.1791
  -2.500   0.1220   0.01181   0.00502  -0.0861  0.8001  0.2402  -1.1642   0.0000   0.0000   0.0000   0.9668
  -2.250   0.1493   0.01153   0.00490  -0.0860  0.7943  0.2825  -1.0628   0.0000   0.0000   0.0000   0.8342
  -2.000   0.1766   0.01122   0.00477  -0.0859  0.7895  0.3370  -0.9652   0.0000   0.0000   0.0000   0.7423
  -1.750   0.2036   0.01086   0.00466  -0.0858  0.7844  0.4073  -0.8701   0.0000   0.0000   0.0000   0.6755
  -1.500   0.2299   0.01048   0.00462  -0.0855  0.7791  0.5000  -0.7781   0.0000   0.0000   0.0000   0.6249
  -1.250   0.2560   0.01012   0.00455  -0.0849  0.7744  0.5941  -0.7024   0.0000   0.0000   0.0000   0.5837
  -1.000   0.2814   0.00988   0.00458  -0.0842  0.7682  0.6763  -0.6342   0.0000   0.0000   0.0000   0.5501
  -0.750   0.3070   0.00968   0.00454  -0.0832  0.7629  0.7397  -0.6531   0.0000   0.0000   0.0000   0.5214
  -0.500   0.3325   0.00954   0.00451  -0.0822  0.7571  0.7876  -0.6732   0.0000   0.0000   0.0000   0.4970
  -0.250   0.3574   0.00944   0.00449  -0.0811  0.7506  0.8284  -0.6939   0.0000   0.0000   0.0000   0.4761
   0.000   0.3818   0.00933   0.00443  -0.0798  0.7449  0.8669  -0.7174   0.0000   0.0000   0.0000   0.4576
   0.250   0.4062   0.00924   0.00436  -0.0784  0.7387  0.9040  -0.7412   0.0000   0.0000   0.0000   0.4412
   0.500   0.4350   0.00917   0.00431  -0.0780  0.7318  0.9401  -0.7681   0.0000   0.0000   0.0000   0.4272
   0.750   0.4737   0.00910   0.00419  -0.0798  0.7249  0.9708  -0.8012   0.0000   0.0000   0.0000   0.4161
   1.000   0.5196   0.00902   0.00405  -0.0834  0.7174  0.9930  -0.8395   0.0000   0.0000   0.0000   0.4077
   1.250   0.5535   0.00898   0.00393  -0.0847  0.7094  1.0000  -0.8719   0.0000   0.0000   0.0000   0.3999
   1.500   0.5788   0.00897   0.00386  -0.0842  0.7007  1.0000  -0.8991   0.0000   0.0000   0.0000   0.3920
   1.750   0.6049   0.00899   0.00381  -0.0838  0.6916  1.0000  -0.9321   0.0000   0.0000   0.0000   0.3848
   2.000   0.6316   0.00902   0.00378  -0.0835  0.6827  1.0000  -0.9667   0.0000   0.0000   0.0000   0.3783
   2.250   0.6586   0.00907   0.00377  -0.0833  0.6735  1.0000  -1.0021   0.0000   0.0000   0.0000   0.3722
   2.500   0.6856   0.00913   0.00379  -0.0831  0.6636  1.0000  -1.0388   0.0000   0.0000   0.0000   0.3666
   2.750   0.7126   0.00920   0.00381  -0.0829  0.6528  1.0000  -1.0763   0.0000   0.0000   0.0000   0.3615
   3.000   0.7397   0.00927   0.00383  -0.0826  0.6413  1.0000  -1.1150   0.0000   0.0000   0.0000   0.3566
   3.250   0.7667   0.00936   0.00384  -0.0824  0.6295  1.0000  -1.1553   0.0000   0.0000   0.0000   0.3521
   3.500   0.7934   0.00946   0.00391  -0.0821  0.6157  1.0000  -1.2004   0.0000   0.0000   0.0000   0.3478
   3.750   0.8203   0.00959   0.00397  -0.0819  0.6031  1.0000  -1.2464   0.0000   0.0000   0.0000   0.3439
   4.000   0.8469   0.00973   0.00408  -0.0816  0.5897  1.0000  -1.2925   0.0000   0.0000   0.0000   0.3401
   4.250   0.8734   0.00990   0.00418  -0.0813  0.5762  1.0000  -1.3429   0.0000   0.0000   0.0000   0.3366
   4.500   0.8997   0.01007   0.00432  -0.0810  0.5617  1.0000  -1.3957   0.0000   0.0000   0.0000   0.3333
   4.750   0.9257   0.01028   0.00446  -0.0807  0.5472  1.0000  -1.4510   0.0000   0.0000   0.0000   0.3301
   5.000   0.9514   0.01050   0.00463  -0.0803  0.5314  1.0000  -1.5116   0.0000   0.0000   0.0000   0.3270
   5.250   0.9767   0.01074   0.00482  -0.0799  0.5146  1.0000  -1.5736   0.0000   0.0000   0.0000   0.3241
   5.500   1.0017   0.01100   0.00503  -0.0794  0.4977  1.0000  -1.6397   0.0000   0.0000   0.0000   0.3213
   5.750   1.0265   0.01129   0.00525  -0.0789  0.4810  1.0000  -1.7065   0.0000   0.0000   0.0000   0.3186
   6.000   1.0508   0.01159   0.00550  -0.0784  0.4635  1.0000  -1.7747   0.0000   0.0000   0.0000   0.3160
   6.250   1.0747   0.01192   0.00577  -0.0778  0.4452  1.0000  -1.8511   0.0000   0.0000   0.0000   0.3135
   6.750   1.1210   0.01266   0.00639  -0.0765  0.4080  1.0000  -2.0376   0.0000   0.0000   0.0000   0.3087
   7.000   1.1433   0.01307   0.00674  -0.0757  0.3887  1.0000  -2.1374   0.0000   0.0000   0.0000   0.3063
   7.250   1.1651   0.01352   0.00712  -0.0748  0.3694  1.0000  -2.2375   0.0000   0.0000   0.0000   0.3040
   7.500   1.1862   0.01399   0.00752  -0.0739  0.3503  1.0000  -2.3376   0.0000   0.0000   0.0000   0.3018
   7.750   1.2066   0.01449   0.00796  -0.0729  0.3315  1.0000  -2.4456   0.0000   0.0000   0.0000   0.2996
   8.000   1.2260   0.01504   0.00843  -0.0718  0.3125  1.0000  -2.5624   0.0000   0.0000   0.0000   0.2973
   8.250   1.2447   0.01561   0.00894  -0.0706  0.2941  1.0000  -2.6790   0.0000   0.0000   0.0000   0.2952
   8.500   1.2626   0.01621   0.00948  -0.0694  0.2763  1.0000  -2.7950   0.0000   0.0000   0.0000   0.2930
   8.750   1.2795   0.01684   0.01005  -0.0679  0.2597  1.0000  -2.9098   0.0000   0.0000   0.0000   0.2908
   9.000   1.2941   0.01750   0.01066  -0.0662  0.2446  1.0000  -3.0199   0.0000   0.0000   0.0000   0.2884
   9.250   1.3078   0.01825   0.01135  -0.0644  0.2299  1.0000  -3.1288   0.0000   0.0000   0.0000   0.2862
   9.500   1.3222   0.01900   0.01207  -0.0629  0.2152  1.0000  -3.2404   0.0000   0.0000   0.0000   0.2841
   9.750   1.3356   0.01985   0.01287  -0.0613  0.2013  1.0000  -3.3503   0.0000   0.0000   0.0000   0.2820
  10.000   1.3491   0.02072   0.01372  -0.0598  0.1879  1.0000  -3.4613   0.0000   0.0000   0.0000   0.2801
  10.500   1.3740   0.02268   0.01563  -0.0569  0.1645  1.0000  -3.6799   0.0000   0.0000   0.0000   0.2763
  10.750   1.3857   0.02375   0.01668  -0.0555  0.1539  1.0000  -3.7881   0.0000   0.0000   0.0000   0.2745
  11.000   1.3967   0.02489   0.01781  -0.0541  0.1439  1.0000  -3.8949   0.0000   0.0000   0.0000   0.2728
  11.250   1.4073   0.02609   0.01900  -0.0527  0.1344  1.0000  -4.0008   0.0000   0.0000   0.0000   0.2711
  11.500   1.4174   0.02735   0.02026  -0.0514  0.1255  1.0000  -4.1055   0.0000   0.0000   0.0000   0.2694
  11.750   1.4268   0.02868   0.02159  -0.0501  0.1171  1.0000  -4.2085   0.0000   0.0000   0.0000   0.2678
  12.000   1.4355   0.03010   0.02301  -0.0488  0.1094  1.0000  -4.3093   0.0000   0.0000   0.0000   0.2663
  12.250   1.4434   0.03160   0.02454  -0.0475  0.1021  1.0000  -4.4072   0.0000   0.0000   0.0000   0.2647
  12.500   1.4499   0.03325   0.02621  -0.0462  0.0956  1.0000  -4.5006   0.0000   0.0000   0.0000   0.2632
  12.750   1.4541   0.03513   0.02808  -0.0449  0.0900  1.0000  -4.5902   0.0000   0.0000   0.0000   0.2617
  13.000   1.4601   0.03690   0.02989  -0.0438  0.0841  1.0000  -4.6867   0.0000   0.0000   0.0000   0.2603
  13.250   1.4649   0.03880   0.03185  -0.0427  0.0789  1.0000  -4.7780   0.0000   0.0000   0.0000   0.2590
  13.500   1.4649   0.04119   0.03421  -0.0415  0.0747  1.0000  -4.8529   0.0000   0.0000   0.0000   0.2577
  13.750   1.4705   0.04310   0.03623  -0.0406  0.0701  1.0000  -4.9459   0.0000   0.0000   0.0000   0.2565
  14.000   1.4685   0.04581   0.03892  -0.0397  0.0668  1.0000  -5.0114   0.0000   0.0000   0.0000   0.2553
  14.250   1.4735   0.04793   0.04117  -0.0390  0.0631  1.0000  -5.1000   0.0000   0.0000   0.0000   0.2543
  14.500   1.4726   0.05071   0.04397  -0.0384  0.0604  1.0000  -5.1680   0.0000   0.0000   0.0000   0.2534
  14.750   1.4728   0.05344   0.04678  -0.0378  0.0578  1.0000  -5.2393   0.0000   0.0000   0.0000   0.2524
  15.000   1.4746   0.05609   0.04952  -0.0375  0.0553  1.0000  -5.3247   0.0000   0.0000   0.0000   0.2516
  15.250   1.4729   0.05918   0.05264  -0.0372  0.0534  1.0000  -5.3962   0.0000   0.0000   0.0000   0.2510
  15.500   1.4698   0.06242   0.05592  -0.0369  0.0517  1.0000  -5.4579   0.0000   0.0000   0.0000   0.2502
  15.750   1.4714   0.06529   0.05892  -0.0369  0.0499  1.0000  -5.5380   0.0000   0.0000   0.0000   0.2496
  16.000   1.4714   0.06835   0.06207  -0.0369  0.0483  1.0000  -5.6131   0.0000   0.0000   0.0000   0.2491
  16.250   1.4703   0.07158   0.06537  -0.0371  0.0470  1.0000  -5.6841   0.0000   0.0000   0.0000   0.2487
  16.500   1.4674   0.07492   0.06871  -0.0371  0.0458  1.0000  -5.7456   0.0000   0.0000   0.0000   0.2482
  16.750   1.4669   0.07805   0.07193  -0.0371  0.0447  1.0000  -5.8123   0.0000   0.0000   0.0000   0.2476
  17.000   1.4668   0.08133   0.07534  -0.0375  0.0436  1.0000  -5.8836   0.0000   0.0000   0.0000   0.2473
  17.250   1.4663   0.08466   0.07878  -0.0380  0.0425  1.0000  -5.9876   0.0000   0.0000   0.0000   0.2471
  17.500   1.4658   0.08801   0.08222  -0.0386  0.0415  1.0000  -6.0925   0.0000   0.0000   0.0000   0.2469
  17.750   1.4652   0.09136   0.08563  -0.0392  0.0406  1.0000  -6.1981   0.0000   0.0000   0.0000   0.2468
  18.000   1.4652   0.09449   0.08879  -0.0397  0.0397  1.0000  -6.3082   0.0000   0.0000   0.0000   0.2465
  18.250   1.4684   0.09673   0.09101  -0.0392  0.0387  1.0000  -6.4366   0.0000   0.0000   0.0000   0.2456
  18.500   1.4670   0.10040   0.09485  -0.0403  0.0383  1.0000  -6.5291   0.0000   0.0000   0.0000   0.2457
  18.750   1.4653   0.10411   0.09870  -0.0414  0.0377  1.0000  -6.6182   0.0000   0.0000   0.0000   0.2459
  19.000   1.4635   0.10785   0.10258  -0.0426  0.0371  1.0000  -6.7055   0.0000   0.0000   0.0000   0.2461
  19.250   1.4618   0.11158   0.10644  -0.0440  0.0364  1.0000  -6.7935   0.0000   0.0000   0.0000   0.2465
  19.500   1.4605   0.11528   0.11025  -0.0455  0.0358  1.0000  -6.8836   0.0000   0.0000   0.0000   0.2469
  19.750   1.4598   0.11889   0.11394  -0.0470  0.0352  1.0000  -6.9774   0.0000   0.0000   0.0000   0.2473
  20.000   1.4597   0.12236   0.11749  -0.0485  0.0347  1.0000  -7.0764   0.0000   0.0000   0.0000   0.2477


