xflr5 v6.61

 Calculated polar for: QX0126

 1 1 Reynolds number fixed          Mach number fixed         

 xtrf =   1.000 (top)        1.000 (bottom)
 Mach =   0.000     Re =     0.920 e 6     Ncrit =   9.000

  alpha     CL        CD       CDp       Cm    Top Xtr Bot Xtr   Cpmin    Chinge    XCp    
 ------- -------- --------- --------- -------- ------- ------- -------- --------- ---------
 -10.000  -0.7233   0.01680   0.01151  -0.0796  0.8479  0.0221  -6.4325   0.0000   0.0000   0.0000   0.1269
  -9.750  -0.6970   0.01639   0.01101  -0.0795  0.8449  0.0225  -6.1900   0.0000   0.0000   0.0000   0.1231
  -9.500  -0.6705   0.01594   0.01049  -0.0795  0.8413  0.0229  -5.9516   0.0000   0.0000   0.0000   0.1187
  -9.250  -0.6465   0.01503   0.00950  -0.0793  0.8382  0.0238  -5.7417   0.0000   0.0000   0.0000   0.1147
  -9.000  -0.6198   0.01462   0.00906  -0.0793  0.8351  0.0244  -5.5050   0.0000   0.0000   0.0000   0.1096
  -8.750  -0.5926   0.01425   0.00866  -0.0793  0.8317  0.0251  -5.2705   0.0000   0.0000   0.0000   0.1037
  -8.500  -0.5654   0.01391   0.00825  -0.0792  0.8286  0.0258  -5.0411   0.0000   0.0000   0.0000   0.0975
  -8.250  -0.5379   0.01358   0.00788  -0.0793  0.8251  0.0265  -4.8170   0.0000   0.0000   0.0000   0.0903
  -8.000  -0.5102   0.01329   0.00752  -0.0793  0.8216  0.0270  -4.6049   0.0000   0.0000   0.0000   0.0823
  -7.500  -0.4565   0.01225   0.00640  -0.0792  0.8149  0.0288  -4.2117   0.0000   0.0000   0.0000   0.0641
  -7.250  -0.4287   0.01196   0.00608  -0.0792  0.8115  0.0298  -4.0074   0.0000   0.0000   0.0000   0.0527
  -7.000  -0.4006   0.01171   0.00579  -0.0792  0.8084  0.0309  -3.8098   0.0000   0.0000   0.0000   0.0395
  -6.750  -0.3723   0.01147   0.00551  -0.0793  0.8048  0.0320  -3.6235   0.0000   0.0000   0.0000   0.0240
  -6.500  -0.3446   0.01110   0.00508  -0.0793  0.8017  0.0332  -3.4483   0.0000   0.0000   0.0000   0.0067
  -6.250  -0.3166   0.01074   0.00472  -0.0794  0.7982  0.0351  -3.2773   0.0000   0.0000   0.0000  -0.0142
  -6.000  -0.2882   0.01050   0.00446  -0.0794  0.7944  0.0370  -3.1103   0.0000   0.0000   0.0000  -0.0396
  -5.750  -0.2599   0.01028   0.00418  -0.0795  0.7912  0.0391  -2.9480   0.0000   0.0000   0.0000  -0.0704
  -5.500  -0.2316   0.00996   0.00389  -0.0796  0.7871  0.0423  -2.7880   0.0000   0.0000   0.0000  -0.1091
  -5.250  -0.2029   0.00980   0.00369  -0.0797  0.7838  0.0448  -2.6333   0.0000   0.0000   0.0000  -0.1591
  -5.000  -0.1744   0.00953   0.00343  -0.0798  0.7800  0.0484  -2.4884   0.0000   0.0000   0.0000  -0.2252
  -4.750  -0.1456   0.00936   0.00325  -0.0799  0.7760  0.0516  -2.3420   0.0000   0.0000   0.0000  -0.3186
  -4.500  -0.1170   0.00915   0.00303  -0.0800  0.7726  0.0558  -2.2002   0.0000   0.0000   0.0000  -0.4566
  -3.750  -0.0306   0.00860   0.00253  -0.0803  0.7598  0.0769  -1.7945   0.0000   0.0000   0.0000  -2.4480
  -3.500  -0.0018   0.00844   0.00239  -0.0804  0.7557  0.0882  -1.6699   0.0000   0.0000   0.0000  -44.5412
  -3.250   0.0272   0.00827   0.00227  -0.0806  0.7508  0.0991  -1.5471   0.0000   0.0000   0.0000   3.2846
  -3.000   0.0560   0.00813   0.00214  -0.0807  0.7468  0.1115  -1.4269   0.0000   0.0000   0.0000   1.7211
  -2.750   0.0850   0.00797   0.00206  -0.0809  0.7418  0.1288  -1.3088   0.0000   0.0000   0.0000   1.2191
  -2.500   0.1138   0.00782   0.00194  -0.0811  0.7374  0.1463  -1.1939   0.0000   0.0000   0.0000   0.9736
  -2.250   0.1427   0.00765   0.00186  -0.0813  0.7316  0.1684  -1.0814   0.0000   0.0000   0.0000   0.8269
  -2.000   0.1715   0.00750   0.00178  -0.0814  0.7264  0.1950  -0.9790   0.0000   0.0000   0.0000   0.7298
  -1.750   0.2004   0.00736   0.00171  -0.0816  0.7210  0.2217  -0.8791   0.0000   0.0000   0.0000   0.6606
  -1.500   0.2293   0.00721   0.00165  -0.0818  0.7152  0.2519  -0.7816   0.0000   0.0000   0.0000   0.6089
  -1.250   0.2581   0.00706   0.00160  -0.0819  0.7096  0.2869  -0.7040   0.0000   0.0000   0.0000   0.5688
  -1.000   0.2869   0.00690   0.00156  -0.0821  0.7034  0.3292  -0.6429   0.0000   0.0000   0.0000   0.5368
  -0.750   0.3156   0.00671   0.00152  -0.0823  0.6970  0.3824  -0.6631   0.0000   0.0000   0.0000   0.5107
  -0.500   0.3437   0.00644   0.00150  -0.0825  0.6903  0.4659  -0.6836   0.0000   0.0000   0.0000   0.4892
  -0.250   0.3719   0.00622   0.00149  -0.0825  0.6829  0.5472  -0.7061   0.0000   0.0000   0.0000   0.4708
   0.000   0.4000   0.00605   0.00150  -0.0826  0.6746  0.6152  -0.7318   0.0000   0.0000   0.0000   0.4548
   0.250   0.4280   0.00593   0.00152  -0.0825  0.6658  0.6788  -0.7578   0.0000   0.0000   0.0000   0.4408
   0.750   0.4844   0.00583   0.00158  -0.0824  0.6482  0.7537  -0.8116   0.0000   0.0000   0.0000   0.4174
   1.000   0.5124   0.00580   0.00162  -0.0823  0.6393  0.7864  -0.8387   0.0000   0.0000   0.0000   0.4076
   1.500   0.5667   0.00577   0.00171  -0.0816  0.6191  0.8559  -0.8954   0.0000   0.0000   0.0000   0.3904
   1.750   0.5930   0.00577   0.00177  -0.0811  0.6070  0.8870  -0.9273   0.0000   0.0000   0.0000   0.3828
   2.000   0.6182   0.00580   0.00182  -0.0803  0.5948  0.9179  -0.9610   0.0000   0.0000   0.0000   0.3757
   2.250   0.6440   0.00584   0.00186  -0.0796  0.5815  0.9536  -0.9958   0.0000   0.0000   0.0000   0.3691
   2.500   0.6792   0.00593   0.00190  -0.0810  0.5670  0.9838  -1.0387   0.0000   0.0000   0.0000   0.3646
   2.750   0.7144   0.00604   0.00195  -0.0827  0.5535  1.0000  -1.0825   0.0000   0.0000   0.0000   0.3607
   3.000   0.7418   0.00619   0.00203  -0.0826  0.5402  1.0000  -1.1217   0.0000   0.0000   0.0000   0.3561
   3.250   0.7694   0.00634   0.00212  -0.0826  0.5267  1.0000  -1.1632   0.0000   0.0000   0.0000   0.3518
   3.500   0.7968   0.00650   0.00222  -0.0825  0.5127  1.0000  -1.2093   0.0000   0.0000   0.0000   0.3478
   3.750   0.8241   0.00667   0.00232  -0.0825  0.4973  1.0000  -1.2559   0.0000   0.0000   0.0000   0.3441
   4.000   0.8512   0.00687   0.00244  -0.0824  0.4807  1.0000  -1.3025   0.0000   0.0000   0.0000   0.3405
   4.250   0.8782   0.00707   0.00257  -0.0823  0.4649  1.0000  -1.3532   0.0000   0.0000   0.0000   0.3371
   4.500   0.9053   0.00728   0.00271  -0.0822  0.4493  1.0000  -1.4072   0.0000   0.0000   0.0000   0.3340
   4.750   0.9321   0.00750   0.00286  -0.0821  0.4326  1.0000  -1.4641   0.0000   0.0000   0.0000   0.3310
   5.000   0.9587   0.00774   0.00302  -0.0820  0.4154  1.0000  -1.5272   0.0000   0.0000   0.0000   0.3281
   5.250   0.9850   0.00799   0.00320  -0.0818  0.3983  1.0000  -1.5933   0.0000   0.0000   0.0000   0.3253
   5.500   1.0111   0.00826   0.00339  -0.0816  0.3805  1.0000  -1.6614   0.0000   0.0000   0.0000   0.3227
   5.750   1.0369   0.00855   0.00360  -0.0814  0.3618  1.0000  -1.7299   0.0000   0.0000   0.0000   0.3202
   6.000   1.0624   0.00885   0.00382  -0.0811  0.3430  1.0000  -1.8011   0.0000   0.0000   0.0000   0.3177
   6.250   1.0878   0.00917   0.00405  -0.0808  0.3254  1.0000  -1.8849   0.0000   0.0000   0.0000   0.3154
   6.500   1.1127   0.00951   0.00431  -0.0805  0.3064  1.0000  -1.9876   0.0000   0.0000   0.0000   0.3131
   6.750   1.1372   0.00988   0.00458  -0.0801  0.2867  1.0000  -2.0913   0.0000   0.0000   0.0000   0.3109
   7.000   1.1616   0.01024   0.00486  -0.0797  0.2697  1.0000  -2.1965   0.0000   0.0000   0.0000   0.3087
   7.250   1.1857   0.01061   0.00516  -0.0792  0.2533  1.0000  -2.3025   0.0000   0.0000   0.0000   0.3066
   7.500   1.2089   0.01104   0.00548  -0.0787  0.2346  1.0000  -2.4160   0.0000   0.0000   0.0000   0.3045
   7.750   1.2318   0.01148   0.00583  -0.0781  0.2171  1.0000  -2.5422   0.0000   0.0000   0.0000   0.3025
   8.000   1.2545   0.01192   0.00618  -0.0775  0.2008  1.0000  -2.6699   0.0000   0.0000   0.0000   0.3005
   8.500   1.2987   0.01280   0.00693  -0.0761  0.1722  1.0000  -2.9287   0.0000   0.0000   0.0000   0.2966
   8.750   1.3202   0.01326   0.00733  -0.0753  0.1605  1.0000  -3.0594   0.0000   0.0000   0.0000   0.2947
   9.000   1.3410   0.01374   0.00776  -0.0744  0.1502  1.0000  -3.1900   0.0000   0.0000   0.0000   0.2928
   9.250   1.3616   0.01420   0.00819  -0.0735  0.1404  1.0000  -3.3221   0.0000   0.0000   0.0000   0.2909
   9.500   1.3809   0.01468   0.00863  -0.0724  0.1306  1.0000  -3.4521   0.0000   0.0000   0.0000   0.2890
   9.750   1.3983   0.01520   0.00911  -0.0710  0.1211  1.0000  -3.5785   0.0000   0.0000   0.0000   0.2869
  10.000   1.4150   0.01578   0.00966  -0.0696  0.1119  1.0000  -3.7043   0.0000   0.0000   0.0000   0.2849
  10.250   1.4312   0.01641   0.01025  -0.0682  0.1033  1.0000  -3.8298   0.0000   0.0000   0.0000   0.2830
  10.500   1.4469   0.01709   0.01091  -0.0668  0.0956  1.0000  -3.9551   0.0000   0.0000   0.0000   0.2811
  10.750   1.4624   0.01782   0.01161  -0.0655  0.0888  1.0000  -4.0806   0.0000   0.0000   0.0000   0.2793
  11.000   1.4772   0.01859   0.01237  -0.0641  0.0822  1.0000  -4.2054   0.0000   0.0000   0.0000   0.2776
  11.250   1.4920   0.01939   0.01315  -0.0629  0.0762  1.0000  -4.3314   0.0000   0.0000   0.0000   0.2758
  11.500   1.5068   0.02020   0.01397  -0.0617  0.0708  1.0000  -4.4582   0.0000   0.0000   0.0000   0.2742
  11.750   1.5202   0.02113   0.01489  -0.0604  0.0656  1.0000  -4.5813   0.0000   0.0000   0.0000   0.2725
  12.000   1.5330   0.02211   0.01586  -0.0591  0.0606  1.0000  -4.7034   0.0000   0.0000   0.0000   0.2709
  12.250   1.5462   0.02308   0.01684  -0.0579  0.0563  1.0000  -4.8296   0.0000   0.0000   0.0000   0.2693
  12.500   1.5569   0.02424   0.01800  -0.0565  0.0519  1.0000  -4.9523   0.0000   0.0000   0.0000   0.2677
  12.750   1.5691   0.02531   0.01909  -0.0553  0.0483  1.0000  -5.0815   0.0000   0.0000   0.0000   0.2662
  13.000   1.5787   0.02660   0.02039  -0.0540  0.0448  1.0000  -5.2009   0.0000   0.0000   0.0000   0.2647
  13.250   1.5896   0.02780   0.02162  -0.0528  0.0420  1.0000  -5.3266   0.0000   0.0000   0.0000   0.2632
  13.500   1.5966   0.02933   0.02316  -0.0514  0.0389  1.0000  -5.4374   0.0000   0.0000   0.0000   0.2617
  13.750   1.6067   0.03063   0.02451  -0.0503  0.0372  1.0000  -5.5609   0.0000   0.0000   0.0000   0.2603
  14.000   1.6141   0.03218   0.02609  -0.0491  0.0353  1.0000  -5.6858   0.0000   0.0000   0.0000   0.2589
  14.250   1.6180   0.03406   0.02800  -0.0478  0.0333  1.0000  -5.7948   0.0000   0.0000   0.0000   0.2575
  14.500   1.6258   0.03564   0.02965  -0.0468  0.0321  1.0000  -5.9407   0.0000   0.0000   0.0000   0.2562
  14.750   1.6330   0.03729   0.03137  -0.0459  0.0310  1.0000  -6.1124   0.0000   0.0000   0.0000   0.2550
  15.000   1.6379   0.03919   0.03331  -0.0449  0.0299  1.0000  -6.2729   0.0000   0.0000   0.0000   0.2538
  15.250   1.6405   0.04139   0.03556  -0.0440  0.0288  1.0000  -6.4207   0.0000   0.0000   0.0000   0.2526
  15.500   1.6388   0.04411   0.03834  -0.0430  0.0276  1.0000  -6.5414   0.0000   0.0000   0.0000   0.2515
  15.750   1.6441   0.04618   0.04049  -0.0425  0.0271  1.0000  -6.7067   0.0000   0.0000   0.0000   0.2505
  16.000   1.6484   0.04841   0.04281  -0.0420  0.0265  1.0000  -6.8668   0.0000   0.0000   0.0000   0.2496
  16.250   1.6513   0.05085   0.04533  -0.0416  0.0259  1.0000  -7.0197   0.0000   0.0000   0.0000   0.2487
  16.500   1.6526   0.05353   0.04808  -0.0413  0.0254  1.0000  -7.1633   0.0000   0.0000   0.0000   0.2479
  16.750   1.6524   0.05644   0.05106  -0.0411  0.0248  1.0000  -7.2978   0.0000   0.0000   0.0000   0.2472
  17.000   1.6502   0.05966   0.05436  -0.0410  0.0243  1.0000  -7.4194   0.0000   0.0000   0.0000   0.2466
  17.250   1.6450   0.06332   0.05810  -0.0411  0.0237  1.0000  -7.5202   0.0000   0.0000   0.0000   0.2461
  17.500   1.6355   0.06763   0.06250  -0.0414  0.0231  1.0000  -7.5905   0.0000   0.0000   0.0000   0.2459
  17.750   1.6276   0.07183   0.06680  -0.0419  0.0227  1.0000  -7.6696   0.0000   0.0000   0.0000   0.2456
  18.000   1.6260   0.07525   0.07032  -0.0423  0.0225  1.0000  -7.7930   0.0000   0.0000   0.0000   0.2453
  18.250   1.6227   0.07896   0.07412  -0.0429  0.0222  1.0000  -7.9039   0.0000   0.0000   0.0000   0.2451
  18.500   1.6177   0.08294   0.07820  -0.0437  0.0220  1.0000  -8.0022   0.0000   0.0000   0.0000   0.2450
  18.750   1.6115   0.08715   0.08252  -0.0446  0.0217  1.0000  -8.0899   0.0000   0.0000   0.0000   0.2451
  19.000   1.6041   0.09157   0.08703  -0.0457  0.0214  1.0000  -8.1677   0.0000   0.0000   0.0000   0.2452
  19.250   1.5961   0.09615   0.09171  -0.0469  0.0212  1.0000  -8.2381   0.0000   0.0000   0.0000   0.2455
  19.500   1.5876   0.10087   0.09653  -0.0483  0.0210  1.0000  -8.3023   0.0000   0.0000   0.0000   0.2459
  19.750   1.5786   0.10571   0.10146  -0.0499  0.0207  1.0000  -8.3594   0.0000   0.0000   0.0000   0.2465
  20.000   1.5693   0.11066   0.10651  -0.0517  0.0205  1.0000  -8.4103   0.0000   0.0000   0.0000   0.2472


