xflr5 v6.61

 Calculated polar for: QX0126

 1 1 Reynolds number fixed          Mach number fixed         

 xtrf =   1.000 (top)        1.000 (bottom)
 Mach =   0.000     Re =     0.720 e 6     Ncrit =   9.000

  alpha     CL        CD       CDp       Cm    Top Xtr Bot Xtr   Cpmin    Chinge    XCp    
 ------- -------- --------- --------- -------- ------- ------- -------- --------- ---------
 -10.000  -0.7116   0.01884   0.01349  -0.0812  0.8627  0.0240  -6.2900   0.0000   0.0000   0.0000   0.1228
  -9.750  -0.6859   0.01836   0.01296  -0.0811  0.8587  0.0246  -6.0508   0.0000   0.0000   0.0000   0.1187
  -9.500  -0.6603   0.01789   0.01241  -0.0810  0.8554  0.0253  -5.8185   0.0000   0.0000   0.0000   0.1145
  -9.250  -0.6344   0.01736   0.01181  -0.0810  0.8519  0.0259  -5.5932   0.0000   0.0000   0.0000   0.1096
  -9.000  -0.6083   0.01683   0.01118  -0.0809  0.8484  0.0265  -5.3737   0.0000   0.0000   0.0000   0.1044
  -8.750  -0.5820   0.01638   0.01064  -0.0807  0.8455  0.0270  -5.1543   0.0000   0.0000   0.0000   0.0987
  -8.500  -0.5567   0.01557   0.00974  -0.0806  0.8417  0.0278  -4.9526   0.0000   0.0000   0.0000   0.0926
  -8.250  -0.5310   0.01494   0.00907  -0.0805  0.8383  0.0287  -4.7424   0.0000   0.0000   0.0000   0.0859
  -8.000  -0.5041   0.01454   0.00863  -0.0805  0.8349  0.0295  -4.5357   0.0000   0.0000   0.0000   0.0779
  -7.750  -0.4769   0.01414   0.00818  -0.0805  0.8311  0.0303  -4.3341   0.0000   0.0000   0.0000   0.0688
  -7.500  -0.4498   0.01377   0.00774  -0.0804  0.8281  0.0312  -4.1374   0.0000   0.0000   0.0000   0.0588
  -7.250  -0.4219   0.01346   0.00738  -0.0804  0.8243  0.0321  -3.9395   0.0000   0.0000   0.0000   0.0468
  -7.000  -0.3954   0.01287   0.00673  -0.0803  0.8208  0.0334  -3.7606   0.0000   0.0000   0.0000   0.0341
  -6.750  -0.3682   0.01244   0.00628  -0.0803  0.8175  0.0347  -3.5833   0.0000   0.0000   0.0000   0.0190
  -6.500  -0.3403   0.01212   0.00594  -0.0803  0.8137  0.0362  -3.4048   0.0000   0.0000   0.0000   0.0006
  -6.250  -0.3123   0.01185   0.00561  -0.0803  0.8106  0.0378  -3.2334   0.0000   0.0000   0.0000  -0.0208
  -6.000  -0.2847   0.01141   0.00514  -0.0803  0.8069  0.0401  -3.0796   0.0000   0.0000   0.0000  -0.0463
  -5.750  -0.2566   0.01113   0.00485  -0.0803  0.8032  0.0427  -2.9179   0.0000   0.0000   0.0000  -0.0779
  -5.500  -0.2282   0.01094   0.00460  -0.0804  0.7998  0.0450  -2.7590   0.0000   0.0000   0.0000  -0.1178
  -5.250  -0.2003   0.01057   0.00425  -0.0804  0.7956  0.0488  -2.6111   0.0000   0.0000   0.0000  -0.1684
  -5.000  -0.1717   0.01040   0.00403  -0.0805  0.7923  0.0518  -2.4659   0.0000   0.0000   0.0000  -0.2369
  -4.750  -0.1434   0.01011   0.00376  -0.0806  0.7883  0.0560  -2.3252   0.0000   0.0000   0.0000  -0.3324
  -4.500  -0.1147   0.00994   0.00356  -0.0806  0.7844  0.0600  -2.1834   0.0000   0.0000   0.0000  -0.4769
  -4.250  -0.0863   0.00969   0.00334  -0.0807  0.7806  0.0663  -2.0460   0.0000   0.0000   0.0000  -0.7150
  -4.000  -0.0577   0.00947   0.00315  -0.0808  0.7765  0.0741  -1.9102   0.0000   0.0000   0.0000  -1.1927
  -3.750  -0.0290   0.00929   0.00298  -0.0809  0.7727  0.0842  -1.7849   0.0000   0.0000   0.0000  -2.6147
  -3.500  -0.0003   0.00910   0.00282  -0.0810  0.7679  0.0954  -1.6616   0.0000   0.0000   0.0000  -314.7942
  -3.250   0.0283   0.00891   0.00266  -0.0811  0.7638  0.1084  -1.5404   0.0000   0.0000   0.0000   3.1781
  -3.000   0.0571   0.00873   0.00255  -0.0813  0.7588  0.1248  -1.4208   0.0000   0.0000   0.0000   1.7018
  -2.750   0.0858   0.00856   0.00242  -0.0814  0.7547  0.1420  -1.3040   0.0000   0.0000   0.0000   1.2153
  -2.500   0.1146   0.00837   0.00232  -0.0815  0.7498  0.1629  -1.1897   0.0000   0.0000   0.0000   0.9727
  -2.250   0.1433   0.00820   0.00222  -0.0817  0.7452  0.1898  -1.0788   0.0000   0.0000   0.0000   0.8276
  -2.000   0.1720   0.00803   0.00213  -0.0818  0.7397  0.2176  -0.9771   0.0000   0.0000   0.0000   0.7309
  -1.500   0.2294   0.00769   0.00197  -0.0821  0.7291  0.2840  -0.7809   0.0000   0.0000   0.0000   0.6103
  -1.250   0.2580   0.00750   0.00192  -0.0823  0.7230  0.3289  -0.7031   0.0000   0.0000   0.0000   0.5703
  -1.000   0.2865   0.00729   0.00187  -0.0824  0.7174  0.3837  -0.6420   0.0000   0.0000   0.0000   0.5383
  -0.750   0.3145   0.00700   0.00183  -0.0825  0.7114  0.4660  -0.6620   0.0000   0.0000   0.0000   0.5124
  -0.500   0.3425   0.00673   0.00182  -0.0826  0.7048  0.5542  -0.6825   0.0000   0.0000   0.0000   0.4905
  -0.250   0.3704   0.00653   0.00183  -0.0825  0.6981  0.6238  -0.7048   0.0000   0.0000   0.0000   0.4717
   0.000   0.3981   0.00639   0.00184  -0.0824  0.6908  0.6880  -0.7303   0.0000   0.0000   0.0000   0.4554
   0.250   0.4260   0.00630   0.00185  -0.0822  0.6827  0.7319  -0.7562   0.0000   0.0000   0.0000   0.4410
   0.750   0.4813   0.00621   0.00189  -0.0817  0.6650  0.8010  -0.8093   0.0000   0.0000   0.0000   0.4172
   1.000   0.5082   0.00617   0.00193  -0.0813  0.6566  0.8364  -0.8358   0.0000   0.0000   0.0000   0.4070
   1.250   0.5345   0.00614   0.00197  -0.0807  0.6479  0.8710  -0.8635   0.0000   0.0000   0.0000   0.3977
   1.750   0.5852   0.00613   0.00203  -0.0790  0.6283  0.9367  -0.9217   0.0000   0.0000   0.0000   0.3812
   2.000   0.6168   0.00616   0.00205  -0.0796  0.6165  0.9692  -0.9598   0.0000   0.0000   0.0000   0.3749
   2.250   0.6557   0.00623   0.00206  -0.0819  0.6033  0.9938  -1.0041   0.0000   0.0000   0.0000   0.3705
   2.500   0.6866   0.00634   0.00210  -0.0826  0.5894  1.0000  -1.0439   0.0000   0.0000   0.0000   0.3656
   2.750   0.7138   0.00647   0.00216  -0.0825  0.5762  1.0000  -1.0816   0.0000   0.0000   0.0000   0.3606
   3.000   0.7413   0.00660   0.00223  -0.0824  0.5632  1.0000  -1.1208   0.0000   0.0000   0.0000   0.3560
   3.250   0.7686   0.00675   0.00232  -0.0824  0.5498  1.0000  -1.1619   0.0000   0.0000   0.0000   0.3517
   3.500   0.7960   0.00691   0.00241  -0.0823  0.5363  1.0000  -1.2079   0.0000   0.0000   0.0000   0.3476
   3.750   0.8232   0.00708   0.00252  -0.0822  0.5221  1.0000  -1.2542   0.0000   0.0000   0.0000   0.3438
   4.000   0.8502   0.00727   0.00264  -0.0821  0.5069  1.0000  -1.3008   0.0000   0.0000   0.0000   0.3403
   4.250   0.8770   0.00747   0.00277  -0.0820  0.4904  1.0000  -1.3514   0.0000   0.0000   0.0000   0.3369
   4.500   0.9037   0.00769   0.00292  -0.0818  0.4742  1.0000  -1.4049   0.0000   0.0000   0.0000   0.3337
   4.750   0.9303   0.00791   0.00307  -0.0817  0.4585  1.0000  -1.4613   0.0000   0.0000   0.0000   0.3306
   5.000   0.9568   0.00814   0.00324  -0.0815  0.4417  1.0000  -1.5242   0.0000   0.0000   0.0000   0.3278
   5.250   0.9829   0.00840   0.00342  -0.0813  0.4243  1.0000  -1.5892   0.0000   0.0000   0.0000   0.3250
   5.500   1.0088   0.00867   0.00362  -0.0810  0.4069  1.0000  -1.6571   0.0000   0.0000   0.0000   0.3223
   5.750   1.0344   0.00896   0.00383  -0.0808  0.3889  1.0000  -1.7253   0.0000   0.0000   0.0000   0.3198
   6.000   1.0597   0.00927   0.00406  -0.0805  0.3702  1.0000  -1.7959   0.0000   0.0000   0.0000   0.3173
   6.250   1.0847   0.00959   0.00431  -0.0801  0.3512  1.0000  -1.8752   0.0000   0.0000   0.0000   0.3149
   6.500   1.1095   0.00993   0.00457  -0.0797  0.3332  1.0000  -1.9776   0.0000   0.0000   0.0000   0.3126
   6.750   1.1337   0.01030   0.00485  -0.0793  0.3142  1.0000  -2.0805   0.0000   0.0000   0.0000   0.3104
   7.000   1.1575   0.01070   0.00516  -0.0788  0.2947  1.0000  -2.1841   0.0000   0.0000   0.0000   0.3082
   7.250   1.1811   0.01109   0.00547  -0.0783  0.2768  1.0000  -2.2890   0.0000   0.0000   0.0000   0.3061
   7.500   1.2044   0.01150   0.00580  -0.0777  0.2604  1.0000  -2.3996   0.0000   0.0000   0.0000   0.3040
   7.750   1.2269   0.01195   0.00616  -0.0771  0.2425  1.0000  -2.5243   0.0000   0.0000   0.0000   0.3019
   8.000   1.2489   0.01242   0.00655  -0.0764  0.2250  1.0000  -2.6497   0.0000   0.0000   0.0000   0.2999
   8.250   1.2704   0.01290   0.00695  -0.0756  0.2083  1.0000  -2.7759   0.0000   0.0000   0.0000   0.2979
   8.500   1.2913   0.01341   0.00737  -0.0747  0.1921  1.0000  -2.9025   0.0000   0.0000   0.0000   0.2959
   8.750   1.3119   0.01390   0.00780  -0.0738  0.1782  1.0000  -3.0302   0.0000   0.0000   0.0000   0.2940
   9.000   1.3319   0.01441   0.00826  -0.0728  0.1664  1.0000  -3.1578   0.0000   0.0000   0.0000   0.2920
   9.250   1.3510   0.01492   0.00873  -0.0717  0.1556  1.0000  -3.2848   0.0000   0.0000   0.0000   0.2900
   9.500   1.3682   0.01545   0.00922  -0.0703  0.1458  1.0000  -3.4083   0.0000   0.0000   0.0000   0.2879
   9.750   1.3852   0.01603   0.00977  -0.0689  0.1361  1.0000  -3.5324   0.0000   0.0000   0.0000   0.2859
  10.000   1.4016   0.01665   0.01037  -0.0675  0.1266  1.0000  -3.6563   0.0000   0.0000   0.0000   0.2840
  10.250   1.4174   0.01734   0.01102  -0.0662  0.1174  1.0000  -3.7795   0.0000   0.0000   0.0000   0.2821
  10.500   1.4327   0.01808   0.01173  -0.0648  0.1087  1.0000  -3.9022   0.0000   0.0000   0.0000   0.2802
  10.750   1.4474   0.01887   0.01250  -0.0635  0.1005  1.0000  -4.0244   0.0000   0.0000   0.0000   0.2784
  11.000   1.4617   0.01971   0.01332  -0.0622  0.0931  1.0000  -4.1464   0.0000   0.0000   0.0000   0.2767
  11.250   1.4759   0.02057   0.01418  -0.0609  0.0865  1.0000  -4.2692   0.0000   0.0000   0.0000   0.2750
  11.500   1.4893   0.02151   0.01511  -0.0596  0.0803  1.0000  -4.3901   0.0000   0.0000   0.0000   0.2733
  11.750   1.5014   0.02255   0.01613  -0.0583  0.0744  1.0000  -4.5078   0.0000   0.0000   0.0000   0.2716
  12.000   1.5144   0.02355   0.01714  -0.0571  0.0690  1.0000  -4.6290   0.0000   0.0000   0.0000   0.2700
  12.250   1.5262   0.02463   0.01824  -0.0558  0.0641  1.0000  -4.7477   0.0000   0.0000   0.0000   0.2684
  12.500   1.5360   0.02591   0.01950  -0.0544  0.0592  1.0000  -4.8653   0.0000   0.0000   0.0000   0.2669
  12.750   1.5473   0.02707   0.02069  -0.0533  0.0551  1.0000  -4.9892   0.0000   0.0000   0.0000   0.2654
  13.000   1.5560   0.02846   0.02209  -0.0519  0.0513  1.0000  -5.1038   0.0000   0.0000   0.0000   0.2638
  13.250   1.5653   0.02982   0.02349  -0.0507  0.0479  1.0000  -5.2217   0.0000   0.0000   0.0000   0.2624
  13.500   1.5718   0.03144   0.02513  -0.0494  0.0448  1.0000  -5.3281   0.0000   0.0000   0.0000   0.2609
  13.750   1.5806   0.03289   0.02663  -0.0483  0.0424  1.0000  -5.4443   0.0000   0.0000   0.0000   0.2596
  14.000   1.5856   0.03469   0.02845  -0.0471  0.0400  1.0000  -5.5492   0.0000   0.0000   0.0000   0.2582
  14.250   1.5905   0.03655   0.03037  -0.0460  0.0381  1.0000  -5.6603   0.0000   0.0000   0.0000   0.2568
  14.500   1.5967   0.03832   0.03220  -0.0450  0.0365  1.0000  -5.7781   0.0000   0.0000   0.0000   0.2556
  14.750   1.6004   0.04037   0.03430  -0.0440  0.0351  1.0000  -5.8860   0.0000   0.0000   0.0000   0.2544
  15.000   1.6003   0.04288   0.03686  -0.0431  0.0336  1.0000  -5.9945   0.0000   0.0000   0.0000   0.2533
  15.250   1.6014   0.04535   0.03941  -0.0423  0.0325  1.0000  -6.1275   0.0000   0.0000   0.0000   0.2522
  15.500   1.6064   0.04750   0.04165  -0.0418  0.0316  1.0000  -6.2843   0.0000   0.0000   0.0000   0.2512
  15.750   1.6094   0.04990   0.04413  -0.0413  0.0307  1.0000  -6.4312   0.0000   0.0000   0.0000   0.2503
  16.000   1.6105   0.05259   0.04689  -0.0410  0.0299  1.0000  -6.5670   0.0000   0.0000   0.0000   0.2495
  16.250   1.6093   0.05561   0.04998  -0.0407  0.0292  1.0000  -6.6888   0.0000   0.0000   0.0000   0.2488
  16.500   1.6048   0.05911   0.05356  -0.0406  0.0284  1.0000  -6.7895   0.0000   0.0000   0.0000   0.2482
  16.750   1.5954   0.06331   0.05784  -0.0407  0.0277  1.0000  -6.8564   0.0000   0.0000   0.0000   0.2478
  17.000   1.5917   0.06689   0.06153  -0.0409  0.0273  1.0000  -6.9599   0.0000   0.0000   0.0000   0.2474
  17.250   1.5906   0.07019   0.06494  -0.0412  0.0269  1.0000  -7.0805   0.0000   0.0000   0.0000   0.2470
  17.500   1.5880   0.07375   0.06860  -0.0417  0.0265  1.0000  -7.1909   0.0000   0.0000   0.0000   0.2467
  17.750   1.5842   0.07752   0.07247  -0.0422  0.0261  1.0000  -7.2932   0.0000   0.0000   0.0000   0.2466
  18.000   1.5794   0.08149   0.07653  -0.0429  0.0257  1.0000  -7.3874   0.0000   0.0000   0.0000   0.2465
  18.250   1.5737   0.08564   0.08078  -0.0438  0.0253  1.0000  -7.4747   0.0000   0.0000   0.0000   0.2465
  18.500   1.5671   0.08997   0.08521  -0.0448  0.0249  1.0000  -7.5538   0.0000   0.0000   0.0000   0.2467
  18.750   1.5594   0.09451   0.08984  -0.0460  0.0246  1.0000  -7.6233   0.0000   0.0000   0.0000   0.2469
  19.000   1.5508   0.09925   0.09467  -0.0474  0.0242  1.0000  -7.6837   0.0000   0.0000   0.0000   0.2474
  19.250   1.5411   0.10421   0.09970  -0.0490  0.0239  1.0000  -7.7325   0.0000   0.0000   0.0000   0.2480
  19.500   1.5305   0.10936   0.10494  -0.0508  0.0236  1.0000  -7.7694   0.0000   0.0000   0.0000   0.2487
  19.750   1.5191   0.11465   0.11032  -0.0529  0.0232  1.0000  -7.7952   0.0000   0.0000   0.0000   0.2497
  20.000   1.5074   0.11997   0.11572  -0.0550  0.0228  1.0000  -7.8127   0.0000   0.0000   0.0000   0.2507


