xflr5 v6.61

 Calculated polar for: QX0126

 1 1 Reynolds number fixed          Mach number fixed         

 xtrf =   1.000 (top)        1.000 (bottom)
 Mach =   0.000     Re =     0.160 e 6     Ncrit =   9.000

  alpha     CL        CD       CDp       Cm    Top Xtr Bot Xtr   Cpmin    Chinge    XCp    
 ------- -------- --------- --------- -------- ------- ------- -------- --------- ---------
  -8.500  -0.4500   0.05537   0.05100  -0.0886  0.9676  0.0683  -3.1591   0.0000   0.0000   0.0000   0.0408
  -8.250  -0.4219   0.05288   0.04857  -0.0906  0.9647  0.0692  -3.0040   0.0000   0.0000   0.0000   0.0227
  -8.000  -0.3933   0.05079   0.04645  -0.0933  0.9616  0.0709  -2.8563   0.0000   0.0000   0.0000   0.0000
  -7.750  -0.3604   0.05349   0.04928  -0.0935  0.9573  0.0868  -2.5447   0.0000   0.0000   0.0000  -0.0223
  -7.500  -0.3316   0.05228   0.04804  -0.0960  0.9540  0.0962  -2.3799   0.0000   0.0000   0.0000  -0.0527
  -7.000  -0.3442   0.02927   0.02221  -0.0996  0.9365  0.0668  -3.1136   0.0000   0.0000   0.0000  -0.0537
  -6.750  -0.3226   0.02747   0.01992  -0.0991  0.9304  0.0683  -3.0392   0.0000   0.0000   0.0000  -0.0718
  -6.500  -0.2903   0.02598   0.01840  -0.1004  0.9273  0.0707  -2.8942   0.0000   0.0000   0.0000  -0.1115
  -6.250  -0.2665   0.02514   0.01742  -0.0999  0.9212  0.0737  -2.7782   0.0000   0.0000   0.0000  -0.1411
  -6.000  -0.2345   0.02391   0.01593  -0.1008  0.9179  0.0777  -2.6538   0.0000   0.0000   0.0000  -0.1974
  -5.750  -0.2110   0.02328   0.01528  -0.1002  0.9116  0.0813  -2.5403   0.0000   0.0000   0.0000  -0.2434
  -5.500  -0.1809   0.02234   0.01416  -0.1005  0.9078  0.0861  -2.4286   0.0000   0.0000   0.0000  -0.3260
  -5.250  -0.1560   0.02184   0.01366  -0.1001  0.9019  0.0918  -2.3082   0.0000   0.0000   0.0000  -0.4140
  -5.000  -0.1297   0.02122   0.01305  -0.0998  0.8969  0.0979  -2.1960   0.0000   0.0000   0.0000  -0.5455
  -4.750  -0.1021   0.02064   0.01244  -0.0997  0.8921  0.1055  -2.0846   0.0000   0.0000   0.0000  -0.7577
  -4.500  -0.0775   0.02024   0.01206  -0.0992  0.8861  0.1141  -1.9766   0.0000   0.0000   0.0000  -1.0679
  -4.250  -0.0485   0.01974   0.01158  -0.0991  0.8821  0.1257  -1.8580   0.0000   0.0000   0.0000  -1.8512
  -3.750   0.0009   0.01895   0.01091  -0.0980  0.8702  0.1550  -1.6558   0.0000   0.0000   0.0000  110.2423
  -3.500   0.0275   0.01856   0.01059  -0.0976  0.8651  0.1755  -1.5523   0.0000   0.0000   0.0000   3.8815
  -3.250   0.0518   0.01826   0.01043  -0.0970  0.8587  0.1987  -1.4522   0.0000   0.0000   0.0000   2.1636
  -3.000   0.0798   0.01782   0.01011  -0.0968  0.8548  0.2308  -1.3442   0.0000   0.0000   0.0000   1.4856
  -2.750   0.1035   0.01756   0.01004  -0.0961  0.8478  0.2692  -1.2460   0.0000   0.0000   0.0000   1.1959
  -2.500   0.1281   0.01723   0.00996  -0.0956  0.8417  0.3214  -1.1476   0.0000   0.0000   0.0000   1.0086
  -2.250   0.1544   0.01671   0.00975  -0.0950  0.8372  0.3934  -1.0522   0.0000   0.0000   0.0000   0.8745
  -2.000   0.1769   0.01634   0.00980  -0.0940  0.8302  0.4871  -0.9650   0.0000   0.0000   0.0000   0.7884
  -1.750   0.1991   0.01599   0.00987  -0.0925  0.8240  0.5992  -0.8785   0.0000   0.0000   0.0000   0.7198
  -1.500   0.2222   0.01567   0.00985  -0.0905  0.8193  0.6974  -0.7911   0.0000   0.0000   0.0000   0.6611
  -1.250   0.2426   0.01563   0.00999  -0.0883  0.8121  0.7681  -0.7198   0.0000   0.0000   0.0000   0.6166
  -1.000   0.2632   0.01559   0.01004  -0.0859  0.8058  0.8239  -0.6564   0.0000   0.0000   0.0000   0.5780
  -0.750   0.2863   0.01541   0.00989  -0.0835  0.8013  0.8731  -0.6304   0.0000   0.0000   0.0000   0.5427
  -0.500   0.3126   0.01539   0.00988  -0.0822  0.7941  0.9197  -0.6514   0.0000   0.0000   0.0000   0.5134
  -0.250   0.3557   0.01525   0.00968  -0.0844  0.7887  0.9620  -0.6825   0.0000   0.0000   0.0000   0.4869
   0.000   0.4136   0.01499   0.00930  -0.0897  0.7841  0.9907  -0.7256   0.0000   0.0000   0.0000   0.4661
   0.250   0.4506   0.01490   0.00913  -0.0918  0.7769  1.0000  -0.7564   0.0000   0.0000   0.0000   0.4523
   0.500   0.4711   0.01487   0.00900  -0.0905  0.7695  1.0000  -0.7781   0.0000   0.0000   0.0000   0.4403
   0.750   0.4949   0.01475   0.00878  -0.0895  0.7635  1.0000  -0.8023   0.0000   0.0000   0.0000   0.4287
   1.000   0.5193   0.01469   0.00863  -0.0887  0.7564  1.0000  -0.8277   0.0000   0.0000   0.0000   0.4183
   1.250   0.5439   0.01467   0.00855  -0.0880  0.7484  1.0000  -0.8540   0.0000   0.0000   0.0000   0.4089
   1.500   0.5695   0.01462   0.00843  -0.0873  0.7405  1.0000  -0.8816   0.0000   0.0000   0.0000   0.4002
   1.750   0.5958   0.01454   0.00829  -0.0867  0.7324  1.0000  -0.9146   0.0000   0.0000   0.0000   0.3921
   2.000   0.6226   0.01444   0.00812  -0.0862  0.7243  1.0000  -0.9489   0.0000   0.0000   0.0000   0.3847
   2.250   0.6497   0.01433   0.00796  -0.0857  0.7160  1.0000  -0.9847   0.0000   0.0000   0.0000   0.3779
   2.500   0.6769   0.01422   0.00780  -0.0852  0.7073  1.0000  -1.0213   0.0000   0.0000   0.0000   0.3716
   2.750   0.7042   0.01415   0.00768  -0.0848  0.6983  1.0000  -1.0590   0.0000   0.0000   0.0000   0.3658
   3.000   0.7315   0.01410   0.00758  -0.0844  0.6892  1.0000  -1.0977   0.0000   0.0000   0.0000   0.3604
   3.250   0.7587   0.01406   0.00750  -0.0840  0.6794  1.0000  -1.1379   0.0000   0.0000   0.0000   0.3555
   3.500   0.7860   0.01401   0.00741  -0.0836  0.6692  1.0000  -1.1825   0.0000   0.0000   0.0000   0.3508
   3.750   0.8134   0.01396   0.00732  -0.0831  0.6584  1.0000  -1.2292   0.0000   0.0000   0.0000   0.3464
   4.000   0.8406   0.01393   0.00723  -0.0827  0.6469  1.0000  -1.2761   0.0000   0.0000   0.0000   0.3423
   4.250   0.8667   0.01396   0.00725  -0.0821  0.6333  1.0000  -1.3256   0.0000   0.0000   0.0000   0.3384
   4.500   0.8939   0.01397   0.00719  -0.0817  0.6210  1.0000  -1.3791   0.0000   0.0000   0.0000   0.3348
   4.750   0.9195   0.01409   0.00730  -0.0812  0.6068  1.0000  -1.4332   0.0000   0.0000   0.0000   0.3313
   5.000   0.9463   0.01417   0.00732  -0.0807  0.5936  1.0000  -1.4939   0.0000   0.0000   0.0000   0.3281
   5.250   0.9714   0.01434   0.00747  -0.0801  0.5782  1.0000  -1.5554   0.0000   0.0000   0.0000   0.3250
   5.500   0.9968   0.01451   0.00760  -0.0795  0.5628  1.0000  -1.6202   0.0000   0.0000   0.0000   0.3220
   5.750   1.0221   0.01470   0.00773  -0.0789  0.5469  1.0000  -1.6876   0.0000   0.0000   0.0000   0.3191
   6.000   1.0467   0.01494   0.00791  -0.0783  0.5298  1.0000  -1.7552   0.0000   0.0000   0.0000   0.3163
   6.250   1.0705   0.01521   0.00814  -0.0775  0.5118  1.0000  -1.8314   0.0000   0.0000   0.0000   0.3136
   6.500   1.0938   0.01553   0.00841  -0.0767  0.4936  1.0000  -1.9110   0.0000   0.0000   0.0000   0.3110
   6.750   1.1166   0.01588   0.00871  -0.0758  0.4751  1.0000  -2.0080   0.0000   0.0000   0.0000   0.3085
   7.000   1.1386   0.01626   0.00904  -0.0749  0.4558  1.0000  -2.1065   0.0000   0.0000   0.0000   0.3060
   7.250   1.1599   0.01668   0.00942  -0.0738  0.4360  1.0000  -2.2049   0.0000   0.0000   0.0000   0.3036
   7.500   1.1805   0.01714   0.00984  -0.0727  0.4162  1.0000  -2.3032   0.0000   0.0000   0.0000   0.3012
   7.750   1.2002   0.01765   0.01029  -0.0715  0.3963  1.0000  -2.4034   0.0000   0.0000   0.0000   0.2988
   8.000   1.2190   0.01820   0.01077  -0.0702  0.3768  1.0000  -2.5117   0.0000   0.0000   0.0000   0.2964
   8.250   1.2369   0.01880   0.01132  -0.0688  0.3575  1.0000  -2.6232   0.0000   0.0000   0.0000   0.2941
   8.500   1.2538   0.01944   0.01189  -0.0673  0.3387  1.0000  -2.7348   0.0000   0.0000   0.0000   0.2918
   8.750   1.2697   0.02013   0.01252  -0.0657  0.3205  1.0000  -2.8449   0.0000   0.0000   0.0000   0.2895
   9.000   1.2843   0.02086   0.01320  -0.0640  0.3026  1.0000  -2.9527   0.0000   0.0000   0.0000   0.2872
   9.250   1.2973   0.02163   0.01394  -0.0621  0.2854  1.0000  -3.0575   0.0000   0.0000   0.0000   0.2848
   9.500   1.3081   0.02244   0.01472  -0.0599  0.2694  1.0000  -3.1572   0.0000   0.0000   0.0000   0.2823
   9.750   1.3186   0.02336   0.01558  -0.0578  0.2545  1.0000  -3.2566   0.0000   0.0000   0.0000   0.2800
  10.000   1.3289   0.02434   0.01652  -0.0558  0.2402  1.0000  -3.3558   0.0000   0.0000   0.0000   0.2778
  10.250   1.3388   0.02539   0.01756  -0.0539  0.2265  1.0000  -3.4541   0.0000   0.0000   0.0000   0.2757
  10.500   1.3480   0.02652   0.01866  -0.0521  0.2135  1.0000  -3.5509   0.0000   0.0000   0.0000   0.2736
  10.750   1.3566   0.02772   0.01984  -0.0503  0.2011  1.0000  -3.6464   0.0000   0.0000   0.0000   0.2716
  11.000   1.3649   0.02898   0.02111  -0.0486  0.1889  1.0000  -3.7407   0.0000   0.0000   0.0000   0.2698
  11.250   1.3722   0.03035   0.02245  -0.0470  0.1777  1.0000  -3.8328   0.0000   0.0000   0.0000   0.2679
  11.500   1.3789   0.03181   0.02388  -0.0454  0.1675  1.0000  -3.9232   0.0000   0.0000   0.0000   0.2661
  11.750   1.3855   0.03333   0.02541  -0.0438  0.1573  1.0000  -4.0123   0.0000   0.0000   0.0000   0.2644
  12.000   1.3917   0.03493   0.02703  -0.0424  0.1479  1.0000  -4.0994   0.0000   0.0000   0.0000   0.2628
  12.250   1.3973   0.03662   0.02872  -0.0409  0.1392  1.0000  -4.1844   0.0000   0.0000   0.0000   0.2612
  12.500   1.4024   0.03838   0.03049  -0.0396  0.1312  1.0000  -4.2674   0.0000   0.0000   0.0000   0.2596
  12.750   1.4070   0.04022   0.03230  -0.0382  0.1239  1.0000  -4.3492   0.0000   0.0000   0.0000   0.2581
  13.000   1.4111   0.04214   0.03431  -0.0370  0.1166  1.0000  -4.4319   0.0000   0.0000   0.0000   0.2567
  13.250   1.4147   0.04417   0.03639  -0.0359  0.1097  1.0000  -4.5117   0.0000   0.0000   0.0000   0.2553
  13.500   1.4178   0.04628   0.03854  -0.0348  0.1036  1.0000  -4.5894   0.0000   0.0000   0.0000   0.2540
  13.750   1.4209   0.04840   0.04061  -0.0337  0.0983  1.0000  -4.6696   0.0000   0.0000   0.0000   0.2527
  14.000   1.4230   0.05069   0.04300  -0.0329  0.0929  1.0000  -4.7411   0.0000   0.0000   0.0000   0.2516
  14.250   1.4259   0.05296   0.04531  -0.0319  0.0883  1.0000  -4.8147   0.0000   0.0000   0.0000   0.2504
  14.500   1.4291   0.05522   0.04760  -0.0312  0.0841  1.0000  -4.8904   0.0000   0.0000   0.0000   0.2493
  14.750   1.4329   0.05751   0.04997  -0.0303  0.0804  1.0000  -4.9628   0.0000   0.0000   0.0000   0.2482
  15.000   1.4365   0.05985   0.05238  -0.0297  0.0770  1.0000  -5.0478   0.0000   0.0000   0.0000   0.2471
  15.250   1.4436   0.06182   0.05430  -0.0288  0.0739  1.0000  -5.1487   0.0000   0.0000   0.0000   0.2459
  15.500   1.4442   0.06463   0.05731  -0.0284  0.0711  1.0000  -5.2143   0.0000   0.0000   0.0000   0.2451
  15.750   1.4493   0.06685   0.05955  -0.0279  0.0686  1.0000  -5.3081   0.0000   0.0000   0.0000   0.2442
  16.000   1.4575   0.06880   0.06149  -0.0271  0.0662  1.0000  -5.4115   0.0000   0.0000   0.0000   0.2430
  16.250   1.4552   0.07208   0.06500  -0.0271  0.0643  1.0000  -5.4606   0.0000   0.0000   0.0000   0.2425
  16.500   1.4570   0.07486   0.06791  -0.0269  0.0624  1.0000  -5.5325   0.0000   0.0000   0.0000   0.2418
  16.750   1.4655   0.07677   0.06981  -0.0264  0.0606  1.0000  -5.6406   0.0000   0.0000   0.0000   0.2408
  17.000   1.4749   0.07876   0.07181  -0.0256  0.0590  1.0000  -5.7428   0.0000   0.0000   0.0000   0.2397
  17.250   1.4681   0.08276   0.07609  -0.0261  0.0580  1.0000  -5.7632   0.0000   0.0000   0.0000   0.2395
  17.500   1.4624   0.08673   0.08029  -0.0267  0.0569  1.0000  -5.8018   0.0000   0.0000   0.0000   0.2394
  17.750   1.4566   0.09077   0.08453  -0.0275  0.0559  1.0000  -5.8408   0.0000   0.0000   0.0000   0.2395
  18.000   1.4517   0.09473   0.08866  -0.0285  0.0550  1.0000  -5.9036   0.0000   0.0000   0.0000   0.2396
  18.250   1.4500   0.09824   0.09228  -0.0293  0.0540  1.0000  -5.9884   0.0000   0.0000   0.0000   0.2397
  18.500   1.4590   0.10018   0.09420  -0.0292  0.0528  1.0000  -6.1472   0.0000   0.0000   0.0000   0.2389
  18.750   1.4563   0.10400   0.09814  -0.0300  0.0520  1.0000  -6.2166   0.0000   0.0000   0.0000   0.2389
  19.000   1.4367   0.11049   0.10492  -0.0333  0.0517  1.0000  -6.1638   0.0000   0.0000   0.0000   0.2408
  19.250   1.4152   0.11764   0.11236  -0.0373  0.0515  1.0000  -6.0871   0.0000   0.0000   0.0000   0.2434
  19.500   1.3909   0.12570   0.12070  -0.0423  0.0514  1.0000  -5.9759   0.0000   0.0000   0.0000   0.2468
  19.750   1.3620   0.13510   0.13037  -0.0487  0.0514  1.0000  -5.8119   0.0000   0.0000   0.0000   0.2516
  20.000   1.3256   0.14677   0.14232  -0.0573  0.0516  1.0000  -5.5576   0.0000   0.0000   0.0000   0.2586


