xflr5 v6.61

 Calculated polar for: QX0126

 1 1 Reynolds number fixed          Mach number fixed         

 xtrf =   1.000 (top)        1.000 (bottom)
 Mach =   0.000     Re =     0.800 e 6     Ncrit =   9.000

  alpha     CL        CD       CDp       Cm    Top Xtr Bot Xtr   Cpmin    Chinge    XCp    
 ------- -------- --------- --------- -------- ------- ------- -------- --------- ---------
 -10.000  -0.7154   0.01819   0.01283  -0.0805  0.8561  0.0230  -6.3437   0.0000   0.0000   0.0000   0.1244
  -9.750  -0.6923   0.01717   0.01174  -0.0803  0.8525  0.0238  -6.1342   0.0000   0.0000   0.0000   0.1211
  -9.500  -0.6663   0.01671   0.01123  -0.0802  0.8489  0.0244  -5.8945   0.0000   0.0000   0.0000   0.1168
  -9.250  -0.6401   0.01629   0.01076  -0.0802  0.8460  0.0250  -5.6591   0.0000   0.0000   0.0000   0.1121
  -9.000  -0.6135   0.01583   0.01025  -0.0801  0.8425  0.0256  -5.4301   0.0000   0.0000   0.0000   0.1068
  -8.750  -0.5870   0.01538   0.00972  -0.0801  0.8392  0.0263  -5.2068   0.0000   0.0000   0.0000   0.1011
  -8.500  -0.5600   0.01501   0.00926  -0.0800  0.8362  0.0269  -4.9835   0.0000   0.0000   0.0000   0.0947
  -8.250  -0.5327   0.01464   0.00883  -0.0800  0.8324  0.0274  -4.7632   0.0000   0.0000   0.0000   0.0874
  -8.000  -0.5077   0.01380   0.00793  -0.0798  0.8290  0.0284  -4.5790   0.0000   0.0000   0.0000   0.0803
  -7.750  -0.4805   0.01340   0.00751  -0.0798  0.8257  0.0292  -4.3736   0.0000   0.0000   0.0000   0.0714
  -7.500  -0.4529   0.01306   0.00713  -0.0798  0.8220  0.0301  -4.1705   0.0000   0.0000   0.0000   0.0612
  -7.250  -0.4253   0.01276   0.00677  -0.0798  0.8190  0.0312  -3.9711   0.0000   0.0000   0.0000   0.0498
  -7.000  -0.3972   0.01250   0.00646  -0.0798  0.8152  0.0321  -3.7755   0.0000   0.0000   0.0000   0.0362
  -6.750  -0.3701   0.01198   0.00589  -0.0798  0.8117  0.0334  -3.6047   0.0000   0.0000   0.0000   0.0214
  -6.500  -0.3426   0.01161   0.00549  -0.0798  0.8087  0.0350  -3.4271   0.0000   0.0000   0.0000   0.0038
  -6.250  -0.3143   0.01133   0.00520  -0.0799  0.8049  0.0367  -3.2530   0.0000   0.0000   0.0000  -0.0178
  -6.000  -0.2860   0.01112   0.00493  -0.0799  0.8016  0.0382  -3.0888   0.0000   0.0000   0.0000  -0.0435
  -5.750  -0.2583   0.01069   0.00451  -0.0799  0.7978  0.0413  -2.9336   0.0000   0.0000   0.0000  -0.0742
  -5.500  -0.2298   0.01048   0.00427  -0.0800  0.7940  0.0440  -2.7724   0.0000   0.0000   0.0000  -0.1136
  -5.250  -0.2016   0.01020   0.00396  -0.0800  0.7907  0.0471  -2.6231   0.0000   0.0000   0.0000  -0.1636
  -5.000  -0.1730   0.00999   0.00376  -0.0802  0.7867  0.0505  -2.4761   0.0000   0.0000   0.0000  -0.2315
  -4.750  -0.1445   0.00978   0.00351  -0.0802  0.7832  0.0539  -2.3336   0.0000   0.0000   0.0000  -0.3254
  -4.500  -0.1158   0.00957   0.00332  -0.0803  0.7790  0.0584  -2.1912   0.0000   0.0000   0.0000  -0.4672
  -4.250  -0.0872   0.00935   0.00311  -0.0804  0.7753  0.0639  -2.0524   0.0000   0.0000   0.0000  -0.7013
  -4.000  -0.0585   0.00915   0.00293  -0.0805  0.7713  0.0712  -1.9155   0.0000   0.0000   0.0000  -1.1665
  -3.750  -0.0298   0.00896   0.00277  -0.0806  0.7669  0.0812  -1.7893   0.0000   0.0000   0.0000  -2.5308
  -3.500  -0.0010   0.00880   0.00263  -0.0807  0.7627  0.0924  -1.6653   0.0000   0.0000   0.0000  -83.3388
  -3.250   0.0278   0.00863   0.00248  -0.0809  0.7579  0.1039  -1.5434   0.0000   0.0000   0.0000   3.2227
  -3.000   0.0566   0.00845   0.00236  -0.0810  0.7536  0.1192  -1.4236   0.0000   0.0000   0.0000   1.7107
  -2.750   0.0854   0.00829   0.00225  -0.0812  0.7490  0.1364  -1.3061   0.0000   0.0000   0.0000   1.2170
  -2.500   0.1142   0.00812   0.00214  -0.0813  0.7444  0.1551  -1.1916   0.0000   0.0000   0.0000   0.9730
  -2.250   0.1430   0.00795   0.00205  -0.0815  0.7393  0.1808  -1.0799   0.0000   0.0000   0.0000   0.8273
  -2.000   0.1718   0.00779   0.00197  -0.0816  0.7339  0.2075  -0.9780   0.0000   0.0000   0.0000   0.7304
  -1.750   0.2005   0.00764   0.00189  -0.0818  0.7288  0.2369  -0.8785   0.0000   0.0000   0.0000   0.6614
  -1.500   0.2294   0.00747   0.00183  -0.0819  0.7229  0.2692  -0.7812   0.0000   0.0000   0.0000   0.6096
  -1.250   0.2580   0.00730   0.00177  -0.0821  0.7173  0.3099  -0.7035   0.0000   0.0000   0.0000   0.5696
  -1.000   0.2866   0.00712   0.00172  -0.0823  0.7115  0.3573  -0.6424   0.0000   0.0000   0.0000   0.5376
  -0.750   0.3150   0.00687   0.00169  -0.0824  0.7050  0.4275  -0.6625   0.0000   0.0000   0.0000   0.5116
  -0.500   0.3430   0.00658   0.00167  -0.0825  0.6987  0.5192  -0.6830   0.0000   0.0000   0.0000   0.4900
  -0.250   0.3711   0.00639   0.00166  -0.0826  0.6918  0.5897  -0.7054   0.0000   0.0000   0.0000   0.4713
   0.000   0.3989   0.00622   0.00168  -0.0825  0.6840  0.6587  -0.7310   0.0000   0.0000   0.0000   0.4551
   0.250   0.4269   0.00612   0.00170  -0.0824  0.6754  0.7098  -0.7569   0.0000   0.0000   0.0000   0.4409
   0.500   0.4549   0.00607   0.00172  -0.0822  0.6665  0.7475  -0.7836   0.0000   0.0000   0.0000   0.4284
   0.750   0.4828   0.00603   0.00175  -0.0821  0.6576  0.7802  -0.8104   0.0000   0.0000   0.0000   0.4173
   1.000   0.5104   0.00600   0.00178  -0.0818  0.6491  0.8152  -0.8372   0.0000   0.0000   0.0000   0.4073
   1.250   0.5372   0.00597   0.00183  -0.0814  0.6401  0.8507  -0.8653   0.0000   0.0000   0.0000   0.3982
   1.500   0.5633   0.00596   0.00187  -0.0808  0.6304  0.8827  -0.8931   0.0000   0.0000   0.0000   0.3898
   1.750   0.5885   0.00597   0.00191  -0.0799  0.6196  0.9147  -0.9240   0.0000   0.0000   0.0000   0.3819
   2.000   0.6145   0.00598   0.00195  -0.0792  0.6075  0.9484  -0.9583   0.0000   0.0000   0.0000   0.3747
   2.250   0.6489   0.00605   0.00197  -0.0805  0.5942  0.9797  -0.9993   0.0000   0.0000   0.0000   0.3696
   2.500   0.6867   0.00614   0.00200  -0.0826  0.5795  1.0000  -1.0442   0.0000   0.0000   0.0000   0.3657
   2.750   0.7140   0.00628   0.00206  -0.0825  0.5666  1.0000  -1.0820   0.0000   0.0000   0.0000   0.3607
   3.000   0.7415   0.00641   0.00214  -0.0825  0.5534  1.0000  -1.1212   0.0000   0.0000   0.0000   0.3560
   3.250   0.7689   0.00657   0.00222  -0.0824  0.5400  1.0000  -1.1624   0.0000   0.0000   0.0000   0.3517
   3.500   0.7963   0.00672   0.00232  -0.0824  0.5261  1.0000  -1.2086   0.0000   0.0000   0.0000   0.3477
   3.750   0.8235   0.00690   0.00243  -0.0823  0.5119  1.0000  -1.2549   0.0000   0.0000   0.0000   0.3439
   4.000   0.8506   0.00709   0.00255  -0.0822  0.4957  1.0000  -1.3016   0.0000   0.0000   0.0000   0.3404
   4.250   0.8776   0.00729   0.00268  -0.0821  0.4791  1.0000  -1.3522   0.0000   0.0000   0.0000   0.3370
   4.500   0.9044   0.00750   0.00282  -0.0820  0.4637  1.0000  -1.4059   0.0000   0.0000   0.0000   0.3338
   4.750   0.9310   0.00773   0.00298  -0.0818  0.4476  1.0000  -1.4624   0.0000   0.0000   0.0000   0.3308
   5.000   0.9575   0.00796   0.00314  -0.0817  0.4305  1.0000  -1.5254   0.0000   0.0000   0.0000   0.3279
   5.250   0.9838   0.00821   0.00332  -0.0815  0.4130  1.0000  -1.5910   0.0000   0.0000   0.0000   0.3251
   5.500   1.0098   0.00848   0.00352  -0.0813  0.3956  1.0000  -1.6590   0.0000   0.0000   0.0000   0.3225
   5.750   1.0355   0.00877   0.00373  -0.0810  0.3773  1.0000  -1.7273   0.0000   0.0000   0.0000   0.3200
   6.000   1.0609   0.00908   0.00395  -0.0807  0.3583  1.0000  -1.7981   0.0000   0.0000   0.0000   0.3175
   6.250   1.0860   0.00941   0.00419  -0.0804  0.3400  1.0000  -1.8793   0.0000   0.0000   0.0000   0.3151
   6.500   1.1109   0.00974   0.00445  -0.0801  0.3220  1.0000  -1.9820   0.0000   0.0000   0.0000   0.3128
   6.750   1.1351   0.01012   0.00473  -0.0796  0.3023  1.0000  -2.0850   0.0000   0.0000   0.0000   0.3106
   7.000   1.1592   0.01050   0.00503  -0.0792  0.2835  1.0000  -2.1893   0.0000   0.0000   0.0000   0.3084
   7.250   1.1831   0.01088   0.00533  -0.0787  0.2669  1.0000  -2.2950   0.0000   0.0000   0.0000   0.3063
   7.500   1.2065   0.01129   0.00566  -0.0782  0.2496  1.0000  -2.4070   0.0000   0.0000   0.0000   0.3042
   7.750   1.2290   0.01174   0.00601  -0.0775  0.2314  1.0000  -2.5321   0.0000   0.0000   0.0000   0.3022
   8.000   1.2513   0.01220   0.00639  -0.0768  0.2144  1.0000  -2.6585   0.0000   0.0000   0.0000   0.3002
   8.250   1.2732   0.01266   0.00677  -0.0761  0.1978  1.0000  -2.7860   0.0000   0.0000   0.0000   0.2982
   8.500   1.2945   0.01315   0.00718  -0.0753  0.1830  1.0000  -2.9138   0.0000   0.0000   0.0000   0.2962
   8.750   1.3157   0.01361   0.00759  -0.0745  0.1703  1.0000  -3.0433   0.0000   0.0000   0.0000   0.2943
   9.250   1.3557   0.01462   0.00849  -0.0725  0.1489  1.0000  -3.3014   0.0000   0.0000   0.0000   0.2904
   9.500   1.3737   0.01511   0.00896  -0.0712  0.1393  1.0000  -3.4273   0.0000   0.0000   0.0000   0.2884
   9.750   1.3910   0.01565   0.00948  -0.0698  0.1297  1.0000  -3.5527   0.0000   0.0000   0.0000   0.2864
  10.000   1.4076   0.01626   0.01004  -0.0684  0.1203  1.0000  -3.6777   0.0000   0.0000   0.0000   0.2844
  10.250   1.4236   0.01692   0.01067  -0.0671  0.1113  1.0000  -3.8021   0.0000   0.0000   0.0000   0.2825
  10.500   1.4391   0.01763   0.01135  -0.0657  0.1028  1.0000  -3.9260   0.0000   0.0000   0.0000   0.2806
  10.750   1.4540   0.01840   0.01210  -0.0644  0.0952  1.0000  -4.0494   0.0000   0.0000   0.0000   0.2788
  11.000   1.4687   0.01920   0.01289  -0.0631  0.0884  1.0000  -4.1730   0.0000   0.0000   0.0000   0.2771
  11.250   1.4827   0.02007   0.01374  -0.0617  0.0819  1.0000  -4.2955   0.0000   0.0000   0.0000   0.2753
  11.500   1.4964   0.02097   0.01462  -0.0605  0.0759  1.0000  -4.4184   0.0000   0.0000   0.0000   0.2737
  11.750   1.5103   0.02187   0.01554  -0.0593  0.0705  1.0000  -4.5423   0.0000   0.0000   0.0000   0.2720
  12.000   1.5227   0.02290   0.01657  -0.0580  0.0654  1.0000  -4.6622   0.0000   0.0000   0.0000   0.2704
  12.250   1.5342   0.02400   0.01766  -0.0566  0.0604  1.0000  -4.7811   0.0000   0.0000   0.0000   0.2688
  12.500   1.5463   0.02508   0.01876  -0.0554  0.0562  1.0000  -4.9079   0.0000   0.0000   0.0000   0.2673
  12.750   1.5557   0.02638   0.02006  -0.0541  0.0519  1.0000  -5.0252   0.0000   0.0000   0.0000   0.2657
  13.000   1.5669   0.02756   0.02127  -0.0529  0.0485  1.0000  -5.1501   0.0000   0.0000   0.0000   0.2642
  13.250   1.5744   0.02905   0.02277  -0.0515  0.0450  1.0000  -5.2615   0.0000   0.0000   0.0000   0.2627
  13.500   1.5846   0.03035   0.02411  -0.0504  0.0425  1.0000  -5.3837   0.0000   0.0000   0.0000   0.2613
  13.750   1.5909   0.03199   0.02577  -0.0491  0.0398  1.0000  -5.4913   0.0000   0.0000   0.0000   0.2599
  14.000   1.5980   0.03359   0.02742  -0.0480  0.0378  1.0000  -5.6081   0.0000   0.0000   0.0000   0.2585
  14.250   1.6051   0.03522   0.02911  -0.0469  0.0361  1.0000  -5.7306   0.0000   0.0000   0.0000   0.2572
  14.500   1.6092   0.03715   0.03107  -0.0458  0.0345  1.0000  -5.8411   0.0000   0.0000   0.0000   0.2559
  14.750   1.6090   0.03953   0.03351  -0.0446  0.0328  1.0000  -5.9418   0.0000   0.0000   0.0000   0.2546
  15.000   1.6164   0.04127   0.03533  -0.0438  0.0320  1.0000  -6.1131   0.0000   0.0000   0.0000   0.2535
  15.250   1.6218   0.04326   0.03739  -0.0431  0.0310  1.0000  -6.2743   0.0000   0.0000   0.0000   0.2524
  15.500   1.6251   0.04552   0.03971  -0.0424  0.0300  1.0000  -6.4245   0.0000   0.0000   0.0000   0.2514
  15.750   1.6261   0.04809   0.04234  -0.0418  0.0291  1.0000  -6.5615   0.0000   0.0000   0.0000   0.2504
  16.000   1.6234   0.05115   0.04547  -0.0413  0.0282  1.0000  -6.6755   0.0000   0.0000   0.0000   0.2496
  16.250   1.6185   0.05456   0.04897  -0.0410  0.0274  1.0000  -6.7745   0.0000   0.0000   0.0000   0.2489
  16.500   1.6211   0.05719   0.05169  -0.0408  0.0270  1.0000  -6.9213   0.0000   0.0000   0.0000   0.2481
  16.750   1.6217   0.06009   0.05469  -0.0408  0.0266  1.0000  -7.0567   0.0000   0.0000   0.0000   0.2475
  17.000   1.6210   0.06321   0.05790  -0.0408  0.0261  1.0000  -7.1838   0.0000   0.0000   0.0000   0.2469
  17.250   1.6193   0.06653   0.06131  -0.0410  0.0256  1.0000  -7.3044   0.0000   0.0000   0.0000   0.2465
  17.500   1.6162   0.07008   0.06495  -0.0414  0.0251  1.0000  -7.4159   0.0000   0.0000   0.0000   0.2461
  17.750   1.6113   0.07392   0.06887  -0.0419  0.0247  1.0000  -7.5153   0.0000   0.0000   0.0000   0.2459
  18.000   1.6047   0.07807   0.07311  -0.0425  0.0243  1.0000  -7.6010   0.0000   0.0000   0.0000   0.2458
  18.250   1.5956   0.08263   0.07776  -0.0434  0.0239  1.0000  -7.6675   0.0000   0.0000   0.0000   0.2459
  18.500   1.5841   0.08763   0.08285  -0.0445  0.0235  1.0000  -7.7132   0.0000   0.0000   0.0000   0.2462
  18.750   1.5699   0.09308   0.08840  -0.0459  0.0231  1.0000  -7.7356   0.0000   0.0000   0.0000   0.2467
  19.000   1.5569   0.09843   0.09386  -0.0475  0.0228  1.0000  -7.7628   0.0000   0.0000   0.0000   0.2473
  19.250   1.5521   0.10266   0.09819  -0.0488  0.0226  1.0000  -7.8501   0.0000   0.0000   0.0000   0.2476
  19.500   1.5463   0.10705   0.10269  -0.0502  0.0224  1.0000  -7.9276   0.0000   0.0000   0.0000   0.2480
  19.750   1.5400   0.11156   0.10730  -0.0519  0.0222  1.0000  -7.9984   0.0000   0.0000   0.0000   0.2485
  20.000   1.5334   0.11616   0.11199  -0.0537  0.0220  1.0000  -8.0641   0.0000   0.0000   0.0000   0.2492


