xflr5 v6.61

 Calculated polar for: QX0126

 1 1 Reynolds number fixed          Mach number fixed         

 xtrf =   1.000 (top)        1.000 (bottom)
 Mach =   0.000     Re =     0.260 e 6     Ncrit =   9.000

  alpha     CL        CD       CDp       Cm    Top Xtr Bot Xtr   Cpmin    Chinge    XCp    
 ------- -------- --------- --------- -------- ------- ------- -------- --------- ---------
 -10.000  -0.4429   0.06650   0.06345  -0.0745  0.9813  0.0455  -3.4164   0.0000   0.0000   0.0000   0.0660
  -9.750  -0.4283   0.06336   0.06031  -0.0785  0.9734  0.0459  -3.3239   0.0000   0.0000   0.0000   0.0510
  -9.500  -0.4176   0.05947   0.05638  -0.0844  0.9638  0.0466  -3.2644   0.0000   0.0000   0.0000   0.0326
  -9.250  -0.4079   0.05736   0.05423  -0.0875  0.9538  0.0478  -3.1679   0.0000   0.0000   0.0000   0.0205
  -9.000  -0.5018   0.03431   0.02951  -0.0987  0.9329  0.0424  -4.2231   0.0000   0.0000   0.0000   0.0398
  -8.750  -0.4923   0.03107   0.02577  -0.0980  0.9268  0.0430  -4.2057   0.0000   0.0000   0.0000   0.0374
  -8.500  -0.4774   0.02850   0.02275  -0.0974  0.9205  0.0437  -4.1473   0.0000   0.0000   0.0000   0.0324
  -8.250  -0.4591   0.02669   0.02050  -0.0967  0.9154  0.0446  -4.0528   0.0000   0.0000   0.0000   0.0258
  -8.000  -0.4396   0.02479   0.01832  -0.0960  0.9104  0.0458  -3.9371   0.0000   0.0000   0.0000   0.0178
  -7.750  -0.4166   0.02376   0.01724  -0.0956  0.9056  0.0470  -3.7808   0.0000   0.0000   0.0000   0.0066
  -7.500  -0.3934   0.02283   0.01618  -0.0950  0.9010  0.0483  -3.6347   0.0000   0.0000   0.0000  -0.0055
  -7.250  -0.3695   0.02186   0.01504  -0.0945  0.8961  0.0498  -3.4957   0.0000   0.0000   0.0000  -0.0201
  -7.000  -0.3454   0.02103   0.01397  -0.0938  0.8917  0.0515  -3.3580   0.0000   0.0000   0.0000  -0.0362
  -6.750  -0.3210   0.01996   0.01280  -0.0935  0.8868  0.0534  -3.2246   0.0000   0.0000   0.0000  -0.0561
  -6.500  -0.2962   0.01931   0.01214  -0.0929  0.8827  0.0556  -3.0769   0.0000   0.0000   0.0000  -0.0791
  -6.250  -0.2706   0.01870   0.01143  -0.0926  0.8778  0.0581  -2.9395   0.0000   0.0000   0.0000  -0.1080
  -6.000  -0.2455   0.01796   0.01056  -0.0919  0.8737  0.0608  -2.8168   0.0000   0.0000   0.0000  -0.1411
  -5.750  -0.2199   0.01743   0.01008  -0.0917  0.8687  0.0642  -2.6795   0.0000   0.0000   0.0000  -0.1844
  -5.500  -0.1939   0.01699   0.00952  -0.0911  0.8648  0.0684  -2.5521   0.0000   0.0000   0.0000  -0.2389
  -5.250  -0.1682   0.01647   0.00907  -0.0909  0.8599  0.0728  -2.4181   0.0000   0.0000   0.0000  -0.3108
  -5.000  -0.1422   0.01601   0.00856  -0.0904  0.8559  0.0777  -2.3014   0.0000   0.0000   0.0000  -0.4084
  -4.750  -0.1157   0.01571   0.00825  -0.0901  0.8509  0.0838  -2.1769   0.0000   0.0000   0.0000  -0.5556
  -4.500  -0.0897   0.01529   0.00784  -0.0897  0.8468  0.0908  -2.0551   0.0000   0.0000   0.0000  -0.7817
  -4.250  -0.0633   0.01492   0.00750  -0.0894  0.8415  0.0998  -1.9347   0.0000   0.0000   0.0000  -1.2047
  -4.000  -0.0367   0.01458   0.00714  -0.0890  0.8376  0.1116  -1.8160   0.0000   0.0000   0.0000  -2.2426
  -3.750  -0.0101   0.01426   0.00692  -0.0889  0.8324  0.1256  -1.7045   0.0000   0.0000   0.0000  -8.7635
  -3.500   0.0165   0.01388   0.00659  -0.0885  0.8284  0.1426  -1.5944   0.0000   0.0000   0.0000   5.7371
  -3.250   0.0434   0.01361   0.00641  -0.0884  0.8229  0.1632  -1.4840   0.0000   0.0000   0.0000   2.3338
  -3.000   0.0704   0.01330   0.00616  -0.0881  0.8191  0.1879  -1.3736   0.0000   0.0000   0.0000   1.5260
  -2.750   0.0973   0.01303   0.00603  -0.0880  0.8133  0.2182  -1.2654   0.0000   0.0000   0.0000   1.1704
  -2.500   0.1245   0.01271   0.00581  -0.0877  0.8094  0.2570  -1.1577   0.0000   0.0000   0.0000   0.9661
  -2.250   0.1512   0.01241   0.00571  -0.0876  0.8033  0.3047  -1.0588   0.0000   0.0000   0.0000   0.8375
  -2.000   0.1778   0.01206   0.00558  -0.0874  0.7983  0.3673  -0.9627   0.0000   0.0000   0.0000   0.7472
  -1.750   0.2040   0.01165   0.00547  -0.0870  0.7932  0.4494  -0.8691   0.0000   0.0000   0.0000   0.6807
  -1.500   0.2295   0.01128   0.00546  -0.0865  0.7876  0.5486  -0.7786   0.0000   0.0000   0.0000   0.6299
  -1.250   0.2548   0.01094   0.00540  -0.0856  0.7832  0.6406  -0.7035   0.0000   0.0000   0.0000   0.5878
  -1.000   0.2795   0.01075   0.00545  -0.0845  0.7768  0.7151  -0.6351   0.0000   0.0000   0.0000   0.5536
  -0.750   0.3043   0.01059   0.00541  -0.0833  0.7714  0.7713  -0.6499   0.0000   0.0000   0.0000   0.5242
  -0.500   0.3290   0.01045   0.00534  -0.0820  0.7658  0.8163  -0.6699   0.0000   0.0000   0.0000   0.4991
  -0.250   0.3526   0.01036   0.00533  -0.0805  0.7592  0.8569  -0.6898   0.0000   0.0000   0.0000   0.4776
   0.000   0.3765   0.01025   0.00524  -0.0789  0.7534  0.8958  -0.7130   0.0000   0.0000   0.0000   0.4584
   0.250   0.4046   0.01014   0.00512  -0.0782  0.7476  0.9334  -0.7390   0.0000   0.0000   0.0000   0.4416
   0.500   0.4432   0.01006   0.00502  -0.0800  0.7406  0.9655  -0.7715   0.0000   0.0000   0.0000   0.4284
   0.750   0.4899   0.00997   0.00486  -0.0836  0.7340  0.9899  -0.8095   0.0000   0.0000   0.0000   0.4183
   1.000   0.5282   0.00988   0.00469  -0.0858  0.7269  1.0000  -0.8433   0.0000   0.0000   0.0000   0.4096
   1.250   0.5530   0.00984   0.00456  -0.0851  0.7195  1.0000  -0.8701   0.0000   0.0000   0.0000   0.4009
   1.500   0.5785   0.00983   0.00448  -0.0846  0.7110  1.0000  -0.8974   0.0000   0.0000   0.0000   0.3930
   1.750   0.6046   0.00982   0.00441  -0.0842  0.7021  1.0000  -0.9305   0.0000   0.0000   0.0000   0.3857
   2.000   0.6312   0.00983   0.00435  -0.0839  0.6931  1.0000  -0.9650   0.0000   0.0000   0.0000   0.3790
   2.250   0.6582   0.00986   0.00433  -0.0836  0.6841  1.0000  -1.0004   0.0000   0.0000   0.0000   0.3728
   2.500   0.6853   0.00990   0.00431  -0.0834  0.6748  1.0000  -1.0371   0.0000   0.0000   0.0000   0.3672
   2.750   0.7122   0.00996   0.00433  -0.0831  0.6645  1.0000  -1.0745   0.0000   0.0000   0.0000   0.3620
   3.000   0.7391   0.01002   0.00436  -0.0829  0.6533  1.0000  -1.1131   0.0000   0.0000   0.0000   0.3571
   3.250   0.7661   0.01009   0.00437  -0.0826  0.6415  1.0000  -1.1532   0.0000   0.0000   0.0000   0.3525
   3.500   0.7930   0.01017   0.00438  -0.0823  0.6294  1.0000  -1.1985   0.0000   0.0000   0.0000   0.3482
   3.750   0.8195   0.01027   0.00445  -0.0820  0.6156  1.0000  -1.2441   0.0000   0.0000   0.0000   0.3441
   4.000   0.8463   0.01040   0.00451  -0.0817  0.6030  1.0000  -1.2904   0.0000   0.0000   0.0000   0.3403
   4.250   0.8727   0.01054   0.00463  -0.0814  0.5893  1.0000  -1.3407   0.0000   0.0000   0.0000   0.3368
   4.500   0.8990   0.01071   0.00473  -0.0811  0.5757  1.0000  -1.3934   0.0000   0.0000   0.0000   0.3334
   4.750   0.9250   0.01090   0.00489  -0.0807  0.5607  1.0000  -1.4486   0.0000   0.0000   0.0000   0.3302
   5.000   0.9507   0.01111   0.00504  -0.0803  0.5457  1.0000  -1.5090   0.0000   0.0000   0.0000   0.3271
   5.250   0.9760   0.01134   0.00521  -0.0798  0.5298  1.0000  -1.5710   0.0000   0.0000   0.0000   0.3242
   5.500   1.0009   0.01160   0.00541  -0.0793  0.5126  1.0000  -1.6366   0.0000   0.0000   0.0000   0.3213
   5.750   1.0256   0.01187   0.00564  -0.0788  0.4954  1.0000  -1.7031   0.0000   0.0000   0.0000   0.3186
   6.000   1.0499   0.01217   0.00589  -0.0782  0.4781  1.0000  -1.7711   0.0000   0.0000   0.0000   0.3160
   6.250   1.0737   0.01249   0.00616  -0.0776  0.4602  1.0000  -1.8474   0.0000   0.0000   0.0000   0.3134
   6.500   1.0969   0.01285   0.00645  -0.0769  0.4416  1.0000  -1.9320   0.0000   0.0000   0.0000   0.3109
   6.750   1.1197   0.01323   0.00678  -0.0762  0.4230  1.0000  -2.0311   0.0000   0.0000   0.0000   0.3085
   7.000   1.1418   0.01364   0.00712  -0.0753  0.4039  1.0000  -2.1304   0.0000   0.0000   0.0000   0.3061
   7.250   1.1632   0.01409   0.00751  -0.0744  0.3846  1.0000  -2.2296   0.0000   0.0000   0.0000   0.3038
   7.500   1.1839   0.01457   0.00792  -0.0734  0.3654  1.0000  -2.3288   0.0000   0.0000   0.0000   0.3015
   7.750   1.2041   0.01507   0.00837  -0.0724  0.3462  1.0000  -2.4334   0.0000   0.0000   0.0000   0.2993
   8.000   1.2235   0.01561   0.00885  -0.0713  0.3273  1.0000  -2.5495   0.0000   0.0000   0.0000   0.2970
   8.250   1.2418   0.01620   0.00937  -0.0700  0.3085  1.0000  -2.6646   0.0000   0.0000   0.0000   0.2948
   8.500   1.2592   0.01681   0.00992  -0.0686  0.2904  1.0000  -2.7789   0.0000   0.0000   0.0000   0.2926
   8.750   1.2754   0.01748   0.01052  -0.0671  0.2731  1.0000  -2.8915   0.0000   0.0000   0.0000   0.2903
   9.000   1.2892   0.01816   0.01116  -0.0653  0.2574  1.0000  -2.9990   0.0000   0.0000   0.0000   0.2879
   9.250   1.3032   0.01889   0.01185  -0.0635  0.2422  1.0000  -3.1080   0.0000   0.0000   0.0000   0.2857
   9.500   1.3161   0.01971   0.01262  -0.0618  0.2280  1.0000  -3.2151   0.0000   0.0000   0.0000   0.2835
   9.750   1.3290   0.02058   0.01345  -0.0602  0.2137  1.0000  -3.3230   0.0000   0.0000   0.0000   0.2814
  10.000   1.3417   0.02149   0.01434  -0.0586  0.2001  1.0000  -3.4309   0.0000   0.0000   0.0000   0.2794
  10.250   1.3537   0.02248   0.01530  -0.0571  0.1872  1.0000  -3.5378   0.0000   0.0000   0.0000   0.2775
  10.500   1.3647   0.02356   0.01634  -0.0556  0.1755  1.0000  -3.6426   0.0000   0.0000   0.0000   0.2756
  10.750   1.3763   0.02464   0.01742  -0.0542  0.1641  1.0000  -3.7494   0.0000   0.0000   0.0000   0.2738
  11.000   1.3867   0.02583   0.01860  -0.0527  0.1537  1.0000  -3.8532   0.0000   0.0000   0.0000   0.2721
  11.250   1.3964   0.02709   0.01986  -0.0513  0.1440  1.0000  -3.9553   0.0000   0.0000   0.0000   0.2704
  11.500   1.4056   0.02842   0.02119  -0.0499  0.1348  1.0000  -4.0563   0.0000   0.0000   0.0000   0.2687
  11.750   1.4144   0.02981   0.02258  -0.0486  0.1260  1.0000  -4.1560   0.0000   0.0000   0.0000   0.2671
  12.000   1.4224   0.03129   0.02407  -0.0473  0.1178  1.0000  -4.2535   0.0000   0.0000   0.0000   0.2655
  12.250   1.4296   0.03286   0.02565  -0.0460  0.1101  1.0000  -4.3482   0.0000   0.0000   0.0000   0.2640
  12.500   1.4359   0.03454   0.02736  -0.0447  0.1031  1.0000  -4.4393   0.0000   0.0000   0.0000   0.2625
  12.750   1.4403   0.03641   0.02924  -0.0435  0.0969  1.0000  -4.5271   0.0000   0.0000   0.0000   0.2610
  13.000   1.4435   0.03844   0.03126  -0.0423  0.0912  1.0000  -4.6129   0.0000   0.0000   0.0000   0.2596
  13.250   1.4487   0.04033   0.03323  -0.0412  0.0855  1.0000  -4.7037   0.0000   0.0000   0.0000   0.2583
  13.500   1.4503   0.04259   0.03551  -0.0401  0.0809  1.0000  -4.7815   0.0000   0.0000   0.0000   0.2570
  13.750   1.4529   0.04480   0.03777  -0.0392  0.0764  1.0000  -4.8630   0.0000   0.0000   0.0000   0.2558
  14.000   1.4540   0.04723   0.04025  -0.0383  0.0724  1.0000  -4.9364   0.0000   0.0000   0.0000   0.2547
  14.250   1.4558   0.04969   0.04276  -0.0377  0.0687  1.0000  -5.0132   0.0000   0.0000   0.0000   0.2537
  14.500   1.4552   0.05244   0.04554  -0.0370  0.0657  1.0000  -5.0782   0.0000   0.0000   0.0000   0.2527
  14.750   1.4576   0.05497   0.04818  -0.0366  0.0626  1.0000  -5.1546   0.0000   0.0000   0.0000   0.2519
  15.000   1.4563   0.05792   0.05113  -0.0362  0.0602  1.0000  -5.2274   0.0000   0.0000   0.0000   0.2511
  15.250   1.4567   0.06074   0.05404  -0.0358  0.0579  1.0000  -5.3022   0.0000   0.0000   0.0000   0.2503
  15.500   1.4581   0.06356   0.05696  -0.0356  0.0557  1.0000  -5.3816   0.0000   0.0000   0.0000   0.2496
  15.750   1.4580   0.06654   0.05999  -0.0356  0.0539  1.0000  -5.4573   0.0000   0.0000   0.0000   0.2490
  16.000   1.4567   0.06946   0.06286  -0.0351  0.0522  1.0000  -5.5262   0.0000   0.0000   0.0000   0.2481
  16.250   1.4579   0.07248   0.06605  -0.0352  0.0507  1.0000  -5.5995   0.0000   0.0000   0.0000   0.2477
  16.500   1.4587   0.07550   0.06920  -0.0353  0.0493  1.0000  -5.6723   0.0000   0.0000   0.0000   0.2472
  16.750   1.4594   0.07854   0.07231  -0.0355  0.0479  1.0000  -5.7469   0.0000   0.0000   0.0000   0.2467
  17.000   1.4601   0.08154   0.07536  -0.0357  0.0468  1.0000  -5.8230   0.0000   0.0000   0.0000   0.2463
  17.250   1.4638   0.08374   0.07750  -0.0351  0.0454  1.0000  -5.9286   0.0000   0.0000   0.0000   0.2453
  17.500   1.4632   0.08711   0.08103  -0.0356  0.0446  1.0000  -6.0271   0.0000   0.0000   0.0000   0.2450
  17.750   1.4621   0.09062   0.08470  -0.0363  0.0436  1.0000  -6.1216   0.0000   0.0000   0.0000   0.2450
  18.000   1.4612   0.09407   0.08828  -0.0371  0.0427  1.0000  -6.2189   0.0000   0.0000   0.0000   0.2449
  18.250   1.4610   0.09744   0.09175  -0.0379  0.0418  1.0000  -6.3204   0.0000   0.0000   0.0000   0.2448
  18.500   1.4617   0.10062   0.09502  -0.0386  0.0410  1.0000  -6.4295   0.0000   0.0000   0.0000   0.2447
  18.750   1.4640   0.10349   0.09793  -0.0392  0.0403  1.0000  -6.5503   0.0000   0.0000   0.0000   0.2445
  19.000   1.4682   0.10587   0.10033  -0.0394  0.0395  1.0000  -6.6861   0.0000   0.0000   0.0000   0.2439
  19.250   1.4709   0.10839   0.10292  -0.0394  0.0387  1.0000  -6.8032   0.0000   0.0000   0.0000   0.2433
  19.500   1.4650   0.11294   0.10766  -0.0415  0.0383  1.0000  -6.8545   0.0000   0.0000   0.0000   0.2442
  19.750   1.4590   0.11758   0.11249  -0.0437  0.0379  1.0000  -6.9004   0.0000   0.0000   0.0000   0.2452
  20.000   1.4526   0.12232   0.11740  -0.0461  0.0374  1.0000  -6.9402   0.0000   0.0000   0.0000   0.2463


