xflr5 v6.61

 Calculated polar for: QX0226

 1 1 Reynolds number fixed          Mach number fixed         

 xtrf =   1.000 (top)        1.000 (bottom)
 Mach =   0.000     Re =     0.180 e 6     Ncrit =   9.000

  alpha     CL        CD       CDp       Cm    Top Xtr Bot Xtr   Cpmin    Chinge    XCp    
 ------- -------- --------- --------- -------- ------- ------- -------- --------- ---------
  -9.500  -0.0738   0.09128   0.08745  -0.1043  0.9352  0.0791  -1.5274   0.0000   0.0000   0.0000  -1.2427
  -9.250  -0.0578   0.08899   0.08513  -0.1034  0.9310  0.0808  -1.4377   0.0000   0.0000   0.0000  -1.6405
  -9.000  -0.0549   0.08602   0.08217  -0.1048  0.9248  0.0838  -1.4493   0.0000   0.0000   0.0000  -1.7619
  -8.750  -0.0632   0.08145   0.07762  -0.1083  0.9189  0.0862  -1.5522   0.0000   0.0000   0.0000  -1.5495
  -8.500  -0.0478   0.07972   0.07588  -0.1069  0.9137  0.0883  -1.4583   0.0000   0.0000   0.0000  -2.0978
  -8.250  -0.0879   0.07265   0.06887  -0.1182  0.9029  0.0929  -1.7824   0.0000   0.0000   0.0000  -1.1528
  -7.250  -0.1501   0.03975   0.03455  -0.1423  0.8810  0.0616  -2.8477   0.0000   0.0000   0.0000  -0.7355
  -7.000  -0.1354   0.03511   0.02931  -0.1433  0.8777  0.0598  -2.9058   0.0000   0.0000   0.0000  -0.8492
  -6.750  -0.1236   0.03248   0.02625  -0.1425  0.8710  0.0596  -2.9051   0.0000   0.0000   0.0000  -0.9467
  -6.500  -0.1008   0.02970   0.02290  -0.1428  0.8680  0.0599  -2.8721   0.0000   0.0000   0.0000  -1.2187
  -6.250  -0.0825   0.02806   0.02076  -0.1420  0.8626  0.0611  -2.8295   0.0000   0.0000   0.0000  -1.5340
  -6.000  -0.0568   0.02710   0.01984  -0.1420  0.8590  0.0628  -2.6944   0.0000   0.0000   0.0000  -2.3382
  -5.750  -0.0282   0.02574   0.01817  -0.1423  0.8566  0.0649  -2.5933   0.0000   0.0000   0.0000  -4.9702
  -5.500  -0.0082   0.02497   0.01717  -0.1413  0.8508  0.0670  -2.5120   0.0000   0.0000   0.0000  -17.5088
  -5.250   0.0194   0.02417   0.01634  -0.1414  0.8477  0.0697  -2.3900   0.0000   0.0000   0.0000   7.7451
  -5.000   0.0495   0.02320   0.01518  -0.1416  0.8456  0.0731  -2.2783   0.0000   0.0000   0.0000   3.1965
  -4.750   0.0694   0.02295   0.01494  -0.1407  0.8394  0.0763  -2.1734   0.0000   0.0000   0.0000   2.3325
  -4.500   0.0980   0.02223   0.01417  -0.1407  0.8365  0.0807  -2.0617   0.0000   0.0000   0.0000   1.7235
  -4.250   0.1285   0.02154   0.01341  -0.1410  0.8345  0.0863  -1.9465   0.0000   0.0000   0.0000   1.3744
  -4.000   0.1482   0.02145   0.01336  -0.1400  0.8280  0.0917  -1.8494   0.0000   0.0000   0.0000   1.2169
  -3.750   0.1775   0.02088   0.01281  -0.1402  0.8254  0.0997  -1.7323   0.0000   0.0000   0.0000   1.0572
  -3.250   0.2277   0.02024   0.01233  -0.1396  0.8166  0.1229  -1.5307   0.0000   0.0000   0.0000   0.8749
  -3.000   0.2581   0.01969   0.01185  -0.1399  0.8142  0.1471  -1.4201   0.0000   0.0000   0.0000   0.8018
  -2.750   0.2814   0.01953   0.01188  -0.1395  0.8090  0.1805  -1.3230   0.0000   0.0000   0.0000   0.7539
  -2.500   0.3090   0.01917   0.01172  -0.1397  0.8052  0.2297  -1.2190   0.0000   0.0000   0.0000   0.7087
  -2.250   0.3401   0.01869   0.01142  -0.1402  0.8030  0.2876  -1.1059   0.0000   0.0000   0.0000   0.6676
  -2.000   0.3617   0.01876   0.01172  -0.1396  0.7968  0.3439  -1.0138   0.0000   0.0000   0.0000   0.6404
  -1.750   0.3908   0.01835   0.01158  -0.1398  0.7937  0.4218  -0.9114   0.0000   0.0000   0.0000   0.6112
  -1.500   0.4210   0.01783   0.01139  -0.1399  0.7917  0.5207  -0.8100   0.0000   0.0000   0.0000   0.5849
  -1.250   0.4399   0.01801   0.01188  -0.1385  0.7848  0.6072  -0.7550   0.0000   0.0000   0.0000   0.5668
  -1.000   0.4672   0.01767   0.01176  -0.1376  0.7823  0.6946  -0.7745   0.0000   0.0000   0.0000   0.5458
  -0.750   0.4861   0.01785   0.01210  -0.1356  0.7764  0.7579  -0.7882   0.0000   0.0000   0.0000   0.5298
  -0.500   0.5082   0.01764   0.01200  -0.1336  0.7728  0.8167  -0.8054   0.0000   0.0000   0.0000   0.5131
  -0.250   0.5316   0.01726   0.01167  -0.1314  0.7706  0.8762  -0.8244   0.0000   0.0000   0.0000   0.4970
   0.000   0.5545   0.01744   0.01192  -0.1303  0.7636  0.9541  -0.8415   0.0000   0.0000   0.0000   0.4842
   0.250   0.5960   0.01715   0.01150  -0.1327  0.7612  1.0000  -0.8712   0.0000   0.0000   0.0000   0.4716
   0.500   0.6210   0.01745   0.01171  -0.1327  0.7550  1.0000  -0.8905   0.0000   0.0000   0.0000   0.4621
   0.750   0.6533   0.01731   0.01145  -0.1334  0.7516  1.0000  -0.9162   0.0000   0.0000   0.0000   0.4522
   1.000   0.6879   0.01704   0.01107  -0.1343  0.7494  1.0000  -0.9448   0.0000   0.0000   0.0000   0.4428
   1.250   0.7106   0.01739   0.01138  -0.1338  0.7421  1.0000  -0.9651   0.0000   0.0000   0.0000   0.4355
   1.500   0.7448   0.01711   0.01099  -0.1345  0.7395  1.0000  -0.9948   0.0000   0.0000   0.0000   0.4275
   1.750   0.7680   0.01741   0.01127  -0.1340  0.7324  1.0000  -1.0169   0.0000   0.0000   0.0000   0.4209
   2.000   0.8019   0.01712   0.01089  -0.1347  0.7295  1.0000  -1.0487   0.0000   0.0000   0.0000   0.4141
   2.250   0.8258   0.01735   0.01111  -0.1342  0.7225  1.0000  -1.0733   0.0000   0.0000   0.0000   0.4082
   2.500   0.8596   0.01705   0.01073  -0.1348  0.7193  1.0000  -1.1064   0.0000   0.0000   0.0000   0.4023
   2.750   0.8838   0.01724   0.01092  -0.1343  0.7122  1.0000  -1.1331   0.0000   0.0000   0.0000   0.3971
   3.000   0.9180   0.01691   0.01052  -0.1350  0.7088  1.0000  -1.1692   0.0000   0.0000   0.0000   0.3918
   3.250   0.9421   0.01707   0.01069  -0.1344  0.7013  1.0000  -1.1978   0.0000   0.0000   0.0000   0.3871
   3.500   0.9729   0.01691   0.01049  -0.1347  0.6965  1.0000  -1.2332   0.0000   0.0000   0.0000   0.3825
   3.750   1.0008   0.01685   0.01042  -0.1346  0.6900  1.0000  -1.2691   0.0000   0.0000   0.0000   0.3782
   4.000   1.0273   0.01688   0.01045  -0.1342  0.6830  1.0000  -1.3047   0.0000   0.0000   0.0000   0.3741
   4.250   1.0605   0.01657   0.01009  -0.1348  0.6783  1.0000  -1.3483   0.0000   0.0000   0.0000   0.3702
   4.500   1.0853   0.01664   0.01019  -0.1342  0.6700  1.0000  -1.3868   0.0000   0.0000   0.0000   0.3664
   4.750   1.1118   0.01664   0.01019  -0.1339  0.6623  1.0000  -1.4283   0.0000   0.0000   0.0000   0.3628
   5.000   1.1403   0.01654   0.01008  -0.1338  0.6550  1.0000  -1.4737   0.0000   0.0000   0.0000   0.3594
   5.250   1.1708   0.01636   0.00986  -0.1340  0.6479  1.0000  -1.5253   0.0000   0.0000   0.0000   0.3561
   5.500   1.1961   0.01637   0.00990  -0.1334  0.6386  1.0000  -1.5730   0.0000   0.0000   0.0000   0.3529
   5.750   1.2217   0.01637   0.00991  -0.1329  0.6290  1.0000  -1.6263   0.0000   0.0000   0.0000   0.3498
   6.000   1.2473   0.01638   0.00992  -0.1323  0.6190  1.0000  -1.6855   0.0000   0.0000   0.0000   0.3467
   6.250   1.2728   0.01640   0.00994  -0.1318  0.6085  1.0000  -1.7518   0.0000   0.0000   0.0000   0.3438
   6.500   1.2981   0.01644   0.00997  -0.1312  0.5975  1.0000  -1.8281   0.0000   0.0000   0.0000   0.3410
   6.750   1.3193   0.01661   0.01019  -0.1300  0.5846  1.0000  -1.9013   0.0000   0.0000   0.0000   0.3380
   7.000   1.3417   0.01676   0.01034  -0.1290  0.5716  1.0000  -1.9797   0.0000   0.0000   0.0000   0.3353
   7.250   1.3649   0.01690   0.01046  -0.1281  0.5584  1.0000  -2.0634   0.0000   0.0000   0.0000   0.3326
   7.500   1.3845   0.01716   0.01073  -0.1267  0.5434  1.0000  -2.1444   0.0000   0.0000   0.0000   0.3298
   7.750   1.4049   0.01741   0.01095  -0.1253  0.5283  1.0000  -2.2287   0.0000   0.0000   0.0000   0.3272
   8.000   1.4220   0.01777   0.01131  -0.1235  0.5118  1.0000  -2.3098   0.0000   0.0000   0.0000   0.3244
   8.250   1.4390   0.01816   0.01166  -0.1217  0.4951  1.0000  -2.4015   0.0000   0.0000   0.0000   0.3217
   8.500   1.4537   0.01863   0.01208  -0.1196  0.4778  1.0000  -2.5079   0.0000   0.0000   0.0000   0.3190
   8.750   1.4645   0.01917   0.01260  -0.1168  0.4603  1.0000  -2.6056   0.0000   0.0000   0.0000   0.3161
   9.000   1.4749   0.01981   0.01319  -0.1141  0.4431  1.0000  -2.7033   0.0000   0.0000   0.0000   0.3133
   9.250   1.4848   0.02053   0.01384  -0.1115  0.4262  1.0000  -2.8010   0.0000   0.0000   0.0000   0.3106
   9.500   1.4926   0.02137   0.01466  -0.1087  0.4088  1.0000  -2.8938   0.0000   0.0000   0.0000   0.3079
   9.750   1.5003   0.02229   0.01555  -0.1061  0.3920  1.0000  -2.9867   0.0000   0.0000   0.0000   0.3053
  10.000   1.5074   0.02330   0.01650  -0.1035  0.3757  1.0000  -3.0791   0.0000   0.0000   0.0000   0.3028
  10.250   1.5134   0.02441   0.01761  -0.1009  0.3588  1.0000  -3.1709   0.0000   0.0000   0.0000   0.3004
  10.500   1.5191   0.02561   0.01878  -0.0985  0.3428  1.0000  -3.2635   0.0000   0.0000   0.0000   0.2981
  10.750   1.5239   0.02691   0.02005  -0.0960  0.3268  1.0000  -3.3543   0.0000   0.0000   0.0000   0.2958
  11.000   1.5283   0.02830   0.02144  -0.0937  0.3107  1.0000  -3.4439   0.0000   0.0000   0.0000   0.2936
  11.250   1.5317   0.02982   0.02291  -0.0913  0.2955  1.0000  -3.5310   0.0000   0.0000   0.0000   0.2915
  11.500   1.5348   0.03141   0.02450  -0.0891  0.2795  1.0000  -3.6175   0.0000   0.0000   0.0000   0.2894
  11.750   1.5369   0.03313   0.02620  -0.0869  0.2644  1.0000  -3.7011   0.0000   0.0000   0.0000   0.2874
  12.000   1.5384   0.03495   0.02801  -0.0848  0.2491  1.0000  -3.7830   0.0000   0.0000   0.0000   0.2855
  12.250   1.5393   0.03688   0.02992  -0.0828  0.2342  1.0000  -3.8627   0.0000   0.0000   0.0000   0.2836
  12.500   1.5391   0.03896   0.03197  -0.0808  0.2198  1.0000  -3.9391   0.0000   0.0000   0.0000   0.2818
  12.750   1.5389   0.04113   0.03413  -0.0790  0.2054  1.0000  -4.0148   0.0000   0.0000   0.0000   0.2801
  13.000   1.5373   0.04349   0.03645  -0.0772  0.1917  1.0000  -4.0862   0.0000   0.0000   0.0000   0.2785
  13.250   1.5361   0.04593   0.03888  -0.0756  0.1780  1.0000  -4.1577   0.0000   0.0000   0.0000   0.2770
  13.500   1.5338   0.04855   0.04147  -0.0741  0.1654  1.0000  -4.2287   0.0000   0.0000   0.0000   0.2755
  13.750   1.5313   0.05127   0.04415  -0.0727  0.1538  1.0000  -4.2980   0.0000   0.0000   0.0000   0.2742
  14.000   1.5297   0.05400   0.04689  -0.0715  0.1424  1.0000  -4.3694   0.0000   0.0000   0.0000   0.2729
  14.250   1.5274   0.05685   0.04974  -0.0704  0.1326  1.0000  -4.4383   0.0000   0.0000   0.0000   0.2717
  14.500   1.5253   0.05976   0.05265  -0.0694  0.1239  1.0000  -4.5068   0.0000   0.0000   0.0000   0.2705
  14.750   1.5235   0.06269   0.05559  -0.0685  0.1161  1.0000  -4.5752   0.0000   0.0000   0.0000   0.2694
  15.000   1.5219   0.06565   0.05856  -0.0676  0.1092  1.0000  -4.6434   0.0000   0.0000   0.0000   0.2684
  15.250   1.5203   0.06864   0.06156  -0.0669  0.1031  1.0000  -4.7111   0.0000   0.0000   0.0000   0.2674
  15.500   1.5186   0.07166   0.06458  -0.0663  0.0977  1.0000  -4.7784   0.0000   0.0000   0.0000   0.2665
  15.750   1.5179   0.07466   0.06762  -0.0658  0.0925  1.0000  -4.8495   0.0000   0.0000   0.0000   0.2656
  16.000   1.5174   0.07765   0.07067  -0.0653  0.0876  1.0000  -4.9216   0.0000   0.0000   0.0000   0.2648
  16.250   1.5168   0.08063   0.07366  -0.0649  0.0834  1.0000  -4.9943   0.0000   0.0000   0.0000   0.2639
  16.500   1.5165   0.08366   0.07673  -0.0647  0.0793  1.0000  -5.0805   0.0000   0.0000   0.0000   0.2632
  16.750   1.5165   0.08666   0.07981  -0.0644  0.0754  1.0000  -5.1670   0.0000   0.0000   0.0000   0.2625
  17.000   1.5181   0.08929   0.08237  -0.0641  0.0721  1.0000  -5.2664   0.0000   0.0000   0.0000   0.2616
  17.250   1.5171   0.09261   0.08585  -0.0642  0.0686  1.0000  -5.3438   0.0000   0.0000   0.0000   0.2611
  17.500   1.5191   0.09525   0.08848  -0.0640  0.0655  1.0000  -5.4420   0.0000   0.0000   0.0000   0.2604
  17.750   1.5194   0.09836   0.09169  -0.0642  0.0625  1.0000  -5.5295   0.0000   0.0000   0.0000   0.2599
  18.000   1.5226   0.10084   0.09418  -0.0641  0.0599  1.0000  -5.6348   0.0000   0.0000   0.0000   0.2591
  18.250   1.5237   0.10381   0.09724  -0.0644  0.0573  1.0000  -5.7256   0.0000   0.0000   0.0000   0.2587
  18.500   1.5290   0.10594   0.09937  -0.0642  0.0550  1.0000  -5.8417   0.0000   0.0000   0.0000   0.2578
  18.750   1.5293   0.10910   0.10266  -0.0648  0.0529  1.0000  -5.9244   0.0000   0.0000   0.0000   0.2575
  19.000   1.5403   0.11019   0.10364  -0.0642  0.0508  1.0000  -6.0772   0.0000   0.0000   0.0000   0.2562
  19.250   1.5376   0.11393   0.10762  -0.0652  0.0492  1.0000  -6.1346   0.0000   0.0000   0.0000   0.2563
  19.500   1.5431   0.11613   0.10986  -0.0655  0.0477  1.0000  -6.2505   0.0000   0.0000   0.0000   0.2557
  19.750   1.5516   0.11773   0.11146  -0.0653  0.0462  1.0000  -6.3826   0.0000   0.0000   0.0000   0.2547
  20.000   1.5484   0.12160   0.11555  -0.0667  0.0450  1.0000  -6.4373   0.0000   0.0000   0.0000   0.2551


