xflr5 v6.61

 Calculated polar for: QX0226

 1 1 Reynolds number fixed          Mach number fixed         

 xtrf =   1.000 (top)        1.000 (bottom)
 Mach =   0.000     Re =     0.400 e 6     Ncrit =   9.000

  alpha     CL        CD       CDp       Cm    Top Xtr Bot Xtr   Cpmin    Chinge    XCp    
 ------- -------- --------- --------- -------- ------- ------- -------- --------- ---------
 -10.000  -0.3567   0.04762   0.04434  -0.1193  0.8682  0.0306  -4.5314   0.0000   0.0000   0.0000  -0.1086
  -9.750  -0.3548   0.04378   0.04037  -0.1247  0.8626  0.0307  -4.5186   0.0000   0.0000   0.0000  -0.1247
  -9.500  -0.3479   0.04062   0.03704  -0.1278  0.8580  0.0310  -4.4688   0.0000   0.0000   0.0000  -0.1400
  -9.250  -0.3305   0.03934   0.03569  -0.1288  0.8542  0.0315  -4.3068   0.0000   0.0000   0.0000  -0.1627
  -9.000  -0.2757   0.04712   0.04390  -0.1215  0.8519  0.0342  -3.6496   0.0000   0.0000   0.0000  -0.2164
  -8.750  -0.2493   0.04874   0.04555  -0.1206  0.8483  0.0372  -3.3486   0.0000   0.0000   0.0000  -0.2606
  -8.500  -0.3085   0.02479   0.01932  -0.1348  0.8412  0.0323  -4.5057   0.0000   0.0000   0.0000  -0.2103
  -8.250  -0.2873   0.02267   0.01670  -0.1350  0.8376  0.0330  -4.4200   0.0000   0.0000   0.0000  -0.2443
  -8.000  -0.2630   0.02131   0.01512  -0.1351  0.8349  0.0337  -4.2668   0.0000   0.0000   0.0000  -0.2893
  -7.750  -0.2369   0.02067   0.01450  -0.1353  0.8313  0.0345  -4.0758   0.0000   0.0000   0.0000  -0.3480
  -7.500  -0.2112   0.01976   0.01341  -0.1354  0.8277  0.0355  -3.9208   0.0000   0.0000   0.0000  -0.4202
  -7.250  -0.1851   0.01872   0.01206  -0.1354  0.8249  0.0365  -3.7829   0.0000   0.0000   0.0000  -0.5133
  -7.000  -0.1586   0.01802   0.01138  -0.1355  0.8218  0.0374  -3.6067   0.0000   0.0000   0.0000  -0.6402
  -6.750  -0.1317   0.01742   0.01071  -0.1356  0.8182  0.0386  -3.4487   0.0000   0.0000   0.0000  -0.8204
  -6.500  -0.1046   0.01672   0.00985  -0.1356  0.8152  0.0400  -3.3028   0.0000   0.0000   0.0000  -1.0956
  -6.250  -0.0771   0.01619   0.00931  -0.1357  0.8127  0.0413  -3.1364   0.0000   0.0000   0.0000  -1.5726
  -6.000  -0.0500   0.01570   0.00873  -0.1357  0.8089  0.0429  -2.9929   0.0000   0.0000   0.0000  -2.5610
  -5.750  -0.0228   0.01515   0.00820  -0.1358  0.8056  0.0445  -2.8440   0.0000   0.0000   0.0000  -5.9062
  -5.500   0.0053   0.01476   0.00771  -0.1359  0.8030  0.0467  -2.6981   0.0000   0.0000   0.0000  26.5891
  -5.250   0.0325   0.01428   0.00727  -0.1360  0.7996  0.0487  -2.5531   0.0000   0.0000   0.0000   4.5533
  -5.000   0.0605   0.01398   0.00689  -0.1360  0.7961  0.0513  -2.4121   0.0000   0.0000   0.0000   2.5618
  -4.750   0.0883   0.01354   0.00650  -0.1362  0.7933  0.0540  -2.2742   0.0000   0.0000   0.0000   1.8336
  -4.500   0.1164   0.01319   0.00612  -0.1363  0.7905  0.0573  -2.1411   0.0000   0.0000   0.0000   1.4503
  -4.250   0.1442   0.01291   0.00584  -0.1364  0.7867  0.0612  -2.0095   0.0000   0.0000   0.0000   1.2181
  -4.000   0.1725   0.01262   0.00555  -0.1366  0.7835  0.0660  -1.8764   0.0000   0.0000   0.0000   1.0588
  -3.750   0.2013   0.01233   0.00523  -0.1368  0.7811  0.0721  -1.7495   0.0000   0.0000   0.0000   0.9432
  -3.500   0.2290   0.01204   0.00502  -0.1369  0.7770  0.0802  -1.6296   0.0000   0.0000   0.0000   0.8591
  -3.000   0.2864   0.01146   0.00455  -0.1374  0.7710  0.1145  -1.3898   0.0000   0.0000   0.0000   0.7373
  -2.750   0.3143   0.01121   0.00444  -0.1376  0.7671  0.1472  -1.2755   0.0000   0.0000   0.0000   0.6939
  -2.500   0.3427   0.01099   0.00434  -0.1379  0.7635  0.1843  -1.1631   0.0000   0.0000   0.0000   0.6572
  -2.250   0.3718   0.01078   0.00421  -0.1382  0.7606  0.2215  -1.0508   0.0000   0.0000   0.0000   0.6255
  -2.000   0.3999   0.01062   0.00417  -0.1384  0.7566  0.2616  -0.9461   0.0000   0.0000   0.0000   0.5991
  -1.750   0.4283   0.01042   0.00411  -0.1386  0.7528  0.3074  -0.8446   0.0000   0.0000   0.0000   0.5759
  -1.500   0.4574   0.01020   0.00401  -0.1389  0.7498  0.3645  -0.7821   0.0000   0.0000   0.0000   0.5554
  -1.250   0.4849   0.00999   0.00404  -0.1390  0.7454  0.4329  -0.7995   0.0000   0.0000   0.0000   0.5378
  -1.000   0.5130   0.00975   0.00403  -0.1392  0.7416  0.5137  -0.8180   0.0000   0.0000   0.0000   0.5218
  -0.750   0.5412   0.00955   0.00402  -0.1392  0.7383  0.5916  -0.8376   0.0000   0.0000   0.0000   0.5072
  -0.500   0.5678   0.00941   0.00411  -0.1389  0.7336  0.6611  -0.8566   0.0000   0.0000   0.0000   0.4941
  -0.250   0.5956   0.00931   0.00410  -0.1387  0.7300  0.7159  -0.8768   0.0000   0.0000   0.0000   0.4819
   0.000   0.6221   0.00924   0.00414  -0.1382  0.7256  0.7596  -0.8969   0.0000   0.0000   0.0000   0.4709
   0.250   0.6484   0.00916   0.00415  -0.1377  0.7213  0.7997  -0.9179   0.0000   0.0000   0.0000   0.4606
   0.500   0.6742   0.00908   0.00413  -0.1370  0.7174  0.8390  -0.9392   0.0000   0.0000   0.0000   0.4510
   0.750   0.6974   0.00900   0.00416  -0.1357  0.7124  0.8798  -0.9594   0.0000   0.0000   0.0000   0.4421
   1.000   0.7220   0.00888   0.00406  -0.1345  0.7086  0.9316  -0.9817   0.0000   0.0000   0.0000   0.4335
   1.250   0.7589   0.00882   0.00402  -0.1364  0.7030  1.0000  -1.0116   0.0000   0.0000   0.0000   0.4265
   1.500   0.7887   0.00885   0.00396  -0.1368  0.6988  1.0000  -1.0380   0.0000   0.0000   0.0000   0.4200
   1.750   0.8167   0.00891   0.00401  -0.1370  0.6931  1.0000  -1.0642   0.0000   0.0000   0.0000   0.4139
   2.000   0.8462   0.00895   0.00397  -0.1373  0.6885  1.0000  -1.0928   0.0000   0.0000   0.0000   0.4081
   2.250   0.8738   0.00902   0.00403  -0.1374  0.6823  1.0000  -1.1208   0.0000   0.0000   0.0000   0.4027
   2.500   0.9028   0.00907   0.00401  -0.1376  0.6773  1.0000  -1.1504   0.0000   0.0000   0.0000   0.3976
   2.750   0.9303   0.00913   0.00408  -0.1376  0.6708  1.0000  -1.1803   0.0000   0.0000   0.0000   0.3927
   3.000   0.9582   0.00920   0.00412  -0.1377  0.6648  1.0000  -1.2119   0.0000   0.0000   0.0000   0.3882
   3.250   0.9863   0.00927   0.00414  -0.1377  0.6586  1.0000  -1.2442   0.0000   0.0000   0.0000   0.3838
   3.500   1.0134   0.00935   0.00423  -0.1376  0.6514  1.0000  -1.2775   0.0000   0.0000   0.0000   0.3797
   3.750   1.0408   0.00943   0.00429  -0.1376  0.6445  1.0000  -1.3138   0.0000   0.0000   0.0000   0.3757
   4.000   1.0683   0.00952   0.00434  -0.1376  0.6375  1.0000  -1.3509   0.0000   0.0000   0.0000   0.3720
   4.250   1.0948   0.00962   0.00444  -0.1374  0.6291  1.0000  -1.3901   0.0000   0.0000   0.0000   0.3683
   4.500   1.1212   0.00973   0.00455  -0.1372  0.6204  1.0000  -1.4308   0.0000   0.0000   0.0000   0.3648
   4.750   1.1474   0.00985   0.00466  -0.1369  0.6111  1.0000  -1.4728   0.0000   0.0000   0.0000   0.3615
   5.000   1.1732   0.00998   0.00478  -0.1366  0.6013  1.0000  -1.5179   0.0000   0.0000   0.0000   0.3583
   5.250   1.1987   0.01013   0.00491  -0.1362  0.5910  1.0000  -1.5648   0.0000   0.0000   0.0000   0.3551
   5.500   1.2238   0.01030   0.00506  -0.1358  0.5800  1.0000  -1.6142   0.0000   0.0000   0.0000   0.3521
   5.750   1.2483   0.01050   0.00523  -0.1352  0.5683  1.0000  -1.6683   0.0000   0.0000   0.0000   0.3491
   6.000   1.2722   0.01071   0.00542  -0.1346  0.5559  1.0000  -1.7300   0.0000   0.0000   0.0000   0.3462
   6.250   1.2954   0.01095   0.00565  -0.1339  0.5421  1.0000  -1.7984   0.0000   0.0000   0.0000   0.3434
   6.500   1.3177   0.01123   0.00588  -0.1329  0.5278  1.0000  -1.8726   0.0000   0.0000   0.0000   0.3406
   6.750   1.3392   0.01154   0.00616  -0.1319  0.5121  1.0000  -1.9486   0.0000   0.0000   0.0000   0.3379
   7.000   1.3593   0.01190   0.00647  -0.1307  0.4957  1.0000  -2.0263   0.0000   0.0000   0.0000   0.3351
   7.250   1.3781   0.01230   0.00682  -0.1293  0.4781  1.0000  -2.1056   0.0000   0.0000   0.0000   0.3324
   7.500   1.3955   0.01275   0.00721  -0.1276  0.4598  1.0000  -2.1841   0.0000   0.0000   0.0000   0.3296
   7.750   1.4108   0.01325   0.00764  -0.1256  0.4416  1.0000  -2.2615   0.0000   0.0000   0.0000   0.3268
   8.000   1.4236   0.01380   0.00813  -0.1231  0.4242  1.0000  -2.3349   0.0000   0.0000   0.0000   0.3239
   8.250   1.4360   0.01444   0.00870  -0.1208  0.4066  1.0000  -2.4263   0.0000   0.0000   0.0000   0.3211
   8.500   1.4485   0.01511   0.00933  -0.1186  0.3891  1.0000  -2.5275   0.0000   0.0000   0.0000   0.3185
   8.750   1.4604   0.01586   0.01003  -0.1164  0.3724  1.0000  -2.6283   0.0000   0.0000   0.0000   0.3159
   9.000   1.4716   0.01669   0.01080  -0.1143  0.3561  1.0000  -2.7283   0.0000   0.0000   0.0000   0.3134
   9.250   1.4833   0.01755   0.01162  -0.1123  0.3397  1.0000  -2.8306   0.0000   0.0000   0.0000   0.3111
   9.500   1.4937   0.01851   0.01254  -0.1102  0.3239  1.0000  -2.9307   0.0000   0.0000   0.0000   0.3087
   9.750   1.5040   0.01952   0.01351  -0.1083  0.3078  1.0000  -3.0337   0.0000   0.0000   0.0000   0.3065
  10.000   1.5138   0.02060   0.01455  -0.1063  0.2921  1.0000  -3.1375   0.0000   0.0000   0.0000   0.3043
  10.500   1.5310   0.02302   0.01687  -0.1024  0.2599  1.0000  -3.3411   0.0000   0.0000   0.0000   0.3000
  10.750   1.5384   0.02436   0.01816  -0.1005  0.2440  1.0000  -3.4409   0.0000   0.0000   0.0000   0.2980
  11.000   1.5448   0.02580   0.01954  -0.0985  0.2282  1.0000  -3.5381   0.0000   0.0000   0.0000   0.2959
  11.250   1.5515   0.02724   0.02094  -0.0966  0.2123  1.0000  -3.6373   0.0000   0.0000   0.0000   0.2940
  11.500   1.5571   0.02881   0.02245  -0.0947  0.1973  1.0000  -3.7333   0.0000   0.0000   0.0000   0.2921
  11.750   1.5619   0.03046   0.02405  -0.0929  0.1827  1.0000  -3.8276   0.0000   0.0000   0.0000   0.2902
  12.000   1.5667   0.03213   0.02569  -0.0910  0.1685  1.0000  -3.9225   0.0000   0.0000   0.0000   0.2884
  12.250   1.5702   0.03395   0.02745  -0.0892  0.1555  1.0000  -4.0136   0.0000   0.0000   0.0000   0.2866
  12.500   1.5747   0.03574   0.02922  -0.0876  0.1433  1.0000  -4.1080   0.0000   0.0000   0.0000   0.2848
  12.750   1.5786   0.03763   0.03109  -0.0860  0.1320  1.0000  -4.2006   0.0000   0.0000   0.0000   0.2832
  13.000   1.5814   0.03966   0.03309  -0.0844  0.1218  1.0000  -4.2916   0.0000   0.0000   0.0000   0.2816
  13.250   1.5848   0.04169   0.03512  -0.0829  0.1121  1.0000  -4.3866   0.0000   0.0000   0.0000   0.2800
  13.500   1.5878   0.04382   0.03724  -0.0816  0.1033  1.0000  -4.4803   0.0000   0.0000   0.0000   0.2785
  13.750   1.5902   0.04604   0.03947  -0.0803  0.0955  1.0000  -4.5720   0.0000   0.0000   0.0000   0.2771
  14.000   1.5923   0.04835   0.04178  -0.0790  0.0887  1.0000  -4.6626   0.0000   0.0000   0.0000   0.2757
  14.250   1.5939   0.05076   0.04421  -0.0779  0.0828  1.0000  -4.7515   0.0000   0.0000   0.0000   0.2744
  14.500   1.5946   0.05332   0.04678  -0.0768  0.0777  1.0000  -4.8366   0.0000   0.0000   0.0000   0.2732
  14.750   1.5960   0.05584   0.04935  -0.0759  0.0730  1.0000  -4.9246   0.0000   0.0000   0.0000   0.2720
  15.000   1.5974   0.05843   0.05198  -0.0750  0.0688  1.0000  -5.0118   0.0000   0.0000   0.0000   0.2708
  15.250   1.5968   0.06127   0.05486  -0.0742  0.0653  1.0000  -5.0912   0.0000   0.0000   0.0000   0.2698
  15.500   1.5971   0.06409   0.05773  -0.0735  0.0619  1.0000  -5.1739   0.0000   0.0000   0.0000   0.2688
  15.750   1.5969   0.06700   0.06070  -0.0729  0.0588  1.0000  -5.2574   0.0000   0.0000   0.0000   0.2678
  16.000   1.5940   0.07027   0.06401  -0.0724  0.0561  1.0000  -5.3390   0.0000   0.0000   0.0000   0.2670
  16.250   1.5942   0.07323   0.06706  -0.0720  0.0532  1.0000  -5.4387   0.0000   0.0000   0.0000   0.2662
  16.500   1.5891   0.07689   0.07075  -0.0717  0.0510  1.0000  -5.5139   0.0000   0.0000   0.0000   0.2656
  16.750   1.5892   0.07995   0.07391  -0.0715  0.0484  1.0000  -5.6155   0.0000   0.0000   0.0000   0.2648
  17.000   1.5834   0.08383   0.07782  -0.0715  0.0465  1.0000  -5.6881   0.0000   0.0000   0.0000   0.2644
  17.250   1.5821   0.08716   0.08126  -0.0715  0.0442  1.0000  -5.7819   0.0000   0.0000   0.0000   0.2638
  17.500   1.5748   0.09133   0.08546  -0.0718  0.0426  1.0000  -5.8446   0.0000   0.0000   0.0000   0.2636
  17.750   1.5731   0.09480   0.08904  -0.0720  0.0405  1.0000  -5.9336   0.0000   0.0000   0.0000   0.2632
  18.000   1.5668   0.09895   0.09323  -0.0725  0.0391  1.0000  -5.9988   0.0000   0.0000   0.0000   0.2631
  18.250   1.5631   0.10274   0.09713  -0.0731  0.0375  1.0000  -6.0742   0.0000   0.0000   0.0000   0.2629
  18.500   1.5589   0.10667   0.10113  -0.0738  0.0362  1.0000  -6.1478   0.0000   0.0000   0.0000   0.2629
  18.750   1.5533   0.11081   0.10532  -0.0747  0.0350  1.0000  -6.2106   0.0000   0.0000   0.0000   0.2630
  19.000   1.5508   0.11455   0.10916  -0.0756  0.0337  1.0000  -6.2884   0.0000   0.0000   0.0000   0.2630
  19.250   1.5473   0.11843   0.11309  -0.0767  0.0328  1.0000  -6.3615   0.0000   0.0000   0.0000   0.2632
  19.500   1.5436   0.12231   0.11701  -0.0779  0.0320  1.0000  -6.4305   0.0000   0.0000   0.0000   0.2634
  19.750   1.5424   0.12592   0.12073  -0.0791  0.0310  1.0000  -6.5103   0.0000   0.0000   0.0000   0.2635
  20.000   1.5411   0.12951   0.12438  -0.0804  0.0301  1.0000  -6.5934   0.0000   0.0000   0.0000   0.2638


