xflr5 v6.61

 Calculated polar for: QX0226

 1 1 Reynolds number fixed          Mach number fixed         

 xtrf =   1.000 (top)        1.000 (bottom)
 Mach =   0.000     Re =     0.725 e 6     Ncrit =   9.000

  alpha     CL        CD       CDp       Cm    Top Xtr Bot Xtr   Cpmin    Chinge    XCp    
 ------- -------- --------- --------- -------- ------- ------- -------- --------- ---------
 -10.000  -0.4871   0.02015   0.01490  -0.1309  0.8260  0.0227  -6.3083   0.0000   0.0000   0.0000  -0.0381
  -9.750  -0.4631   0.01915   0.01369  -0.1311  0.8230  0.0231  -6.1069   0.0000   0.0000   0.0000  -0.0526
  -9.500  -0.4375   0.01846   0.01301  -0.1313  0.8195  0.0235  -5.8764   0.0000   0.0000   0.0000  -0.0699
  -9.250  -0.4115   0.01788   0.01236  -0.1314  0.8163  0.0240  -5.6502   0.0000   0.0000   0.0000  -0.0897
  -9.000  -0.3853   0.01727   0.01163  -0.1316  0.8135  0.0245  -5.4336   0.0000   0.0000   0.0000  -0.1122
  -8.750  -0.3587   0.01666   0.01086  -0.1317  0.8103  0.0252  -5.2260   0.0000   0.0000   0.0000  -0.1386
  -8.500  -0.3326   0.01595   0.01012  -0.1319  0.8070  0.0257  -5.0141   0.0000   0.0000   0.0000  -0.1686
  -8.250  -0.3056   0.01548   0.00962  -0.1320  0.8041  0.0263  -4.7986   0.0000   0.0000   0.0000  -0.2051
  -8.000  -0.2784   0.01502   0.00907  -0.1322  0.8014  0.0269  -4.5974   0.0000   0.0000   0.0000  -0.2490
  -7.750  -0.2509   0.01454   0.00849  -0.1323  0.7981  0.0277  -4.4042   0.0000   0.0000   0.0000  -0.3031
  -7.500  -0.2239   0.01398   0.00792  -0.1325  0.7950  0.0284  -4.2072   0.0000   0.0000   0.0000  -0.3692
  -7.250  -0.1962   0.01363   0.00753  -0.1327  0.7924  0.0292  -4.0125   0.0000   0.0000   0.0000  -0.4562
  -7.000  -0.1682   0.01327   0.00708  -0.1328  0.7894  0.0302  -3.8318   0.0000   0.0000   0.0000  -0.5729
  -6.750  -0.1407   0.01278   0.00659  -0.1330  0.7862  0.0310  -3.6538   0.0000   0.0000   0.0000  -0.7331
  -6.500  -0.1127   0.01245   0.00623  -0.1332  0.7833  0.0320  -3.4703   0.0000   0.0000   0.0000  -0.9772
  -6.250  -0.0842   0.01221   0.00588  -0.1334  0.7807  0.0333  -3.3007   0.0000   0.0000   0.0000  -1.3915
  -6.000  -0.0564   0.01179   0.00551  -0.1336  0.7774  0.0345  -3.1329   0.0000   0.0000   0.0000  -2.2000
  -5.750  -0.0279   0.01153   0.00521  -0.1338  0.7743  0.0360  -2.9691   0.0000   0.0000   0.0000  -4.6993
  -5.500   0.0003   0.01120   0.00485  -0.1340  0.7716  0.0375  -2.8073   0.0000   0.0000   0.0000  407.5446
  -5.250   0.0290   0.01099   0.00461  -0.1342  0.7687  0.0394  -2.6461   0.0000   0.0000   0.0000   5.0114
  -5.000   0.0574   0.01069   0.00433  -0.1344  0.7654  0.0414  -2.4937   0.0000   0.0000   0.0000   2.6560
  -4.750   0.0861   0.01046   0.00406  -0.1346  0.7625  0.0436  -2.3471   0.0000   0.0000   0.0000   1.8534
  -4.250   0.1436   0.01003   0.00362  -0.1351  0.7565  0.0492  -2.0564   0.0000   0.0000   0.0000   1.2123
  -4.000   0.1724   0.00982   0.00341  -0.1353  0.7532  0.0529  -1.9155   0.0000   0.0000   0.0000   1.0516
  -3.750   0.2013   0.00963   0.00321  -0.1356  0.7504  0.0575  -1.7814   0.0000   0.0000   0.0000   0.9365
  -3.500   0.2302   0.00945   0.00305  -0.1358  0.7471  0.0638  -1.6520   0.0000   0.0000   0.0000   0.8506
  -3.250   0.2590   0.00925   0.00289  -0.1361  0.7436  0.0732  -1.5253   0.0000   0.0000   0.0000   0.7838
  -3.000   0.2879   0.00905   0.00274  -0.1363  0.7405  0.0886  -1.4003   0.0000   0.0000   0.0000   0.7304
  -2.750   0.3168   0.00886   0.00263  -0.1366  0.7372  0.1118  -1.2795   0.0000   0.0000   0.0000   0.6869
  -2.500   0.3455   0.00867   0.00254  -0.1369  0.7334  0.1400  -1.1645   0.0000   0.0000   0.0000   0.6507
  -2.250   0.3744   0.00851   0.00245  -0.1372  0.7301  0.1700  -1.0512   0.0000   0.0000   0.0000   0.6199
  -2.000   0.4033   0.00837   0.00239  -0.1374  0.7266  0.1995  -0.9430   0.0000   0.0000   0.0000   0.5935
  -1.750   0.4321   0.00822   0.00234  -0.1377  0.7226  0.2320  -0.8401   0.0000   0.0000   0.0000   0.5707
  -1.500   0.4611   0.00809   0.00228  -0.1380  0.7192  0.2685  -0.7882   0.0000   0.0000   0.0000   0.5507
  -1.250   0.4898   0.00793   0.00226  -0.1383  0.7151  0.3113  -0.8064   0.0000   0.0000   0.0000   0.5331
  -1.000   0.5185   0.00777   0.00224  -0.1386  0.7111  0.3638  -0.8249   0.0000   0.0000   0.0000   0.5175
  -0.750   0.5473   0.00760   0.00222  -0.1389  0.7075  0.4280  -0.8444   0.0000   0.0000   0.0000   0.5035
  -0.500   0.5756   0.00740   0.00224  -0.1391  0.7030  0.5018  -0.8644   0.0000   0.0000   0.0000   0.4909
  -0.250   0.6041   0.00725   0.00225  -0.1393  0.6991  0.5718  -0.8848   0.0000   0.0000   0.0000   0.4794
   0.000   0.6323   0.00711   0.00231  -0.1394  0.6946  0.6332  -0.9056   0.0000   0.0000   0.0000   0.4689
   0.250   0.6604   0.00704   0.00234  -0.1394  0.6901  0.6875  -0.9277   0.0000   0.0000   0.0000   0.4591
   0.500   0.6885   0.00699   0.00238  -0.1394  0.6856  0.7272  -0.9502   0.0000   0.0000   0.0000   0.4501
   0.750   0.7162   0.00694   0.00242  -0.1393  0.6807  0.7625  -0.9730   0.0000   0.0000   0.0000   0.4418
   1.000   0.7438   0.00692   0.00245  -0.1391  0.6761  0.7954  -0.9968   0.0000   0.0000   0.0000   0.4341
   1.250   0.7707   0.00687   0.00250  -0.1388  0.6708  0.8295  -1.0212   0.0000   0.0000   0.0000   0.4268
   1.500   0.7967   0.00684   0.00253  -0.1383  0.6657  0.8651  -1.0455   0.0000   0.0000   0.0000   0.4199
   1.750   0.8205   0.00677   0.00256  -0.1372  0.6602  0.9107  -1.0694   0.0000   0.0000   0.0000   0.4132
   2.250   0.8808   0.00676   0.00256  -0.1380  0.6487  1.0000  -1.1284   0.0000   0.0000   0.0000   0.4021
   2.500   0.9093   0.00683   0.00262  -0.1382  0.6423  1.0000  -1.1576   0.0000   0.0000   0.0000   0.3971
   2.750   0.9375   0.00692   0.00266  -0.1384  0.6361  1.0000  -1.1882   0.0000   0.0000   0.0000   0.3923
   3.000   0.9656   0.00701   0.00272  -0.1385  0.6292  1.0000  -1.2199   0.0000   0.0000   0.0000   0.3878
   3.250   0.9935   0.00710   0.00280  -0.1386  0.6218  1.0000  -1.2521   0.0000   0.0000   0.0000   0.3836
   3.500   1.0212   0.00721   0.00287  -0.1386  0.6143  1.0000  -1.2862   0.0000   0.0000   0.0000   0.3795
   3.750   1.0486   0.00732   0.00296  -0.1386  0.6064  1.0000  -1.3227   0.0000   0.0000   0.0000   0.3756
   4.000   1.0757   0.00745   0.00305  -0.1386  0.5975  1.0000  -1.3594   0.0000   0.0000   0.0000   0.3719
   4.250   1.1026   0.00759   0.00316  -0.1385  0.5878  1.0000  -1.3995   0.0000   0.0000   0.0000   0.3684
   4.500   1.1293   0.00773   0.00327  -0.1383  0.5778  1.0000  -1.4408   0.0000   0.0000   0.0000   0.3650
   4.750   1.1555   0.00789   0.00341  -0.1381  0.5670  1.0000  -1.4829   0.0000   0.0000   0.0000   0.3617
   5.000   1.1815   0.00807   0.00355  -0.1379  0.5550  1.0000  -1.5289   0.0000   0.0000   0.0000   0.3585
   5.250   1.2071   0.00826   0.00371  -0.1376  0.5424  1.0000  -1.5760   0.0000   0.0000   0.0000   0.3554
   5.500   1.2319   0.00849   0.00389  -0.1372  0.5290  1.0000  -1.6259   0.0000   0.0000   0.0000   0.3524
   5.750   1.2562   0.00874   0.00409  -0.1366  0.5140  1.0000  -1.6802   0.0000   0.0000   0.0000   0.3495
   6.000   1.2797   0.00903   0.00432  -0.1360  0.4982  1.0000  -1.7428   0.0000   0.0000   0.0000   0.3467
   6.250   1.3026   0.00933   0.00457  -0.1353  0.4814  1.0000  -1.8130   0.0000   0.0000   0.0000   0.3439
   6.500   1.3244   0.00969   0.00485  -0.1343  0.4635  1.0000  -1.8870   0.0000   0.0000   0.0000   0.3411
   6.750   1.3451   0.01009   0.00517  -0.1332  0.4447  1.0000  -1.9627   0.0000   0.0000   0.0000   0.3384
   7.000   1.3648   0.01052   0.00552  -0.1320  0.4255  1.0000  -2.0420   0.0000   0.0000   0.0000   0.3356
   7.250   1.3838   0.01097   0.00589  -0.1306  0.4067  1.0000  -2.1221   0.0000   0.0000   0.0000   0.3330
   7.500   1.4015   0.01144   0.00628  -0.1291  0.3880  1.0000  -2.2031   0.0000   0.0000   0.0000   0.3303
   7.750   1.4169   0.01193   0.00670  -0.1271  0.3703  1.0000  -2.2810   0.0000   0.0000   0.0000   0.3275
   8.000   1.4323   0.01247   0.00717  -0.1252  0.3537  1.0000  -2.3601   0.0000   0.0000   0.0000   0.3248
   8.250   1.4474   0.01305   0.00769  -0.1233  0.3372  1.0000  -2.4673   0.0000   0.0000   0.0000   0.3222
   8.500   1.4623   0.01367   0.00826  -0.1215  0.3210  1.0000  -2.5752   0.0000   0.0000   0.0000   0.3197
   8.750   1.4758   0.01439   0.00891  -0.1196  0.3047  1.0000  -2.6811   0.0000   0.0000   0.0000   0.3172
   9.000   1.4892   0.01515   0.00960  -0.1178  0.2877  1.0000  -2.7880   0.0000   0.0000   0.0000   0.3148
   9.250   1.5019   0.01598   0.01037  -0.1159  0.2707  1.0000  -2.8947   0.0000   0.0000   0.0000   0.3125
   9.500   1.5137   0.01689   0.01121  -0.1140  0.2541  1.0000  -3.0036   0.0000   0.0000   0.0000   0.3102
   9.750   1.5249   0.01787   0.01211  -0.1121  0.2377  1.0000  -3.1118   0.0000   0.0000   0.0000   0.3080
  10.000   1.5362   0.01887   0.01305  -0.1103  0.2216  1.0000  -3.2215   0.0000   0.0000   0.0000   0.3059
  10.250   1.5466   0.01995   0.01407  -0.1085  0.2063  1.0000  -3.3296   0.0000   0.0000   0.0000   0.3037
  10.500   1.5564   0.02108   0.01514  -0.1066  0.1917  1.0000  -3.4374   0.0000   0.0000   0.0000   0.3016
  10.750   1.5660   0.02226   0.01627  -0.1048  0.1773  1.0000  -3.5453   0.0000   0.0000   0.0000   0.2996
  11.000   1.5740   0.02357   0.01751  -0.1029  0.1635  1.0000  -3.6492   0.0000   0.0000   0.0000   0.2976
  11.250   1.5826   0.02486   0.01875  -0.1011  0.1501  1.0000  -3.7560   0.0000   0.0000   0.0000   0.2956
  11.500   1.5895   0.02628   0.02012  -0.0993  0.1377  1.0000  -3.8584   0.0000   0.0000   0.0000   0.2937
  11.750   1.5975   0.02766   0.02146  -0.0975  0.1264  1.0000  -3.9647   0.0000   0.0000   0.0000   0.2918
  12.000   1.6044   0.02912   0.02289  -0.0958  0.1159  1.0000  -4.0687   0.0000   0.0000   0.0000   0.2900
  12.250   1.6107   0.03067   0.02440  -0.0941  0.1064  1.0000  -4.1711   0.0000   0.0000   0.0000   0.2882
  12.500   1.6170   0.03223   0.02595  -0.0924  0.0979  1.0000  -4.2741   0.0000   0.0000   0.0000   0.2864
  12.750   1.6233   0.03384   0.02755  -0.0908  0.0900  1.0000  -4.3807   0.0000   0.0000   0.0000   0.2847
  13.000   1.6293   0.03551   0.02921  -0.0893  0.0830  1.0000  -4.4879   0.0000   0.0000   0.0000   0.2831
  13.250   1.6350   0.03725   0.03095  -0.0878  0.0767  1.0000  -4.5946   0.0000   0.0000   0.0000   0.2815
  13.500   1.6404   0.03906   0.03276  -0.0864  0.0713  1.0000  -4.7006   0.0000   0.0000   0.0000   0.2799
  14.000   1.6510   0.04281   0.03654  -0.0838  0.0620  1.0000  -4.9138   0.0000   0.0000   0.0000   0.2769
  14.250   1.6562   0.04475   0.03851  -0.0826  0.0581  1.0000  -5.0208   0.0000   0.0000   0.0000   0.2755
  14.500   1.6604   0.04683   0.04061  -0.0815  0.0548  1.0000  -5.1243   0.0000   0.0000   0.0000   0.2742
  14.750   1.6643   0.04898   0.04280  -0.0804  0.0517  1.0000  -5.2269   0.0000   0.0000   0.0000   0.2728
  15.000   1.6689   0.05109   0.04495  -0.0794  0.0488  1.0000  -5.3326   0.0000   0.0000   0.0000   0.2716
  15.250   1.6712   0.05346   0.04736  -0.0785  0.0463  1.0000  -5.4295   0.0000   0.0000   0.0000   0.2703
  15.500   1.6749   0.05575   0.04970  -0.0776  0.0438  1.0000  -5.5416   0.0000   0.0000   0.0000   0.2692
  15.750   1.6771   0.05823   0.05223  -0.0768  0.0415  1.0000  -5.6621   0.0000   0.0000   0.0000   0.2680
  16.000   1.6782   0.06087   0.05491  -0.0760  0.0393  1.0000  -5.7781   0.0000   0.0000   0.0000   0.2670
  16.250   1.6799   0.06348   0.05758  -0.0754  0.0372  1.0000  -5.8975   0.0000   0.0000   0.0000   0.2659
  16.500   1.6785   0.06650   0.06065  -0.0748  0.0353  1.0000  -6.0017   0.0000   0.0000   0.0000   0.2650
  16.750   1.6793   0.06929   0.06350  -0.0743  0.0333  1.0000  -6.1172   0.0000   0.0000   0.0000   0.2641
  17.000   1.6772   0.07248   0.06676  -0.0738  0.0316  1.0000  -6.2172   0.0000   0.0000   0.0000   0.2633
  17.250   1.6755   0.07568   0.07001  -0.0735  0.0300  1.0000  -6.3197   0.0000   0.0000   0.0000   0.2625
  17.500   1.6719   0.07915   0.07356  -0.0733  0.0287  1.0000  -6.4110   0.0000   0.0000   0.0000   0.2619
  17.750   1.6692   0.08256   0.07704  -0.0732  0.0274  1.0000  -6.5068   0.0000   0.0000   0.0000   0.2612
  18.000   1.6623   0.08659   0.08113  -0.0733  0.0265  1.0000  -6.5794   0.0000   0.0000   0.0000   0.2608
  18.250   1.6601   0.09004   0.08467  -0.0734  0.0255  1.0000  -6.6755   0.0000   0.0000   0.0000   0.2603
  18.500   1.6552   0.09387   0.08858  -0.0737  0.0247  1.0000  -6.7576   0.0000   0.0000   0.0000   0.2600
  18.750   1.6467   0.09828   0.09306  -0.0742  0.0241  1.0000  -6.8176   0.0000   0.0000   0.0000   0.2599
  19.000   1.6433   0.10202   0.09690  -0.0747  0.0233  1.0000  -6.9053   0.0000   0.0000   0.0000   0.2597
  19.250   1.6390   0.10591   0.10088  -0.0754  0.0227  1.0000  -6.9903   0.0000   0.0000   0.0000   0.2595
  19.500   1.6327   0.11015   0.10519  -0.0764  0.0221  1.0000  -7.0617   0.0000   0.0000   0.0000   0.2596
  19.750   1.6234   0.11488   0.10999  -0.0776  0.0217  1.0000  -7.1118   0.0000   0.0000   0.0000   0.2600
  20.000   1.6202   0.11872   0.11393  -0.0787  0.0212  1.0000  -7.1977   0.0000   0.0000   0.0000   0.2601


