xflr5 v6.61

 Calculated polar for: QX0226

 1 1 Reynolds number fixed          Mach number fixed         

 xtrf =   1.000 (top)        1.000 (bottom)
 Mach =   0.000     Re =     0.900 e 6     Ncrit =   9.000

  alpha     CL        CD       CDp       Cm    Top Xtr Bot Xtr   Cpmin    Chinge    XCp    
 ------- -------- --------- --------- -------- ------- ------- -------- --------- ---------
 -10.000  -0.4976   0.01738   0.01209  -0.1303  0.8148  0.0212  -6.4872   0.0000   0.0000   0.0000  -0.0309
  -9.750  -0.4713   0.01690   0.01158  -0.1304  0.8119  0.0216  -6.2412   0.0000   0.0000   0.0000  -0.0461
  -9.500  -0.4448   0.01638   0.01101  -0.1306  0.8085  0.0220  -6.0044   0.0000   0.0000   0.0000  -0.0634
  -9.250  -0.4182   0.01583   0.01036  -0.1308  0.8054  0.0225  -5.7775   0.0000   0.0000   0.0000  -0.0828
  -9.000  -0.3912   0.01536   0.00973  -0.1309  0.8026  0.0230  -5.5544   0.0000   0.0000   0.0000  -0.1052
  -8.750  -0.3649   0.01471   0.00909  -0.1311  0.7996  0.0235  -5.3306   0.0000   0.0000   0.0000  -0.1303
  -8.500  -0.3375   0.01432   0.00868  -0.1313  0.7964  0.0240  -5.0986   0.0000   0.0000   0.0000  -0.1608
  -8.250  -0.3100   0.01393   0.00821  -0.1315  0.7935  0.0246  -4.8856   0.0000   0.0000   0.0000  -0.1968
  -8.000  -0.2823   0.01356   0.00773  -0.1316  0.7909  0.0252  -4.6800   0.0000   0.0000   0.0000  -0.2401
  -7.750  -0.2551   0.01302   0.00718  -0.1318  0.7877  0.0258  -4.4770   0.0000   0.0000   0.0000  -0.2919
  -7.500  -0.2272   0.01268   0.00682  -0.1320  0.7847  0.0265  -4.2699   0.0000   0.0000   0.0000  -0.3581
  -7.250  -0.1991   0.01238   0.00646  -0.1322  0.7820  0.0273  -4.0762   0.0000   0.0000   0.0000  -0.4435
  -7.000  -0.1712   0.01199   0.00602  -0.1324  0.7791  0.0282  -3.8901   0.0000   0.0000   0.0000  -0.5561
  -6.750  -0.1430   0.01167   0.00570  -0.1326  0.7760  0.0290  -3.6991   0.0000   0.0000   0.0000  -0.7145
  -6.500  -0.1146   0.01140   0.00538  -0.1328  0.7731  0.0300  -3.5150   0.0000   0.0000   0.0000  -0.9532
  -6.250  -0.0864   0.01107   0.00501  -0.1330  0.7705  0.0311  -3.3441   0.0000   0.0000   0.0000  -1.3452
  -6.000  -0.0579   0.01083   0.00476  -0.1333  0.7674  0.0323  -3.1694   0.0000   0.0000   0.0000  -2.1329
  -5.750  -0.0293   0.01055   0.00446  -0.1335  0.7643  0.0337  -3.0025   0.0000   0.0000   0.0000  -4.4555
  -5.500  -0.0007   0.01032   0.00420  -0.1337  0.7616  0.0352  -2.8341   0.0000   0.0000   0.0000  -204.3550
  -5.250   0.0280   0.01010   0.00394  -0.1339  0.7588  0.0368  -2.6716   0.0000   0.0000   0.0000   5.1642
  -5.000   0.0568   0.00988   0.00374  -0.1342  0.7556  0.0387  -2.5157   0.0000   0.0000   0.0000   2.6756
  -4.750   0.0856   0.00966   0.00350  -0.1344  0.7526  0.0408  -2.3650   0.0000   0.0000   0.0000   1.8602
  -4.500   0.1146   0.00952   0.00332  -0.1346  0.7499  0.0432  -2.2157   0.0000   0.0000   0.0000   1.4531
  -4.250   0.1435   0.00931   0.00313  -0.1349  0.7466  0.0460  -2.0694   0.0000   0.0000   0.0000   1.2116
  -4.000   0.1724   0.00912   0.00294  -0.1351  0.7433  0.0493  -1.9258   0.0000   0.0000   0.0000   1.0504
  -3.750   0.2014   0.00895   0.00277  -0.1354  0.7404  0.0535  -1.7899   0.0000   0.0000   0.0000   0.9354
  -3.500   0.2304   0.00880   0.00263  -0.1356  0.7372  0.0592  -1.6585   0.0000   0.0000   0.0000   0.8493
  -3.250   0.2593   0.00862   0.00249  -0.1359  0.7337  0.0675  -1.5299   0.0000   0.0000   0.0000   0.7825
  -3.000   0.2883   0.00845   0.00235  -0.1362  0.7305  0.0807  -1.4035   0.0000   0.0000   0.0000   0.7292
  -2.750   0.3172   0.00828   0.00225  -0.1364  0.7272  0.1007  -1.2812   0.0000   0.0000   0.0000   0.6857
  -2.500   0.3461   0.00810   0.00216  -0.1367  0.7233  0.1259  -1.1653   0.0000   0.0000   0.0000   0.6495
  -2.250   0.3751   0.00794   0.00208  -0.1370  0.7200  0.1533  -1.0517   0.0000   0.0000   0.0000   0.6188
  -2.000   0.4040   0.00781   0.00203  -0.1373  0.7164  0.1815  -0.9428   0.0000   0.0000   0.0000   0.5925
  -1.750   0.4330   0.00768   0.00198  -0.1376  0.7124  0.2095  -0.8394   0.0000   0.0000   0.0000   0.5697
  -1.250   0.4909   0.00743   0.00191  -0.1382  0.7048  0.2783  -0.8077   0.0000   0.0000   0.0000   0.5322
  -1.000   0.5197   0.00729   0.00188  -0.1385  0.7007  0.3231  -0.8263   0.0000   0.0000   0.0000   0.5166
  -0.750   0.5485   0.00715   0.00187  -0.1388  0.6969  0.3764  -0.8457   0.0000   0.0000   0.0000   0.5027
  -0.500   0.5772   0.00697   0.00187  -0.1391  0.6924  0.4411  -0.8659   0.0000   0.0000   0.0000   0.4902
  -0.250   0.6058   0.00681   0.00189  -0.1393  0.6884  0.5147  -0.8863   0.0000   0.0000   0.0000   0.4788
   0.000   0.6344   0.00667   0.00192  -0.1395  0.6837  0.5779  -0.9073   0.0000   0.0000   0.0000   0.4684
   0.250   0.6627   0.00656   0.00196  -0.1397  0.6792  0.6366  -0.9295   0.0000   0.0000   0.0000   0.4588
   0.500   0.6911   0.00650   0.00201  -0.1397  0.6745  0.6867  -0.9522   0.0000   0.0000   0.0000   0.4499
   0.750   0.7194   0.00647   0.00204  -0.1398  0.6696  0.7245  -0.9752   0.0000   0.0000   0.0000   0.4417
   1.000   0.7474   0.00644   0.00209  -0.1398  0.6646  0.7573  -0.9994   0.0000   0.0000   0.0000   0.4340
   1.250   0.7752   0.00642   0.00213  -0.1397  0.6593  0.7886  -1.0244   0.0000   0.0000   0.0000   0.4269
   1.500   0.8027   0.00639   0.00219  -0.1396  0.6539  0.8208  -1.0494   0.0000   0.0000   0.0000   0.4202
   1.750   0.8293   0.00638   0.00223  -0.1393  0.6485  0.8546  -1.0752   0.0000   0.0000   0.0000   0.4139
   2.000   0.8544   0.00632   0.00229  -0.1385  0.6424  0.8962  -1.1013   0.0000   0.0000   0.0000   0.4078
   2.250   0.8790   0.00626   0.00230  -0.1376  0.6366  0.9604  -1.1278   0.0000   0.0000   0.0000   0.4019
   2.500   0.9116   0.00630   0.00232  -0.1387  0.6299  1.0000  -1.1597   0.0000   0.0000   0.0000   0.3971
   2.750   0.9400   0.00638   0.00238  -0.1388  0.6231  1.0000  -1.1904   0.0000   0.0000   0.0000   0.3924
   3.000   0.9681   0.00649   0.00244  -0.1390  0.6162  1.0000  -1.2222   0.0000   0.0000   0.0000   0.3879
   3.250   0.9960   0.00659   0.00251  -0.1391  0.6084  1.0000  -1.2544   0.0000   0.0000   0.0000   0.3837
   3.500   1.0239   0.00669   0.00259  -0.1391  0.6002  1.0000  -1.2888   0.0000   0.0000   0.0000   0.3796
   3.750   1.0514   0.00681   0.00268  -0.1392  0.5912  1.0000  -1.3254   0.0000   0.0000   0.0000   0.3758
   4.000   1.0786   0.00694   0.00278  -0.1391  0.5815  1.0000  -1.3622   0.0000   0.0000   0.0000   0.3721
   4.250   1.1056   0.00709   0.00289  -0.1391  0.5714  1.0000  -1.4026   0.0000   0.0000   0.0000   0.3686
   4.500   1.1322   0.00725   0.00301  -0.1389  0.5604  1.0000  -1.4439   0.0000   0.0000   0.0000   0.3652
   4.750   1.1583   0.00743   0.00315  -0.1387  0.5484  1.0000  -1.4859   0.0000   0.0000   0.0000   0.3619
   5.000   1.1842   0.00763   0.00330  -0.1385  0.5359  1.0000  -1.5321   0.0000   0.0000   0.0000   0.3587
   5.250   1.2098   0.00783   0.00346  -0.1382  0.5221  1.0000  -1.5792   0.0000   0.0000   0.0000   0.3556
   5.500   1.2343   0.00810   0.00366  -0.1377  0.5070  1.0000  -1.6292   0.0000   0.0000   0.0000   0.3526
   5.750   1.2587   0.00835   0.00386  -0.1372  0.4907  1.0000  -1.6841   0.0000   0.0000   0.0000   0.3497
   6.000   1.2822   0.00866   0.00409  -0.1366  0.4740  1.0000  -1.7467   0.0000   0.0000   0.0000   0.3469
   6.250   1.3047   0.00900   0.00436  -0.1358  0.4558  1.0000  -1.8170   0.0000   0.0000   0.0000   0.3441
   6.500   1.3266   0.00938   0.00465  -0.1349  0.4369  1.0000  -1.8912   0.0000   0.0000   0.0000   0.3413
   6.750   1.3477   0.00977   0.00496  -0.1339  0.4174  1.0000  -1.9680   0.0000   0.0000   0.0000   0.3386
   7.000   1.3682   0.01018   0.00529  -0.1328  0.3985  1.0000  -2.0493   0.0000   0.0000   0.0000   0.3360
   7.250   1.3878   0.01062   0.00565  -0.1315  0.3796  1.0000  -2.1311   0.0000   0.0000   0.0000   0.3333
   7.500   1.4061   0.01108   0.00603  -0.1301  0.3612  1.0000  -2.2135   0.0000   0.0000   0.0000   0.3307
   7.750   1.4221   0.01156   0.00643  -0.1282  0.3447  1.0000  -2.2925   0.0000   0.0000   0.0000   0.3279
   8.000   1.4386   0.01205   0.00686  -0.1264  0.3283  1.0000  -2.3788   0.0000   0.0000   0.0000   0.3253
   8.250   1.4542   0.01261   0.00735  -0.1246  0.3120  1.0000  -2.4875   0.0000   0.0000   0.0000   0.3227
   8.500   1.4685   0.01325   0.00792  -0.1227  0.2953  1.0000  -2.5945   0.0000   0.0000   0.0000   0.3202
   8.750   1.4827   0.01393   0.00853  -0.1209  0.2779  1.0000  -2.7025   0.0000   0.0000   0.0000   0.3177
   9.000   1.4962   0.01468   0.00920  -0.1190  0.2608  1.0000  -2.8100   0.0000   0.0000   0.0000   0.3153
   9.250   1.5091   0.01549   0.00994  -0.1172  0.2445  1.0000  -2.9196   0.0000   0.0000   0.0000   0.3130
   9.500   1.5213   0.01637   0.01074  -0.1153  0.2285  1.0000  -3.0302   0.0000   0.0000   0.0000   0.3107
   9.750   1.5336   0.01727   0.01158  -0.1135  0.2126  1.0000  -3.1419   0.0000   0.0000   0.0000   0.3085
  10.000   1.5450   0.01825   0.01250  -0.1117  0.1979  1.0000  -3.2526   0.0000   0.0000   0.0000   0.3064
  10.250   1.5562   0.01927   0.01345  -0.1099  0.1836  1.0000  -3.3637   0.0000   0.0000   0.0000   0.3042
  10.500   1.5664   0.02037   0.01449  -0.1081  0.1693  1.0000  -3.4731   0.0000   0.0000   0.0000   0.3022
  10.750   1.5756   0.02156   0.01562  -0.1062  0.1556  1.0000  -3.5803   0.0000   0.0000   0.0000   0.3001
  11.000   1.5851   0.02275   0.01676  -0.1044  0.1427  1.0000  -3.6897   0.0000   0.0000   0.0000   0.2981
  11.250   1.5933   0.02404   0.01800  -0.1026  0.1304  1.0000  -3.7960   0.0000   0.0000   0.0000   0.2961
  11.500   1.6021   0.02533   0.01924  -0.1008  0.1198  1.0000  -3.9049   0.0000   0.0000   0.0000   0.2942
  11.750   1.6106   0.02664   0.02053  -0.0991  0.1098  1.0000  -4.0138   0.0000   0.0000   0.0000   0.2923
  12.000   1.6182   0.02804   0.02189  -0.0974  0.1006  1.0000  -4.1209   0.0000   0.0000   0.0000   0.2905
  12.250   1.6254   0.02949   0.02332  -0.0957  0.0924  1.0000  -4.2271   0.0000   0.0000   0.0000   0.2887
  12.500   1.6323   0.03099   0.02480  -0.0940  0.0849  1.0000  -4.3336   0.0000   0.0000   0.0000   0.2869
  12.750   1.6391   0.03253   0.02633  -0.0924  0.0783  1.0000  -4.4440   0.0000   0.0000   0.0000   0.2852
  13.000   1.6460   0.03410   0.02790  -0.0909  0.0724  1.0000  -4.5555   0.0000   0.0000   0.0000   0.2835
  13.250   1.6530   0.03570   0.02951  -0.0895  0.0671  1.0000  -4.6677   0.0000   0.0000   0.0000   0.2819
  13.500   1.6598   0.03735   0.03117  -0.0881  0.0624  1.0000  -4.7804   0.0000   0.0000   0.0000   0.2803
  13.750   1.6663   0.03907   0.03290  -0.0868  0.0583  1.0000  -4.8925   0.0000   0.0000   0.0000   0.2788
  14.000   1.6721   0.04087   0.03472  -0.0855  0.0548  1.0000  -5.0028   0.0000   0.0000   0.0000   0.2773
  14.250   1.6775   0.04276   0.03662  -0.0843  0.0515  1.0000  -5.1121   0.0000   0.0000   0.0000   0.2759
  14.500   1.6838   0.04459   0.03850  -0.0832  0.0486  1.0000  -5.2252   0.0000   0.0000   0.0000   0.2745
  14.750   1.6886   0.04660   0.04054  -0.0821  0.0459  1.0000  -5.3330   0.0000   0.0000   0.0000   0.2731
  15.000   1.6933   0.04866   0.04263  -0.0810  0.0434  1.0000  -5.4409   0.0000   0.0000   0.0000   0.2718
  15.250   1.6981   0.05075   0.04476  -0.0801  0.0410  1.0000  -5.5491   0.0000   0.0000   0.0000   0.2706
  15.500   1.7005   0.05310   0.04714  -0.0791  0.0388  1.0000  -5.6720   0.0000   0.0000   0.0000   0.2693
  15.750   1.7047   0.05531   0.04941  -0.0782  0.0366  1.0000  -5.8047   0.0000   0.0000   0.0000   0.2682
  16.000   1.7069   0.05778   0.05192  -0.0774  0.0346  1.0000  -5.9286   0.0000   0.0000   0.0000   0.2670
  16.250   1.7079   0.06040   0.05458  -0.0766  0.0326  1.0000  -6.0475   0.0000   0.0000   0.0000   0.2659
  16.500   1.7098   0.06297   0.05721  -0.0760  0.0306  1.0000  -6.1702   0.0000   0.0000   0.0000   0.2649
  16.750   1.7091   0.06589   0.06017  -0.0753  0.0289  1.0000  -6.2806   0.0000   0.0000   0.0000   0.2639
  17.000   1.7092   0.06874   0.06308  -0.0748  0.0273  1.0000  -6.3950   0.0000   0.0000   0.0000   0.2630
  17.250   1.7074   0.07186   0.06627  -0.0743  0.0260  1.0000  -6.4994   0.0000   0.0000   0.0000   0.2622
  17.500   1.7059   0.07501   0.06948  -0.0740  0.0248  1.0000  -6.6055   0.0000   0.0000   0.0000   0.2614
  17.750   1.7017   0.07854   0.07306  -0.0737  0.0239  1.0000  -6.6965   0.0000   0.0000   0.0000   0.2607
  18.000   1.7002   0.08175   0.07636  -0.0736  0.0229  1.0000  -6.8022   0.0000   0.0000   0.0000   0.2600
  18.250   1.6962   0.08535   0.08003  -0.0736  0.0221  1.0000  -6.8940   0.0000   0.0000   0.0000   0.2595
  18.500   1.6909   0.08917   0.08392  -0.0737  0.0215  1.0000  -6.9776   0.0000   0.0000   0.0000   0.2591
  18.750   1.6883   0.09266   0.08749  -0.0739  0.0208  1.0000  -7.0798   0.0000   0.0000   0.0000   0.2586
  19.000   1.6837   0.09646   0.09137  -0.0743  0.0202  1.0000  -7.1702   0.0000   0.0000   0.0000   0.2583
  19.250   1.6769   0.10063   0.09561  -0.0749  0.0197  1.0000  -7.2455   0.0000   0.0000   0.0000   0.2581
  19.500   1.6709   0.10471   0.09978  -0.0755  0.0193  1.0000  -7.3239   0.0000   0.0000   0.0000   0.2580
  19.750   1.6669   0.10857   0.10373  -0.0763  0.0189  1.0000  -7.4122   0.0000   0.0000   0.0000   0.2579
  20.000   1.6620   0.11258   0.10783  -0.0772  0.0185  1.0000  -7.4945   0.0000   0.0000   0.0000   0.2580


