xflr5 v6.61

 Calculated polar for: QX0226

 1 1 Reynolds number fixed          Mach number fixed         

 xtrf =   1.000 (top)        1.000 (bottom)
 Mach =   0.000     Re =     0.420 e 6     Ncrit =   9.000

  alpha     CL        CD       CDp       Cm    Top Xtr Bot Xtr   Cpmin    Chinge    XCp    
 ------- -------- --------- --------- -------- ------- ------- -------- --------- ---------
  -9.750  -0.3446   0.04616   0.04294  -0.1199  0.8600  0.0301  -4.3935   0.0000   0.0000   0.0000  -0.1218
  -9.500  -0.3691   0.03614   0.03226  -0.1302  0.8539  0.0296  -4.7446   0.0000   0.0000   0.0000  -0.1247
  -9.250  -0.3725   0.02940   0.02471  -0.1333  0.8487  0.0297  -4.9259   0.0000   0.0000   0.0000  -0.1292
  -9.000  -0.3599   0.02567   0.02024  -0.1341  0.8454  0.0303  -4.9441   0.0000   0.0000   0.0000  -0.1443
  -8.750  -0.3372   0.02429   0.01875  -0.1344  0.8415  0.0309  -4.7776   0.0000   0.0000   0.0000  -0.1709
  -8.500  -0.3120   0.02359   0.01804  -0.1345  0.8380  0.0315  -4.5730   0.0000   0.0000   0.0000  -0.2044
  -8.250  -0.2882   0.02223   0.01642  -0.1347  0.8351  0.0323  -4.4251   0.0000   0.0000   0.0000  -0.2413
  -8.000  -0.2644   0.02075   0.01456  -0.1348  0.8315  0.0330  -4.2988   0.0000   0.0000   0.0000  -0.2853
  -7.750  -0.2390   0.01973   0.01343  -0.1349  0.8280  0.0338  -4.1347   0.0000   0.0000   0.0000  -0.3414
  -7.500  -0.2124   0.01912   0.01278  -0.1350  0.8251  0.0347  -3.9482   0.0000   0.0000   0.0000  -0.4147
  -7.250  -0.1860   0.01831   0.01178  -0.1351  0.8222  0.0358  -3.7918   0.0000   0.0000   0.0000  -0.5082
  -7.000  -0.1596   0.01745   0.01078  -0.1351  0.8185  0.0367  -3.6414   0.0000   0.0000   0.0000  -0.6322
  -6.750  -0.1326   0.01689   0.01021  -0.1352  0.8154  0.0378  -3.4701   0.0000   0.0000   0.0000  -0.8110
  -6.500  -0.1050   0.01635   0.00952  -0.1353  0.8129  0.0392  -3.3142   0.0000   0.0000   0.0000  -1.0883
  -6.250  -0.0782   0.01573   0.00891  -0.1354  0.8092  0.0405  -3.1571   0.0000   0.0000   0.0000  -1.5446
  -6.000  -0.0507   0.01527   0.00840  -0.1354  0.8059  0.0420  -3.0029   0.0000   0.0000   0.0000  -2.5135
  -5.750  -0.0230   0.01476   0.00780  -0.1355  0.8032  0.0437  -2.8597   0.0000   0.0000   0.0000  -5.8403
  -5.500   0.0046   0.01437   0.00743  -0.1356  0.8001  0.0457  -2.7071   0.0000   0.0000   0.0000  30.6938
  -5.250   0.0321   0.01394   0.00696  -0.1357  0.7965  0.0478  -2.5649   0.0000   0.0000   0.0000   4.6017
  -5.000   0.0602   0.01358   0.00660  -0.1358  0.7936  0.0503  -2.4178   0.0000   0.0000   0.0000   2.5715
  -4.750   0.0883   0.01321   0.00620  -0.1360  0.7911  0.0530  -2.2812   0.0000   0.0000   0.0000   1.8305
  -4.500   0.1161   0.01291   0.00590  -0.1361  0.7872  0.0562  -2.1486   0.0000   0.0000   0.0000   1.4518
  -4.250   0.1442   0.01261   0.00560  -0.1362  0.7840  0.0601  -2.0128   0.0000   0.0000   0.0000   1.2166
  -4.000   0.1729   0.01230   0.00528  -0.1365  0.7814  0.0647  -1.8786   0.0000   0.0000   0.0000   1.0565
  -3.750   0.2009   0.01204   0.00505  -0.1366  0.7778  0.0705  -1.7532   0.0000   0.0000   0.0000   0.9438
  -3.500   0.2292   0.01178   0.00480  -0.1368  0.7743  0.0787  -1.6317   0.0000   0.0000   0.0000   0.8578
  -3.250   0.2580   0.01149   0.00454  -0.1370  0.7715  0.0912  -1.5100   0.0000   0.0000   0.0000   0.7901
  -3.000   0.2863   0.01121   0.00437  -0.1373  0.7680  0.1120  -1.3913   0.0000   0.0000   0.0000   0.7368
  -2.750   0.3146   0.01095   0.00423  -0.1375  0.7643  0.1441  -1.2759   0.0000   0.0000   0.0000   0.6931
  -2.500   0.3435   0.01073   0.00410  -0.1378  0.7613  0.1807  -1.1622   0.0000   0.0000   0.0000   0.6560
  -2.250   0.3719   0.01055   0.00403  -0.1380  0.7578  0.2166  -1.0511   0.0000   0.0000   0.0000   0.6250
  -2.000   0.4002   0.01037   0.00397  -0.1382  0.7538  0.2559  -0.9457   0.0000   0.0000   0.0000   0.5984
  -1.750   0.4292   0.01017   0.00387  -0.1385  0.7506  0.3003  -0.8431   0.0000   0.0000   0.0000   0.5751
  -1.500   0.4574   0.00999   0.00385  -0.1388  0.7468  0.3548  -0.7825   0.0000   0.0000   0.0000   0.5550
  -1.250   0.4856   0.00976   0.00382  -0.1389  0.7427  0.4212  -0.8004   0.0000   0.0000   0.0000   0.5372
  -1.000   0.5143   0.00952   0.00378  -0.1392  0.7396  0.5005  -0.8193   0.0000   0.0000   0.0000   0.5211
  -0.750   0.5415   0.00933   0.00384  -0.1391  0.7351  0.5780  -0.8381   0.0000   0.0000   0.0000   0.5069
  -0.500   0.5691   0.00917   0.00387  -0.1390  0.7312  0.6489  -0.8578   0.0000   0.0000   0.0000   0.4937
  -0.250   0.5967   0.00907   0.00389  -0.1388  0.7276  0.7059  -0.8779   0.0000   0.0000   0.0000   0.4816
   0.000   0.6233   0.00900   0.00393  -0.1384  0.7228  0.7501  -0.8979   0.0000   0.0000   0.0000   0.4707
   0.250   0.6506   0.00892   0.00390  -0.1380  0.7192  0.7909  -0.9196   0.0000   0.0000   0.0000   0.4604
   0.500   0.6757   0.00886   0.00396  -0.1372  0.7142  0.8290  -0.9403   0.0000   0.0000   0.0000   0.4510
   0.750   0.7006   0.00877   0.00393  -0.1363  0.7100  0.8682  -0.9616   0.0000   0.0000   0.0000   0.4420
   1.000   0.7233   0.00868   0.00393  -0.1348  0.7054  0.9163  -0.9826   0.0000   0.0000   0.0000   0.4336
   1.250   0.7591   0.00856   0.00382  -0.1363  0.7005  0.9900  -1.0122   0.0000   0.0000   0.0000   0.4263
   1.500   0.7889   0.00861   0.00381  -0.1368  0.6958  1.0000  -1.0385   0.0000   0.0000   0.0000   0.4199
   1.750   0.8177   0.00866   0.00381  -0.1371  0.6905  1.0000  -1.0652   0.0000   0.0000   0.0000   0.4137
   2.000   0.8463   0.00871   0.00383  -0.1373  0.6853  1.0000  -1.0932   0.0000   0.0000   0.0000   0.4080
   2.250   0.8749   0.00876   0.00383  -0.1375  0.6798  1.0000  -1.1219   0.0000   0.0000   0.0000   0.4026
   2.500   0.9029   0.00883   0.00388  -0.1376  0.6739  1.0000  -1.1508   0.0000   0.0000   0.0000   0.3975
   2.750   0.9315   0.00889   0.00388  -0.1377  0.6685  1.0000  -1.1816   0.0000   0.0000   0.0000   0.3927
   3.000   0.9589   0.00896   0.00395  -0.1377  0.6617  1.0000  -1.2127   0.0000   0.0000   0.0000   0.3881
   3.250   0.9868   0.00904   0.00400  -0.1378  0.6555  1.0000  -1.2448   0.0000   0.0000   0.0000   0.3838
   3.500   1.0145   0.00911   0.00405  -0.1378  0.6488  1.0000  -1.2787   0.0000   0.0000   0.0000   0.3796
   3.750   1.0415   0.00920   0.00414  -0.1377  0.6413  1.0000  -1.3147   0.0000   0.0000   0.0000   0.3757
   4.000   1.0686   0.00930   0.00421  -0.1376  0.6337  1.0000  -1.3513   0.0000   0.0000   0.0000   0.3719
   4.250   1.0956   0.00940   0.00429  -0.1375  0.6259  1.0000  -1.3911   0.0000   0.0000   0.0000   0.3683
   4.500   1.1223   0.00952   0.00438  -0.1373  0.6175  1.0000  -1.4321   0.0000   0.0000   0.0000   0.3648
   4.750   1.1483   0.00964   0.00449  -0.1370  0.6080  1.0000  -1.4740   0.0000   0.0000   0.0000   0.3615
   5.000   1.1741   0.00978   0.00462  -0.1367  0.5981  1.0000  -1.5191   0.0000   0.0000   0.0000   0.3582
   5.250   1.1996   0.00994   0.00476  -0.1363  0.5878  1.0000  -1.5661   0.0000   0.0000   0.0000   0.3551
   5.500   1.2246   0.01011   0.00492  -0.1359  0.5764  1.0000  -1.6154   0.0000   0.0000   0.0000   0.3521
   5.750   1.2490   0.01030   0.00510  -0.1353  0.5642  1.0000  -1.6695   0.0000   0.0000   0.0000   0.3491
   6.000   1.2729   0.01052   0.00530  -0.1347  0.5514  1.0000  -1.7313   0.0000   0.0000   0.0000   0.3463
   6.250   1.2960   0.01078   0.00552  -0.1339  0.5379  1.0000  -1.7996   0.0000   0.0000   0.0000   0.3434
   6.500   1.3184   0.01105   0.00577  -0.1331  0.5228  1.0000  -1.8742   0.0000   0.0000   0.0000   0.3406
   6.750   1.3395   0.01138   0.00604  -0.1320  0.5074  1.0000  -1.9497   0.0000   0.0000   0.0000   0.3379
   7.000   1.3599   0.01173   0.00635  -0.1308  0.4902  1.0000  -2.0279   0.0000   0.0000   0.0000   0.3351
   7.250   1.3786   0.01215   0.00671  -0.1293  0.4725  1.0000  -2.1071   0.0000   0.0000   0.0000   0.3324
   7.500   1.3957   0.01261   0.00711  -0.1276  0.4542  1.0000  -2.1853   0.0000   0.0000   0.0000   0.3296
   7.750   1.4102   0.01313   0.00755  -0.1255  0.4363  1.0000  -2.2613   0.0000   0.0000   0.0000   0.3268
   8.000   1.4237   0.01367   0.00804  -0.1232  0.4184  1.0000  -2.3360   0.0000   0.0000   0.0000   0.3239
   8.250   1.4367   0.01429   0.00860  -0.1210  0.4007  1.0000  -2.4293   0.0000   0.0000   0.0000   0.3212
   8.500   1.4489   0.01499   0.00924  -0.1187  0.3837  1.0000  -2.5297   0.0000   0.0000   0.0000   0.3185
   8.750   1.4609   0.01574   0.00994  -0.1166  0.3669  1.0000  -2.6309   0.0000   0.0000   0.0000   0.3160
   9.000   1.4731   0.01653   0.01069  -0.1146  0.3505  1.0000  -2.7334   0.0000   0.0000   0.0000   0.3135
   9.250   1.4840   0.01743   0.01154  -0.1125  0.3346  1.0000  -2.8339   0.0000   0.0000   0.0000   0.3111
   9.500   1.4952   0.01836   0.01242  -0.1105  0.3183  1.0000  -2.9363   0.0000   0.0000   0.0000   0.3088
   9.750   1.5056   0.01937   0.01339  -0.1086  0.3026  1.0000  -3.0400   0.0000   0.0000   0.0000   0.3066
  10.000   1.5150   0.02048   0.01445  -0.1066  0.2866  1.0000  -3.1428   0.0000   0.0000   0.0000   0.3044
  10.250   1.5245   0.02162   0.01555  -0.1047  0.2704  1.0000  -3.2468   0.0000   0.0000   0.0000   0.3023
  10.500   1.5326   0.02288   0.01676  -0.1028  0.2544  1.0000  -3.3479   0.0000   0.0000   0.0000   0.3002
  10.750   1.5400   0.02422   0.01804  -0.1008  0.2383  1.0000  -3.4477   0.0000   0.0000   0.0000   0.2981
  11.000   1.5474   0.02560   0.01936  -0.0989  0.2223  1.0000  -3.5482   0.0000   0.0000   0.0000   0.2961
  11.250   1.5536   0.02708   0.02079  -0.0970  0.2069  1.0000  -3.6458   0.0000   0.0000   0.0000   0.2941
  11.500   1.5593   0.02863   0.02229  -0.0951  0.1919  1.0000  -3.7426   0.0000   0.0000   0.0000   0.2922
  11.750   1.5649   0.03022   0.02384  -0.0933  0.1774  1.0000  -3.8394   0.0000   0.0000   0.0000   0.2903
  12.250   1.5739   0.03365   0.02718  -0.0897  0.1509  1.0000  -4.0279   0.0000   0.0000   0.0000   0.2867
  12.500   1.5779   0.03547   0.02897  -0.0880  0.1391  1.0000  -4.1209   0.0000   0.0000   0.0000   0.2850
  12.750   1.5818   0.03736   0.03083  -0.0864  0.1284  1.0000  -4.2139   0.0000   0.0000   0.0000   0.2833
  13.000   1.5859   0.03927   0.03274  -0.0848  0.1180  1.0000  -4.3097   0.0000   0.0000   0.0000   0.2817
  13.250   1.5891   0.04131   0.03476  -0.0834  0.1085  1.0000  -4.4045   0.0000   0.0000   0.0000   0.2802
  13.500   1.5918   0.04345   0.03689  -0.0820  0.1001  1.0000  -4.4977   0.0000   0.0000   0.0000   0.2787
  13.750   1.5943   0.04566   0.03910  -0.0807  0.0926  1.0000  -4.5901   0.0000   0.0000   0.0000   0.2772
  14.000   1.5968   0.04792   0.04138  -0.0794  0.0860  1.0000  -4.6823   0.0000   0.0000   0.0000   0.2758
  14.250   1.5991   0.05025   0.04373  -0.0783  0.0803  1.0000  -4.7741   0.0000   0.0000   0.0000   0.2745
  14.500   1.6009   0.05268   0.04618  -0.0772  0.0753  1.0000  -4.8639   0.0000   0.0000   0.0000   0.2733
  14.750   1.6016   0.05528   0.04881  -0.0762  0.0710  1.0000  -4.9494   0.0000   0.0000   0.0000   0.2721
  15.000   1.6024   0.05792   0.05149  -0.0754  0.0670  1.0000  -5.0352   0.0000   0.0000   0.0000   0.2709
  15.250   1.6038   0.06053   0.05416  -0.0746  0.0633  1.0000  -5.1229   0.0000   0.0000   0.0000   0.2698
  15.500   1.6026   0.06350   0.05716  -0.0738  0.0603  1.0000  -5.2002   0.0000   0.0000   0.0000   0.2688
  15.750   1.6033   0.06629   0.06002  -0.0732  0.0571  1.0000  -5.2885   0.0000   0.0000   0.0000   0.2679
  16.000   1.6021   0.06935   0.06314  -0.0727  0.0543  1.0000  -5.3799   0.0000   0.0000   0.0000   0.2670
  16.250   1.6002   0.07255   0.06639  -0.0723  0.0518  1.0000  -5.4714   0.0000   0.0000   0.0000   0.2662
  16.500   1.5989   0.07574   0.06966  -0.0720  0.0492  1.0000  -5.5652   0.0000   0.0000   0.0000   0.2654
  16.750   1.5949   0.07930   0.07327  -0.0718  0.0471  1.0000  -5.6491   0.0000   0.0000   0.0000   0.2648
  17.000   1.5929   0.08266   0.07672  -0.0717  0.0449  1.0000  -5.7408   0.0000   0.0000   0.0000   0.2642
  17.250   1.5879   0.08647   0.08058  -0.0717  0.0430  1.0000  -5.8176   0.0000   0.0000   0.0000   0.2638
  17.500   1.5845   0.09010   0.08430  -0.0719  0.0411  1.0000  -5.9000   0.0000   0.0000   0.0000   0.2634
  17.750   1.5795   0.09402   0.08828  -0.0722  0.0394  1.0000  -5.9742   0.0000   0.0000   0.0000   0.2631
  18.000   1.5745   0.09797   0.09231  -0.0726  0.0378  1.0000  -6.0454   0.0000   0.0000   0.0000   0.2629
  18.250   1.5704   0.10183   0.09625  -0.0732  0.0363  1.0000  -6.1215   0.0000   0.0000   0.0000   0.2627
  18.500   1.5631   0.10618   0.10063  -0.0740  0.0353  1.0000  -6.1784   0.0000   0.0000   0.0000   0.2628
  18.750   1.5607   0.10989   0.10446  -0.0747  0.0339  1.0000  -6.2585   0.0000   0.0000   0.0000   0.2628
  19.000   1.5565   0.11387   0.10851  -0.0757  0.0328  1.0000  -6.3296   0.0000   0.0000   0.0000   0.2629
  19.250   1.5511   0.11801   0.11268  -0.0768  0.0320  1.0000  -6.3911   0.0000   0.0000   0.0000   0.2631
  19.500   1.5492   0.12170   0.11649  -0.0779  0.0310  1.0000  -6.4693   0.0000   0.0000   0.0000   0.2632
  19.750   1.5469   0.12546   0.12031  -0.0792  0.0301  1.0000  -6.5465   0.0000   0.0000   0.0000   0.2635
  20.000   1.5441   0.12923   0.12410  -0.0806  0.0294  1.0000  -6.6233   0.0000   0.0000   0.0000   0.2638


