xflr5 v6.61

 Calculated polar for: QX0226

 1 1 Reynolds number fixed          Mach number fixed         

 xtrf =   1.000 (top)        1.000 (bottom)
 Mach =   0.000     Re =     0.680 e 6     Ncrit =   9.000

  alpha     CL        CD       CDp       Cm    Top Xtr Bot Xtr   Cpmin    Chinge    XCp    
 ------- -------- --------- --------- -------- ------- ------- -------- --------- ---------
 -10.000  -0.4848   0.02077   0.01546  -0.1312  0.8294  0.0232  -6.2729   0.0000   0.0000   0.0000  -0.0399
  -9.750  -0.4598   0.02010   0.01477  -0.1313  0.8262  0.0236  -6.0337   0.0000   0.0000   0.0000  -0.0553
  -9.500  -0.4343   0.01947   0.01405  -0.1315  0.8233  0.0240  -5.8096   0.0000   0.0000   0.0000  -0.0727
  -9.250  -0.4088   0.01869   0.01318  -0.1317  0.8198  0.0245  -5.6008   0.0000   0.0000   0.0000  -0.0924
  -9.000  -0.3832   0.01789   0.01217  -0.1318  0.8165  0.0251  -5.4046   0.0000   0.0000   0.0000  -0.1148
  -8.750  -0.3575   0.01712   0.01131  -0.1319  0.8137  0.0257  -5.1966   0.0000   0.0000   0.0000  -0.1405
  -8.500  -0.3308   0.01663   0.01080  -0.1321  0.8106  0.0262  -4.9727   0.0000   0.0000   0.0000  -0.1716
  -8.250  -0.3039   0.01609   0.01020  -0.1323  0.8073  0.0269  -4.7648   0.0000   0.0000   0.0000  -0.2084
  -8.000  -0.2769   0.01553   0.00949  -0.1324  0.8043  0.0276  -4.5758   0.0000   0.0000   0.0000  -0.2525
  -7.750  -0.2501   0.01490   0.00880  -0.1325  0.8017  0.0282  -4.3839   0.0000   0.0000   0.0000  -0.3055
  -7.500  -0.2227   0.01448   0.00839  -0.1327  0.7983  0.0290  -4.1801   0.0000   0.0000   0.0000  -0.3735
  -7.250  -0.1950   0.01408   0.00791  -0.1329  0.7952  0.0299  -3.9926   0.0000   0.0000   0.0000  -0.4614
  -7.000  -0.1675   0.01359   0.00733  -0.1330  0.7926  0.0308  -3.8180   0.0000   0.0000   0.0000  -0.5773
  -6.750  -0.1399   0.01319   0.00694  -0.1332  0.7896  0.0316  -3.6336   0.0000   0.0000   0.0000  -0.7403
  -6.500  -0.1118   0.01284   0.00655  -0.1333  0.7864  0.0328  -3.4564   0.0000   0.0000   0.0000  -0.9879
  -6.250  -0.0840   0.01243   0.00610  -0.1335  0.7834  0.0340  -3.2878   0.0000   0.0000   0.0000  -1.3975
  -6.000  -0.0557   0.01216   0.00578  -0.1337  0.7809  0.0353  -3.1192   0.0000   0.0000   0.0000  -2.2335
  -5.750  -0.0276   0.01181   0.00541  -0.1339  0.7776  0.0368  -2.9607   0.0000   0.0000   0.0000  -4.7647
  -5.500   0.0007   0.01151   0.00511  -0.1341  0.7744  0.0383  -2.7971   0.0000   0.0000   0.0000  194.0138
  -5.250   0.0292   0.01122   0.00478  -0.1343  0.7717  0.0402  -2.6394   0.0000   0.0000   0.0000   4.9813
  -5.000   0.0578   0.01099   0.00454  -0.1345  0.7688  0.0423  -2.4859   0.0000   0.0000   0.0000   2.6432
  -4.750   0.0862   0.01071   0.00426  -0.1347  0.7655  0.0445  -2.3405   0.0000   0.0000   0.0000   1.8532
  -4.500   0.1151   0.01052   0.00403  -0.1349  0.7625  0.0472  -2.1954   0.0000   0.0000   0.0000   1.4514
  -4.250   0.1438   0.01029   0.00379  -0.1352  0.7599  0.0504  -2.0515   0.0000   0.0000   0.0000   1.2112
  -4.000   0.1724   0.01006   0.00359  -0.1354  0.7564  0.0540  -1.9116   0.0000   0.0000   0.0000   1.0519
  -3.750   0.2013   0.00986   0.00339  -0.1356  0.7531  0.0588  -1.7785   0.0000   0.0000   0.0000   0.9372
  -3.500   0.2302   0.00967   0.00319  -0.1359  0.7502  0.0654  -1.6496   0.0000   0.0000   0.0000   0.8508
  -3.250   0.2590   0.00947   0.00304  -0.1361  0.7469  0.0751  -1.5236   0.0000   0.0000   0.0000   0.7843
  -3.000   0.2877   0.00925   0.00289  -0.1364  0.7433  0.0911  -1.3994   0.0000   0.0000   0.0000   0.7310
  -2.750   0.3166   0.00905   0.00275  -0.1367  0.7403  0.1155  -1.2789   0.0000   0.0000   0.0000   0.6873
  -2.500   0.3454   0.00886   0.00267  -0.1370  0.7368  0.1447  -1.1640   0.0000   0.0000   0.0000   0.6511
  -2.250   0.3742   0.00870   0.00259  -0.1372  0.7329  0.1753  -1.0512   0.0000   0.0000   0.0000   0.6203
  -2.000   0.4032   0.00855   0.00251  -0.1375  0.7297  0.2054  -0.9430   0.0000   0.0000   0.0000   0.5939
  -1.750   0.4319   0.00841   0.00247  -0.1378  0.7259  0.2394  -0.8403   0.0000   0.0000   0.0000   0.5711
  -1.500   0.4607   0.00826   0.00242  -0.1380  0.7220  0.2766  -0.7876   0.0000   0.0000   0.0000   0.5510
  -1.250   0.4897   0.00811   0.00237  -0.1384  0.7187  0.3226  -0.8061   0.0000   0.0000   0.0000   0.5334
  -1.000   0.5181   0.00793   0.00237  -0.1386  0.7143  0.3772  -0.8244   0.0000   0.0000   0.0000   0.5178
  -0.750   0.5468   0.00774   0.00235  -0.1389  0.7104  0.4443  -0.8439   0.0000   0.0000   0.0000   0.5038
  -0.500   0.5752   0.00755   0.00237  -0.1391  0.7065  0.5207  -0.8640   0.0000   0.0000   0.0000   0.4912
  -0.250   0.6035   0.00739   0.00240  -0.1392  0.7020  0.5881  -0.8842   0.0000   0.0000   0.0000   0.4796
   0.000   0.6317   0.00729   0.00243  -0.1393  0.6982  0.6509  -0.9052   0.0000   0.0000   0.0000   0.4690
   0.250   0.6596   0.00721   0.00248  -0.1393  0.6933  0.7004  -0.9270   0.0000   0.0000   0.0000   0.4592
   0.500   0.6876   0.00716   0.00250  -0.1392  0.6890  0.7385  -0.9495   0.0000   0.0000   0.0000   0.4502
   0.750   0.7152   0.00711   0.00255  -0.1391  0.6841  0.7741  -0.9722   0.0000   0.0000   0.0000   0.4418
   1.000   0.7424   0.00707   0.00258  -0.1389  0.6794  0.8072  -0.9959   0.0000   0.0000   0.0000   0.4340
   1.250   0.7690   0.00703   0.00262  -0.1385  0.6743  0.8425  -1.0201   0.0000   0.0000   0.0000   0.4267
   1.500   0.7941   0.00698   0.00265  -0.1377  0.6692  0.8804  -1.0438   0.0000   0.0000   0.0000   0.4197
   1.750   0.8173   0.00690   0.00267  -0.1364  0.6637  0.9327  -1.0673   0.0000   0.0000   0.0000   0.4129
   2.000   0.8516   0.00688   0.00263  -0.1377  0.6584  1.0000  -1.0990   0.0000   0.0000   0.0000   0.4074
   2.250   0.8801   0.00694   0.00268  -0.1380  0.6521  1.0000  -1.1277   0.0000   0.0000   0.0000   0.4021
   2.500   0.9086   0.00702   0.00271  -0.1381  0.6463  1.0000  -1.1570   0.0000   0.0000   0.0000   0.3971
   2.750   0.9368   0.00710   0.00277  -0.1383  0.6397  1.0000  -1.1875   0.0000   0.0000   0.0000   0.3923
   3.000   0.9649   0.00718   0.00283  -0.1384  0.6329  1.0000  -1.2193   0.0000   0.0000   0.0000   0.3878
   3.250   0.9927   0.00728   0.00289  -0.1385  0.6261  1.0000  -1.2514   0.0000   0.0000   0.0000   0.3836
   3.500   1.0203   0.00739   0.00297  -0.1385  0.6185  1.0000  -1.2854   0.0000   0.0000   0.0000   0.3795
   3.750   1.0479   0.00749   0.00305  -0.1385  0.6103  1.0000  -1.3219   0.0000   0.0000   0.0000   0.3756
   4.000   1.0751   0.00761   0.00315  -0.1385  0.6016  1.0000  -1.3587   0.0000   0.0000   0.0000   0.3719
   4.250   1.1020   0.00774   0.00325  -0.1384  0.5922  1.0000  -1.3988   0.0000   0.0000   0.0000   0.3684
   4.500   1.1286   0.00788   0.00337  -0.1382  0.5824  1.0000  -1.4400   0.0000   0.0000   0.0000   0.3649
   4.750   1.1549   0.00804   0.00350  -0.1380  0.5719  1.0000  -1.4821   0.0000   0.0000   0.0000   0.3616
   5.000   1.1807   0.00822   0.00364  -0.1378  0.5603  1.0000  -1.5279   0.0000   0.0000   0.0000   0.3585
   5.250   1.2060   0.00842   0.00380  -0.1374  0.5482  1.0000  -1.5748   0.0000   0.0000   0.0000   0.3554
   5.500   1.2311   0.00863   0.00398  -0.1370  0.5352  1.0000  -1.6249   0.0000   0.0000   0.0000   0.3524
   5.750   1.2554   0.00888   0.00418  -0.1365  0.5205  1.0000  -1.6792   0.0000   0.0000   0.0000   0.3495
   6.000   1.2789   0.00915   0.00440  -0.1358  0.5051  1.0000  -1.7416   0.0000   0.0000   0.0000   0.3466
   6.250   1.3018   0.00946   0.00465  -0.1351  0.4887  1.0000  -1.8115   0.0000   0.0000   0.0000   0.3438
   6.500   1.3237   0.00980   0.00492  -0.1342  0.4709  1.0000  -1.8857   0.0000   0.0000   0.0000   0.3410
   6.750   1.3446   0.01019   0.00524  -0.1331  0.4525  1.0000  -1.9614   0.0000   0.0000   0.0000   0.3383
   7.000   1.3642   0.01062   0.00558  -0.1318  0.4334  1.0000  -2.0406   0.0000   0.0000   0.0000   0.3356
   7.250   1.3829   0.01108   0.00596  -0.1304  0.4147  1.0000  -2.1198   0.0000   0.0000   0.0000   0.3329
   7.750   1.4155   0.01205   0.00679  -0.1267  0.3781  1.0000  -2.2776   0.0000   0.0000   0.0000   0.3273
   8.000   1.4308   0.01259   0.00726  -0.1248  0.3610  1.0000  -2.3560   0.0000   0.0000   0.0000   0.3247
   8.250   1.4454   0.01319   0.00780  -0.1229  0.3448  1.0000  -2.4611   0.0000   0.0000   0.0000   0.3220
   8.500   1.4602   0.01382   0.00837  -0.1211  0.3283  1.0000  -2.5687   0.0000   0.0000   0.0000   0.3195
   8.750   1.4741   0.01452   0.00901  -0.1192  0.3122  1.0000  -2.6754   0.0000   0.0000   0.0000   0.3171
   9.000   1.4867   0.01532   0.00974  -0.1173  0.2957  1.0000  -2.7803   0.0000   0.0000   0.0000   0.3147
   9.250   1.4996   0.01614   0.01050  -0.1155  0.2786  1.0000  -2.8869   0.0000   0.0000   0.0000   0.3124
   9.500   1.5116   0.01704   0.01134  -0.1136  0.2618  1.0000  -2.9958   0.0000   0.0000   0.0000   0.3101
   9.750   1.5226   0.01803   0.01226  -0.1117  0.2454  1.0000  -3.1035   0.0000   0.0000   0.0000   0.3079
  10.000   1.5334   0.01907   0.01323  -0.1099  0.2291  1.0000  -3.2115   0.0000   0.0000   0.0000   0.3057
  10.250   1.5439   0.02014   0.01425  -0.1081  0.2133  1.0000  -3.3198   0.0000   0.0000   0.0000   0.3036
  10.500   1.5534   0.02131   0.01535  -0.1062  0.1986  1.0000  -3.4263   0.0000   0.0000   0.0000   0.3015
  10.750   1.5628   0.02250   0.01648  -0.1044  0.1839  1.0000  -3.5336   0.0000   0.0000   0.0000   0.2995
  11.000   1.5712   0.02378   0.01771  -0.1025  0.1699  1.0000  -3.6387   0.0000   0.0000   0.0000   0.2974
  11.250   1.5789   0.02513   0.01900  -0.1007  0.1563  1.0000  -3.7425   0.0000   0.0000   0.0000   0.2955
  11.500   1.5864   0.02652   0.02035  -0.0988  0.1436  1.0000  -3.8465   0.0000   0.0000   0.0000   0.2936
  11.750   1.5935   0.02797   0.02175  -0.0971  0.1317  1.0000  -3.9497   0.0000   0.0000   0.0000   0.2917
  12.000   1.5998   0.02949   0.02323  -0.0953  0.1211  1.0000  -4.0514   0.0000   0.0000   0.0000   0.2898
  12.250   1.6067   0.03099   0.02471  -0.0936  0.1111  1.0000  -4.1555   0.0000   0.0000   0.0000   0.2880
  12.500   1.6128   0.03258   0.02627  -0.0919  0.1019  1.0000  -4.2577   0.0000   0.0000   0.0000   0.2863
  12.750   1.6186   0.03424   0.02792  -0.0903  0.0937  1.0000  -4.3616   0.0000   0.0000   0.0000   0.2846
  13.000   1.6241   0.03596   0.02963  -0.0888  0.0863  1.0000  -4.4669   0.0000   0.0000   0.0000   0.2829
  13.250   1.6296   0.03773   0.03139  -0.0873  0.0798  1.0000  -4.5724   0.0000   0.0000   0.0000   0.2813
  13.500   1.6350   0.03954   0.03322  -0.0859  0.0740  1.0000  -4.6781   0.0000   0.0000   0.0000   0.2798
  13.750   1.6402   0.04141   0.03510  -0.0846  0.0689  1.0000  -4.7837   0.0000   0.0000   0.0000   0.2783
  14.000   1.6450   0.04337   0.03708  -0.0833  0.0644  1.0000  -4.8881   0.0000   0.0000   0.0000   0.2768
  14.250   1.6489   0.04545   0.03917  -0.0821  0.0604  1.0000  -4.9897   0.0000   0.0000   0.0000   0.2754
  14.500   1.6534   0.04750   0.04125  -0.0810  0.0568  1.0000  -5.0942   0.0000   0.0000   0.0000   0.2740
  14.750   1.6579   0.04961   0.04340  -0.0800  0.0535  1.0000  -5.1982   0.0000   0.0000   0.0000   0.2727
  15.000   1.6603   0.05195   0.04577  -0.0789  0.0507  1.0000  -5.2952   0.0000   0.0000   0.0000   0.2715
  15.250   1.6642   0.05418   0.04806  -0.0780  0.0479  1.0000  -5.3975   0.0000   0.0000   0.0000   0.2703
  15.500   1.6668   0.05661   0.05053  -0.0772  0.0455  1.0000  -5.5012   0.0000   0.0000   0.0000   0.2691
  15.750   1.6681   0.05919   0.05315  -0.0764  0.0431  1.0000  -5.6157   0.0000   0.0000   0.0000   0.2680
  16.000   1.6704   0.06172   0.05575  -0.0757  0.0408  1.0000  -5.7365   0.0000   0.0000   0.0000   0.2669
  16.250   1.6693   0.06468   0.05874  -0.0750  0.0388  1.0000  -5.8416   0.0000   0.0000   0.0000   0.2660
  16.500   1.6708   0.06737   0.06150  -0.0745  0.0366  1.0000  -5.9593   0.0000   0.0000   0.0000   0.2650
  16.750   1.6691   0.07048   0.06467  -0.0740  0.0348  1.0000  -6.0610   0.0000   0.0000   0.0000   0.2642
  17.000   1.6679   0.07359   0.06784  -0.0736  0.0329  1.0000  -6.1653   0.0000   0.0000   0.0000   0.2634
  17.250   1.6654   0.07691   0.07123  -0.0733  0.0313  1.0000  -6.2620   0.0000   0.0000   0.0000   0.2626
  17.500   1.6622   0.08035   0.07473  -0.0731  0.0299  1.0000  -6.3553   0.0000   0.0000   0.0000   0.2620
  17.750   1.6576   0.08404   0.07849  -0.0731  0.0287  1.0000  -6.4393   0.0000   0.0000   0.0000   0.2615
  18.000   1.6543   0.08761   0.08215  -0.0731  0.0275  1.0000  -6.5300   0.0000   0.0000   0.0000   0.2610
  18.250   1.6472   0.09174   0.08634  -0.0734  0.0267  1.0000  -6.5991   0.0000   0.0000   0.0000   0.2607
  18.500   1.6431   0.09550   0.09020  -0.0737  0.0258  1.0000  -6.6828   0.0000   0.0000   0.0000   0.2603
  18.750   1.6387   0.09937   0.09415  -0.0742  0.0250  1.0000  -6.7642   0.0000   0.0000   0.0000   0.2601
  19.000   1.6316   0.10364   0.09849  -0.0749  0.0243  1.0000  -6.8297   0.0000   0.0000   0.0000   0.2601
  19.250   1.6244   0.10799   0.10293  -0.0758  0.0238  1.0000  -6.8936   0.0000   0.0000   0.0000   0.2602
  19.500   1.6207   0.11187   0.10691  -0.0767  0.0231  1.0000  -6.9783   0.0000   0.0000   0.0000   0.2602
  19.750   1.6161   0.11593   0.11104  -0.0777  0.0225  1.0000  -7.0563   0.0000   0.0000   0.0000   0.2603
  20.000   1.6094   0.12031   0.11550  -0.0791  0.0220  1.0000  -7.1195   0.0000   0.0000   0.0000   0.2607


