xflr5 v6.61

 Calculated polar for: NACA 0012

 1 1 Reynolds number fixed          Mach number fixed         

 xtrf =   1.000 (top)        1.000 (bottom)
 Mach =   0.000     Re =     0.180 e 6     Ncrit =   9.000

  alpha     CL        CD       CDp       Cm    Top Xtr Bot Xtr   Cpmin    Chinge    XCp    
 ------- -------- --------- --------- -------- ------- ------- -------- --------- ---------
 -10.000  -1.0102   0.03075   0.02277  -0.0163  1.0000  0.0540  -4.6886   0.0000   0.0000   0.0000   0.2229
  -9.750  -0.9908   0.02941   0.02131  -0.0152  1.0000  0.0560  -4.5477   0.0000   0.0000   0.0000   0.2240
  -9.500  -0.9727   0.02802   0.01960  -0.0138  1.0000  0.0582  -4.4301   0.0000   0.0000   0.0000   0.2255
  -9.250  -0.9505   0.02673   0.01844  -0.0132  1.0000  0.0607  -4.2602   0.0000   0.0000   0.0000   0.2260
  -9.000  -0.9309   0.02575   0.01724  -0.0120  1.0000  0.0640  -4.1180   0.0000   0.0000   0.0000   0.2273
  -8.750  -0.9093   0.02455   0.01614  -0.0112  1.0000  0.0671  -3.9576   0.0000   0.0000   0.0000   0.2281
  -8.500  -0.8887   0.02361   0.01503  -0.0100  1.0000  0.0709  -3.8139   0.0000   0.0000   0.0000   0.2294
  -8.250  -0.8679   0.02255   0.01409  -0.0091  1.0000  0.0748  -3.6566   0.0000   0.0000   0.0000   0.2305
  -8.000  -0.8476   0.02164   0.01313  -0.0079  1.0000  0.0796  -3.5154   0.0000   0.0000   0.0000   0.2319
  -7.750  -0.8272   0.02088   0.01230  -0.0066  1.0000  0.0853  -3.3820   0.0000   0.0000   0.0000   0.2335
  -7.500  -0.8078   0.01999   0.01151  -0.0053  1.0000  0.0912  -3.2477   0.0000   0.0000   0.0000   0.2351
  -7.250  -0.7885   0.01921   0.01077  -0.0039  1.0000  0.0985  -3.1154   0.0000   0.0000   0.0000   0.2370
  -7.000  -0.7693   0.01846   0.01005  -0.0024  1.0000  0.1071  -2.9850   0.0000   0.0000   0.0000   0.2390
  -6.750  -0.7503   0.01775   0.00937  -0.0009  1.0000  0.1177  -2.8557   0.0000   0.0000   0.0000   0.2412
  -6.500  -0.7318   0.01702   0.00876   0.0006  1.0000  0.1300  -2.7267   0.0000   0.0000   0.0000   0.2435
  -6.250  -0.7130   0.01634   0.00817   0.0022  1.0000  0.1460  -2.6077   0.0000   0.0000   0.0000   0.2459
  -6.000  -0.6942   0.01568   0.00764   0.0037  1.0000  0.1658  -2.4908   0.0000   0.0000   0.0000   0.2484
  -5.750  -0.6753   0.01506   0.00716   0.0051  1.0000  0.1906  -2.3737   0.0000   0.0000   0.0000   0.2509
  -5.500  -0.6562   0.01448   0.00675   0.0066  1.0000  0.2199  -2.2563   0.0000   0.0000   0.0000   0.2536
  -5.250  -0.6368   0.01396   0.00639   0.0080  1.0000  0.2532  -2.1385   0.0000   0.0000   0.0000   0.2563
  -5.000  -0.6170   0.01350   0.00609   0.0093  1.0000  0.2888  -2.0268   0.0000   0.0000   0.0000   0.2590
  -4.750  -0.5968   0.01310   0.00584   0.0106  1.0000  0.3253  -1.9183   0.0000   0.0000   0.0000   0.2619
  -4.500  -0.5761   0.01275   0.00564   0.0118  1.0000  0.3620  -1.8102   0.0000   0.0000   0.0000   0.2649
  -4.250  -0.5553   0.01244   0.00548   0.0130  1.0000  0.3979  -1.7030   0.0000   0.0000   0.0000   0.2680
  -4.000  -0.5341   0.01216   0.00534   0.0141  1.0000  0.4334  -1.6035   0.0000   0.0000   0.0000   0.2712
  -3.750  -0.5125   0.01193   0.00524   0.0152  1.0000  0.4691  -1.5060   0.0000   0.0000   0.0000   0.2746
  -3.500  -0.4906   0.01173   0.00518   0.0162  1.0000  0.5038  -1.4095   0.0000   0.0000   0.0000   0.2782
  -3.250  -0.4682   0.01156   0.00515   0.0172  1.0000  0.5388  -1.3207   0.0000   0.0000   0.0000   0.2820
  -3.000  -0.4456   0.01142   0.00514   0.0181  1.0000  0.5734  -1.2333   0.0000   0.0000   0.0000   0.2861
  -2.750  -0.4231   0.01131   0.00518   0.0190  1.0000  0.6075  -1.1518   0.0000   0.0000   0.0000   0.2905
  -2.500  -0.4006   0.01124   0.00525   0.0199  1.0000  0.6421  -1.0736   0.0000   0.0000   0.0000   0.2955
  -2.250  -0.3784   0.01121   0.00536   0.0208  1.0000  0.6760  -1.0017   0.0000   0.0000   0.0000   0.3011
  -2.000  -0.3345   0.01118   0.00547   0.0176  0.9934  0.7153  -0.9040   0.0000   0.0000   0.0000   0.2987
  -1.750  -0.2915   0.01115   0.00558   0.0147  0.9856  0.7511  -0.8160   0.0000   0.0000   0.0000   0.2967
  -1.500  -0.2496   0.01112   0.00566   0.0122  0.9767  0.7850  -0.7376   0.0000   0.0000   0.0000   0.2951
  -1.250  -0.2081   0.01110   0.00573   0.0099  0.9678  0.8154  -0.6677   0.0000   0.0000   0.0000   0.2938
  -1.000  -0.1663   0.01111   0.00581   0.0077  0.9589  0.8424  -0.6046   0.0000   0.0000   0.0000   0.2924
  -0.750  -0.1236   0.01112   0.00586   0.0053  0.9503  0.8665  -0.5475   0.0000   0.0000   0.0000   0.2896
  -0.500  -0.0815   0.01113   0.00591   0.0033  0.9409  0.8860  -0.4969   0.0000   0.0000   0.0000   0.2873
  -0.250  -0.0412   0.01114   0.00593   0.0017  0.9299  0.9037  -0.4525   0.0000   0.0000   0.0000   0.2883
   0.000  -0.0000   0.01114   0.00594   0.0000  0.9176  0.9176  -0.4116   0.0000   0.0000   0.0000   0.5274
   0.250   0.0412   0.01113   0.00593  -0.0017  0.9037  0.9299  -0.4525   0.0000   0.0000   0.0000   0.2883
   0.500   0.0815   0.01113   0.00591  -0.0033  0.8860  0.9409  -0.4969   0.0000   0.0000   0.0000   0.2873
   0.750   0.1235   0.01112   0.00586  -0.0053  0.8665  0.9503  -0.5475   0.0000   0.0000   0.0000   0.2896
   1.000   0.1663   0.01111   0.00581  -0.0077  0.8424  0.9589  -0.6046   0.0000   0.0000   0.0000   0.2924
   1.250   0.2081   0.01110   0.00573  -0.0099  0.8154  0.9678  -0.6677   0.0000   0.0000   0.0000   0.2937
   1.500   0.2496   0.01112   0.00566  -0.0122  0.7850  0.9767  -0.7376   0.0000   0.0000   0.0000   0.2950
   1.750   0.2915   0.01115   0.00558  -0.0147  0.7511  0.9856  -0.8160   0.0000   0.0000   0.0000   0.2967
   2.000   0.3345   0.01118   0.00547  -0.0176  0.7153  0.9934  -0.9040   0.0000   0.0000   0.0000   0.2988
   2.250   0.3783   0.01121   0.00536  -0.0208  0.6760  1.0000  -1.0016   0.0000   0.0000   0.0000   0.3011
   2.500   0.4006   0.01124   0.00525  -0.0199  0.6421  1.0000  -1.0735   0.0000   0.0000   0.0000   0.2955
   2.750   0.4230   0.01131   0.00518  -0.0190  0.6075  1.0000  -1.1517   0.0000   0.0000   0.0000   0.2905
   3.000   0.4456   0.01142   0.00514  -0.0181  0.5734  1.0000  -1.2331   0.0000   0.0000   0.0000   0.2860
   3.250   0.4681   0.01156   0.00515  -0.0172  0.5388  1.0000  -1.3206   0.0000   0.0000   0.0000   0.2820
   3.500   0.4905   0.01173   0.00518  -0.0162  0.5038  1.0000  -1.4094   0.0000   0.0000   0.0000   0.2782
   3.750   0.5124   0.01193   0.00524  -0.0152  0.4691  1.0000  -1.5059   0.0000   0.0000   0.0000   0.2746
   4.000   0.5340   0.01216   0.00534  -0.0141  0.4335  1.0000  -1.6033   0.0000   0.0000   0.0000   0.2712
   4.250   0.5552   0.01243   0.00548  -0.0130  0.3980  1.0000  -1.7028   0.0000   0.0000   0.0000   0.2680
   4.500   0.5761   0.01275   0.00564  -0.0118  0.3620  1.0000  -1.8100   0.0000   0.0000   0.0000   0.2648
   4.750   0.5967   0.01310   0.00584  -0.0106  0.3253  1.0000  -1.9182   0.0000   0.0000   0.0000   0.2619
   5.000   0.6169   0.01350   0.00609  -0.0093  0.2888  1.0000  -2.0266   0.0000   0.0000   0.0000   0.2590
   5.250   0.6367   0.01396   0.00639  -0.0080  0.2533  1.0000  -2.1384   0.0000   0.0000   0.0000   0.2562
   5.500   0.6562   0.01448   0.00675  -0.0066  0.2200  1.0000  -2.2562   0.0000   0.0000   0.0000   0.2536
   5.750   0.6752   0.01506   0.00716  -0.0051  0.1906  1.0000  -2.3736   0.0000   0.0000   0.0000   0.2509
   6.000   0.6941   0.01568   0.00763  -0.0037  0.1659  1.0000  -2.4907   0.0000   0.0000   0.0000   0.2484
   6.250   0.7129   0.01634   0.00817  -0.0021  0.1460  1.0000  -2.6076   0.0000   0.0000   0.0000   0.2459
   6.500   0.7318   0.01701   0.00876  -0.0006  0.1300  1.0000  -2.7266   0.0000   0.0000   0.0000   0.2435
   6.750   0.7502   0.01775   0.00937   0.0009  0.1177  1.0000  -2.8556   0.0000   0.0000   0.0000   0.2412
   7.000   0.7693   0.01846   0.01005   0.0024  0.1071  1.0000  -2.9849   0.0000   0.0000   0.0000   0.2390
   7.250   0.7885   0.01921   0.01077   0.0039  0.0985  1.0000  -3.1153   0.0000   0.0000   0.0000   0.2370
   7.500   0.8078   0.01999   0.01151   0.0053  0.0912  1.0000  -3.2477   0.0000   0.0000   0.0000   0.2351
   7.750   0.8272   0.02088   0.01230   0.0066  0.0853  1.0000  -3.3820   0.0000   0.0000   0.0000   0.2335
   8.000   0.8476   0.02164   0.01313   0.0079  0.0796  1.0000  -3.5154   0.0000   0.0000   0.0000   0.2319
   8.250   0.8679   0.02255   0.01409   0.0091  0.0747  1.0000  -3.6567   0.0000   0.0000   0.0000   0.2305
   8.500   0.8887   0.02361   0.01503   0.0100  0.0709  1.0000  -3.8140   0.0000   0.0000   0.0000   0.2294
   8.750   0.9094   0.02455   0.01614   0.0112  0.0671  1.0000  -3.9578   0.0000   0.0000   0.0000   0.2281
   9.000   0.9309   0.02575   0.01724   0.0120  0.0640  1.0000  -4.1182   0.0000   0.0000   0.0000   0.2273
   9.250   0.9506   0.02673   0.01844   0.0132  0.0607  1.0000  -4.2605   0.0000   0.0000   0.0000   0.2260
   9.500   0.9728   0.02802   0.01960   0.0138  0.0582  1.0000  -4.4304   0.0000   0.0000   0.0000   0.2255
   9.750   0.9908   0.02941   0.02131   0.0152  0.0560  1.0000  -4.5480   0.0000   0.0000   0.0000   0.2240
  10.000   1.0103   0.03075   0.02277   0.0163  0.0540  1.0000  -4.6890   0.0000   0.0000   0.0000   0.2229
  10.250   1.0323   0.03234   0.02427   0.0167  0.0521  1.0000  -4.8587   0.0000   0.0000   0.0000   0.2226
  10.500   1.0436   0.03400   0.02639   0.0188  0.0503  1.0000  -4.9577   0.0000   0.0000   0.0000   0.2205
  10.750   1.0581   0.03557   0.02817   0.0203  0.0485  1.0000  -5.0950   0.0000   0.0000   0.0000   0.2190
  11.000   1.0756   0.03710   0.02974   0.0212  0.0472  1.0000  -5.2604   0.0000   0.0000   0.0000   0.2182
  11.250   1.0914   0.03949   0.03219   0.0220  0.0462  1.0000  -5.4037   0.0000   0.0000   0.0000   0.2174
  11.500   1.0915   0.04210   0.03531   0.0249  0.0455  1.0000  -5.4354   0.0000   0.0000   0.0000   0.2145
  11.750   1.0878   0.04506   0.03871   0.0276  0.0449  1.0000  -5.4491   0.0000   0.0000   0.0000   0.2116
  12.000   1.0790   0.04817   0.04218   0.0305  0.0445  1.0000  -5.4430   0.0000   0.0000   0.0000   0.2084
  12.250   1.0634   0.05120   0.04551   0.0337  0.0442  1.0000  -5.4154   0.0000   0.0000   0.0000   0.2045
  12.500   1.0442   0.05470   0.04930   0.0359  0.0440  1.0000  -5.3663   0.0000   0.0000   0.0000   0.2014
  12.750   1.0209   0.05900   0.05388   0.0365  0.0440  1.0000  -5.2878   0.0000   0.0000   0.0000   0.1996
  13.000   0.9932   0.06447   0.05961   0.0352  0.0442  1.0000  -5.1714   0.0000   0.0000   0.0000   0.1994
  13.250   0.9620   0.07140   0.06677   0.0316  0.0446  1.0000  -5.0163   0.0000   0.0000   0.0000   0.2015
  13.500   0.9294   0.07978   0.07536   0.0261  0.0451  1.0000  -4.8313   0.0000   0.0000   0.0000   0.2057
  13.750   0.8984   0.08913   0.08484   0.0197  0.0457  1.0000  -4.6327   0.0000   0.0000   0.0000   0.2114
  14.000   0.8727   0.09838   0.09418   0.0139  0.0461  1.0000  -4.4482   0.0000   0.0000   0.0000   0.2170
  14.500   0.4777   0.14462   0.14075  -0.0030  0.0805  1.0000  -1.4051   0.0000   0.0000   0.0000   0.2453
  14.750   0.4900   0.14687   0.14301  -0.0026  0.0788  1.0000  -1.4788   0.0000   0.0000   0.0000   0.2440
  15.000   0.4988   0.15016   0.14631  -0.0027  0.0779  1.0000  -1.5155   0.0000   0.0000   0.0000   0.2439
  15.250   0.4771   0.15281   0.14895  -0.0066  0.0749  1.0000  -1.3382   0.0000   0.0000   0.0000   0.2524
  15.500   0.4830   0.15505   0.15120  -0.0071  0.0726  1.0000  -1.3637   0.0000   0.0000   0.0000   0.2531
  15.750   0.5080   0.15817   0.15433  -0.0052  0.0711  1.0000  -1.5240   0.0000   0.0000   0.0000   0.2483
  16.000   0.4824   0.16060   0.15675  -0.0098  0.0685  1.0000  -1.2990   0.0000   0.0000   0.0000   0.2587
  16.250   0.4873   0.16290   0.15906  -0.0106  0.0661  1.0000  -1.3118   0.0000   0.0000   0.0000   0.2599
  16.500   0.5000   0.16535   0.16153  -0.0103  0.0649  1.0000  -1.3880   0.0000   0.0000   0.0000   0.2583
  16.750   0.4983   0.16840   0.16458  -0.0119  0.0641  1.0000  -1.3325   0.0000   0.0000   0.0000   0.2616
  17.000   0.4922   0.17110   0.16728  -0.0145  0.0615  1.0000  -1.2426   0.0000   0.0000   0.0000   0.2672
  17.250   0.4970   0.17349   0.16968  -0.0154  0.0597  1.0000  -1.2602   0.0000   0.0000   0.0000   0.2685
  17.500   0.5066   0.17593   0.17213  -0.0155  0.0586  1.0000  -1.3255   0.0000   0.0000   0.0000   0.2678
  17.750   0.5145   0.17926   0.17547  -0.0159  0.0579  1.0000  -1.3600   0.0000   0.0000   0.0000   0.2679
  18.000   0.5044   0.18170   0.17790  -0.0192  0.0558  1.0000  -1.2186   0.0000   0.0000   0.0000   0.2753
  18.250   0.5090   0.18410   0.18031  -0.0202  0.0537  1.0000  -1.2296   0.0000   0.0000   0.0000   0.2767
  18.500   0.5193   0.18648   0.18271  -0.0202  0.0524  1.0000  -1.3065   0.0000   0.0000   0.0000   0.2755
  18.750   0.5219   0.18958   0.18581  -0.0215  0.0518  1.0000  -1.2870   0.0000   0.0000   0.0000   0.2776
  19.000   0.5182   0.19228   0.18852  -0.0240  0.0499  1.0000  -1.1885   0.0000   0.0000   0.0000   0.2828
  19.250   0.5222   0.19484   0.19109  -0.0252  0.0483  1.0000  -1.1850   0.0000   0.0000   0.0000   0.2845
  19.500   0.5281   0.19726   0.19353  -0.0260  0.0472  1.0000  -1.2087   0.0000   0.0000   0.0000   0.2852
  19.750   0.5382   0.20014   0.19642  -0.0261  0.0464  1.0000  -1.2793   0.0000   0.0000   0.0000   0.2840
  20.000   0.5378   0.20305   0.19932  -0.0280  0.0460  1.0000  -1.2145   0.0000   0.0000   0.0000   0.2874


