xflr5 v6.61

 Calculated polar for: NACA 0012

 1 1 Reynolds number fixed          Mach number fixed         

 xtrf =   1.000 (top)        1.000 (bottom)
 Mach =   0.000     Re =     0.140 e 6     Ncrit =   9.000

  alpha     CL        CD       CDp       Cm    Top Xtr Bot Xtr   Cpmin    Chinge    XCp    
 ------- -------- --------- --------- -------- ------- ------- -------- --------- ---------
 -10.000  -1.0039   0.03567   0.02762  -0.0174  1.0000  0.0624  -4.4961   0.0000   0.0000   0.0000   0.2218
  -9.750  -0.9916   0.03355   0.02499  -0.0154  1.0000  0.0643  -4.4296   0.0000   0.0000   0.0000   0.2240
  -9.500  -0.9700   0.03190   0.02341  -0.0148  1.0000  0.0668  -4.2741   0.0000   0.0000   0.0000   0.2244
  -9.250  -0.9516   0.03052   0.02182  -0.0136  1.0000  0.0700  -4.1472   0.0000   0.0000   0.0000   0.2257
  -9.000  -0.9309   0.02897   0.02018  -0.0127  1.0000  0.0730  -4.0091   0.0000   0.0000   0.0000   0.2267
  -8.750  -0.9098   0.02766   0.01875  -0.0116  1.0000  0.0765  -3.8711   0.0000   0.0000   0.0000   0.2277
  -8.500  -0.8883   0.02634   0.01741  -0.0108  1.0000  0.0805  -3.7265   0.0000   0.0000   0.0000   0.2286
  -8.250  -0.8678   0.02529   0.01617  -0.0095  1.0000  0.0856  -3.5900   0.0000   0.0000   0.0000   0.2300
  -8.000  -0.8459   0.02416   0.01514  -0.0087  1.0000  0.0907  -3.4435   0.0000   0.0000   0.0000   0.2310
  -7.750  -0.8247   0.02308   0.01410  -0.0076  1.0000  0.0966  -3.3142   0.0000   0.0000   0.0000   0.2322
  -7.500  -0.8043   0.02212   0.01315  -0.0064  1.0000  0.1038  -3.1855   0.0000   0.0000   0.0000   0.2337
  -7.250  -0.7841   0.02119   0.01225  -0.0052  1.0000  0.1119  -3.0580   0.0000   0.0000   0.0000   0.2354
  -7.000  -0.7645   0.02033   0.01143  -0.0038  1.0000  0.1217  -2.9306   0.0000   0.0000   0.0000   0.2372
  -6.750  -0.7450   0.01951   0.01064  -0.0024  1.0000  0.1339  -2.8054   0.0000   0.0000   0.0000   0.2393
  -6.500  -0.7264   0.01867   0.00994  -0.0008  1.0000  0.1478  -2.6806   0.0000   0.0000   0.0000   0.2415
  -6.250  -0.7078   0.01789   0.00926   0.0007  1.0000  0.1657  -2.5685   0.0000   0.0000   0.0000   0.2439
  -6.000  -0.6894   0.01714   0.00865   0.0023  1.0000  0.1878  -2.4558   0.0000   0.0000   0.0000   0.2464
  -5.750  -0.6708   0.01644   0.00810   0.0038  1.0000  0.2158  -2.3429   0.0000   0.0000   0.0000   0.2490
  -5.500  -0.6524   0.01578   0.00764   0.0054  1.0000  0.2479  -2.2295   0.0000   0.0000   0.0000   0.2518
  -5.250  -0.6336   0.01520   0.00724   0.0069  1.0000  0.2839  -2.1152   0.0000   0.0000   0.0000   0.2547
  -5.000  -0.6145   0.01469   0.00691   0.0084  1.0000  0.3218  -2.0082   0.0000   0.0000   0.0000   0.2576
  -4.750  -0.5949   0.01425   0.00664   0.0098  1.0000  0.3600  -1.9023   0.0000   0.0000   0.0000   0.2607
  -4.500  -0.5750   0.01387   0.00643   0.0112  1.0000  0.3978  -1.7965   0.0000   0.0000   0.0000   0.2640
  -4.250  -0.5547   0.01354   0.00625   0.0126  1.0000  0.4350  -1.6911   0.0000   0.0000   0.0000   0.2673
  -4.000  -0.5339   0.01326   0.00609   0.0139  1.0000  0.4722  -1.5943   0.0000   0.0000   0.0000   0.2709
  -3.750  -0.5129   0.01300   0.00599   0.0152  1.0000  0.5082  -1.4983   0.0000   0.0000   0.0000   0.2747
  -3.500  -0.4915   0.01279   0.00591   0.0165  1.0000  0.5443  -1.4038   0.0000   0.0000   0.0000   0.2787
  -3.250  -0.4700   0.01261   0.00588   0.0177  1.0000  0.5795  -1.3169   0.0000   0.0000   0.0000   0.2831
  -3.000  -0.4481   0.01247   0.00586   0.0189  1.0000  0.6154  -1.2308   0.0000   0.0000   0.0000   0.2878
  -2.750  -0.4261   0.01236   0.00590   0.0201  1.0000  0.6497  -1.1506   0.0000   0.0000   0.0000   0.2930
  -2.500  -0.4042   0.01229   0.00598   0.0214  1.0000  0.6848  -1.0732   0.0000   0.0000   0.0000   0.2987
  -2.250  -0.3827   0.01227   0.00609   0.0227  1.0000  0.7191  -1.0024   0.0000   0.0000   0.0000   0.3054
  -2.000  -0.3617   0.01229   0.00625   0.0241  1.0000  0.7528  -0.9356   0.0000   0.0000   0.0000   0.3130
  -1.750  -0.3414   0.01238   0.00644   0.0257  1.0000  0.7873  -0.8738   0.0000   0.0000   0.0000   0.3218
  -1.500  -0.3186   0.01254   0.00672   0.0269  0.9988  0.8201  -0.8135   0.0000   0.0000   0.0000   0.3311
  -1.250  -0.2731   0.01278   0.00702   0.0238  0.9897  0.8539  -0.7323   0.0000   0.0000   0.0000   0.3339
  -1.000  -0.2262   0.01306   0.00732   0.0206  0.9808  0.8819  -0.6578   0.0000   0.0000   0.0000   0.3380
  -0.750  -0.1771   0.01331   0.00757   0.0170  0.9716  0.9055  -0.5900   0.0000   0.0000   0.0000   0.3429
  -0.500  -0.1244   0.01353   0.00777   0.0126  0.9626  0.9249  -0.5274   0.0000   0.0000   0.0000   0.3485
  -0.250  -0.0627   0.01370   0.00792   0.0064  0.9555  0.9373  -0.4655   0.0000   0.0000   0.0000   0.3498
   0.000   0.0000   0.01376   0.00798  -0.0000  0.9472  0.9472  -0.4102   0.0000   0.0000   0.0000   0.2684
   0.250   0.0627   0.01370   0.00792  -0.0064  0.9373  0.9555  -0.4655   0.0000   0.0000   0.0000   0.3498
   0.500   0.1244   0.01353   0.00777  -0.0126  0.9249  0.9626  -0.5273   0.0000   0.0000   0.0000   0.3485
   0.750   0.1771   0.01331   0.00757  -0.0170  0.9055  0.9716  -0.5900   0.0000   0.0000   0.0000   0.3429
   1.000   0.2262   0.01306   0.00732  -0.0206  0.8819  0.9808  -0.6578   0.0000   0.0000   0.0000   0.3380
   1.250   0.2731   0.01278   0.00702  -0.0238  0.8539  0.9897  -0.7323   0.0000   0.0000   0.0000   0.3339
   1.500   0.3186   0.01253   0.00672  -0.0269  0.8201  0.9988  -0.8135   0.0000   0.0000   0.0000   0.3311
   1.750   0.3414   0.01238   0.00644  -0.0257  0.7873  1.0000  -0.8737   0.0000   0.0000   0.0000   0.3218
   2.000   0.3616   0.01229   0.00624  -0.0241  0.7529  1.0000  -0.9355   0.0000   0.0000   0.0000   0.3130
   2.250   0.3826   0.01227   0.00609  -0.0227  0.7191  1.0000  -1.0023   0.0000   0.0000   0.0000   0.3053
   2.500   0.4042   0.01229   0.00597  -0.0214  0.6848  1.0000  -1.0731   0.0000   0.0000   0.0000   0.2987
   2.750   0.4261   0.01235   0.00590  -0.0201  0.6497  1.0000  -1.1505   0.0000   0.0000   0.0000   0.2930
   3.000   0.4481   0.01247   0.00586  -0.0189  0.6154  1.0000  -1.2307   0.0000   0.0000   0.0000   0.2877
   3.250   0.4700   0.01260   0.00588  -0.0177  0.5795  1.0000  -1.3168   0.0000   0.0000   0.0000   0.2831
   3.500   0.4915   0.01279   0.00591  -0.0165  0.5443  1.0000  -1.4037   0.0000   0.0000   0.0000   0.2787
   3.750   0.5128   0.01300   0.00599  -0.0152  0.5082  1.0000  -1.4982   0.0000   0.0000   0.0000   0.2747
   4.000   0.5338   0.01326   0.00609  -0.0139  0.4722  1.0000  -1.5941   0.0000   0.0000   0.0000   0.2709
   4.250   0.5546   0.01354   0.00625  -0.0126  0.4350  1.0000  -1.6909   0.0000   0.0000   0.0000   0.2673
   4.500   0.5749   0.01387   0.00643  -0.0112  0.3978  1.0000  -1.7963   0.0000   0.0000   0.0000   0.2639
   4.750   0.5949   0.01425   0.00664  -0.0098  0.3600  1.0000  -1.9022   0.0000   0.0000   0.0000   0.2607
   5.000   0.6144   0.01469   0.00690  -0.0084  0.3219  1.0000  -2.0081   0.0000   0.0000   0.0000   0.2576
   5.250   0.6336   0.01519   0.00724  -0.0069  0.2839  1.0000  -2.1151   0.0000   0.0000   0.0000   0.2546
   5.500   0.6524   0.01578   0.00763  -0.0054  0.2479  1.0000  -2.2294   0.0000   0.0000   0.0000   0.2518
   5.750   0.6707   0.01644   0.00810  -0.0038  0.2158  1.0000  -2.3428   0.0000   0.0000   0.0000   0.2490
   6.000   0.6894   0.01713   0.00865  -0.0023  0.1878  1.0000  -2.4557   0.0000   0.0000   0.0000   0.2464
   6.250   0.7077   0.01789   0.00926  -0.0007  0.1657  1.0000  -2.5684   0.0000   0.0000   0.0000   0.2439
   6.500   0.7264   0.01867   0.00993   0.0008  0.1478  1.0000  -2.6805   0.0000   0.0000   0.0000   0.2415
   6.750   0.7450   0.01951   0.01064   0.0024  0.1339  1.0000  -2.8054   0.0000   0.0000   0.0000   0.2393
   7.000   0.7644   0.02032   0.01143   0.0038  0.1217  1.0000  -2.9305   0.0000   0.0000   0.0000   0.2372
   7.250   0.7841   0.02119   0.01225   0.0052  0.1119  1.0000  -3.0579   0.0000   0.0000   0.0000   0.2354
   7.500   0.8043   0.02212   0.01314   0.0064  0.1038  1.0000  -3.1855   0.0000   0.0000   0.0000   0.2337
   7.750   0.8247   0.02308   0.01410   0.0076  0.0966  1.0000  -3.3142   0.0000   0.0000   0.0000   0.2322
   8.000   0.8459   0.02416   0.01514   0.0087  0.0907  1.0000  -3.4435   0.0000   0.0000   0.0000   0.2310
   8.250   0.8679   0.02529   0.01617   0.0095  0.0856  1.0000  -3.5901   0.0000   0.0000   0.0000   0.2300
   8.500   0.8883   0.02634   0.01741   0.0107  0.0805  1.0000  -3.7266   0.0000   0.0000   0.0000   0.2287
   8.750   0.9098   0.02766   0.01875   0.0116  0.0765  1.0000  -3.8712   0.0000   0.0000   0.0000   0.2277
   9.000   0.9310   0.02897   0.02017   0.0126  0.0730  1.0000  -4.0093   0.0000   0.0000   0.0000   0.2267
   9.250   0.9516   0.03052   0.02182   0.0135  0.0700  1.0000  -4.1473   0.0000   0.0000   0.0000   0.2258
   9.500   0.9701   0.03190   0.02341   0.0148  0.0668  1.0000  -4.2743   0.0000   0.0000   0.0000   0.2244
   9.750   0.9917   0.03355   0.02499   0.0153  0.0643  1.0000  -4.4298   0.0000   0.0000   0.0000   0.2240
  10.000   1.0040   0.03567   0.02762   0.0174  0.0624  1.0000  -4.4963   0.0000   0.0000   0.0000   0.2218
  10.250   1.0176   0.03781   0.03007   0.0191  0.0607  1.0000  -4.5852   0.0000   0.0000   0.0000   0.2202
  10.500   1.0370   0.03944   0.03169   0.0198  0.0589  1.0000  -4.7510   0.0000   0.0000   0.0000   0.2196
  10.750   1.0454   0.04205   0.03461   0.0216  0.0574  1.0000  -4.8354   0.0000   0.0000   0.0000   0.2177
  11.000   1.0431   0.04502   0.03811   0.0245  0.0562  1.0000  -4.8492   0.0000   0.0000   0.0000   0.2146
  11.250   1.0402   0.04808   0.04157   0.0270  0.0552  1.0000  -4.8684   0.0000   0.0000   0.0000   0.2119
  11.500   1.0325   0.05148   0.04531   0.0295  0.0548  1.0000  -4.8626   0.0000   0.0000   0.0000   0.2089
  11.750   1.0161   0.05505   0.04921   0.0324  0.0547  1.0000  -4.8188   0.0000   0.0000   0.0000   0.2053
  12.000   0.9909   0.05906   0.05351   0.0349  0.0549  1.0000  -4.7341   0.0000   0.0000   0.0000   0.2016
  12.250   0.9585   0.06426   0.05900   0.0351  0.0554  1.0000  -4.6018   0.0000   0.0000   0.0000   0.1996
  12.500   0.9224   0.07099   0.06599   0.0324  0.0561  1.0000  -4.4339   0.0000   0.0000   0.0000   0.2006
  12.750   0.8869   0.07930   0.07448   0.0271  0.0568  1.0000  -4.2450   0.0000   0.0000   0.0000   0.2047
  13.000   0.8577   0.08821   0.08349   0.0211  0.0576  1.0000  -4.0683   0.0000   0.0000   0.0000   0.2102
  13.250   0.8410   0.09578   0.09110   0.0170  0.0580  1.0000  -3.9577   0.0000   0.0000   0.0000   0.2143
  15.000   0.4917   0.15275   0.14839  -0.0037  0.0928  1.0000  -1.4181   0.0000   0.0000   0.0000   0.2463
  15.250   0.4726   0.15452   0.15015  -0.0070  0.0896  1.0000  -1.2778   0.0000   0.0000   0.0000   0.2537
  15.500   0.4782   0.15690   0.15254  -0.0075  0.0870  1.0000  -1.2959   0.0000   0.0000   0.0000   0.2545
  15.750   0.5023   0.16090   0.15656  -0.0061  0.0855  1.0000  -1.4261   0.0000   0.0000   0.0000   0.2505
  16.000   0.4796   0.16228   0.15792  -0.0100  0.0835  1.0000  -1.2491   0.0000   0.0000   0.0000   0.2594
  16.250   0.4825   0.16464   0.16029  -0.0111  0.0804  1.0000  -1.2423   0.0000   0.0000   0.0000   0.2613
  17.000   0.4905   0.17229   0.16797  -0.0144  0.0735  1.0000  -1.2060   0.0000   0.0000   0.0000   0.2674
  17.250   0.4997   0.17489   0.17058  -0.0146  0.0718  1.0000  -1.2598   0.0000   0.0000   0.0000   0.2669
  17.500   0.5071   0.17825   0.17394  -0.0152  0.0710  1.0000  -1.2882   0.0000   0.0000   0.0000   0.2673
  17.750   0.4991   0.18023   0.17593  -0.0180  0.0687  1.0000  -1.1855   0.0000   0.0000   0.0000   0.2736
  18.000   0.5031   0.18271   0.17842  -0.0191  0.0666  1.0000  -1.1892   0.0000   0.0000   0.0000   0.2752
  18.250   0.5112   0.18532   0.18104  -0.0195  0.0651  1.0000  -1.2321   0.0000   0.0000   0.0000   0.2751
  18.500   0.5203   0.18886   0.18458  -0.0198  0.0643  1.0000  -1.2732   0.0000   0.0000   0.0000   0.2747
  18.750   0.5129   0.19072   0.18645  -0.0227  0.0623  1.0000  -1.1617   0.0000   0.0000   0.0000   0.2811
  19.000   0.5174   0.19318   0.18893  -0.0238  0.0599  1.0000  -1.1669   0.0000   0.0000   0.0000   0.2825
  19.250   0.5275   0.19600   0.19176  -0.0238  0.0584  1.0000  -1.2316   0.0000   0.0000   0.0000   0.2814
  19.500   0.5292   0.19890   0.19467  -0.0253  0.0578  1.0000  -1.1993   0.0000   0.0000   0.0000   0.2839
  19.750   0.5276   0.20131   0.19708  -0.0275  0.0560  1.0000  -1.1272   0.0000   0.0000   0.0000   0.2882
  20.000   0.5316   0.20390   0.19968  -0.0287  0.0543  1.0000  -1.1204   0.0000   0.0000   0.0000   0.2898


