xflr5 v6.61

 Calculated polar for: NACA 0012

 1 1 Reynolds number fixed          Mach number fixed         

 xtrf =   1.000 (top)        1.000 (bottom)
 Mach =   0.000     Re =     0.440 e 6     Ncrit =   9.000

  alpha     CL        CD       CDp       Cm    Top Xtr Bot Xtr   Cpmin    Chinge    XCp    
 ------- -------- --------- --------- -------- ------- ------- -------- --------- ---------
 -10.000  -1.0359   0.02047   0.01372  -0.0119  1.0000  0.0350  -5.1523   0.0000   0.0000   0.0000   0.2274
  -9.750  -1.0182   0.01959   0.01278  -0.0105  1.0000  0.0364  -4.9876   0.0000   0.0000   0.0000   0.2289
  -9.500  -0.9992   0.01890   0.01209  -0.0093  1.0000  0.0379  -4.8080   0.0000   0.0000   0.0000   0.2302
  -9.250  -0.9782   0.01837   0.01151  -0.0082  1.0000  0.0399  -4.6251   0.0000   0.0000   0.0000   0.2314
  -9.000  -0.9593   0.01765   0.01076  -0.0069  1.0000  0.0418  -4.4562   0.0000   0.0000   0.0000   0.2329
  -8.750  -0.9391   0.01710   0.01020  -0.0057  1.0000  0.0440  -4.2782   0.0000   0.0000   0.0000   0.2343
  -8.500  -0.9179   0.01665   0.00967  -0.0045  1.0000  0.0463  -4.1033   0.0000   0.0000   0.0000   0.2357
  -8.250  -0.8995   0.01597   0.00902  -0.0030  1.0000  0.0490  -3.9393   0.0000   0.0000   0.0000   0.2376
  -8.000  -0.8784   0.01557   0.00857  -0.0018  1.0000  0.0521  -3.7678   0.0000   0.0000   0.0000   0.2392
  -7.750  -0.8592   0.01500   0.00804  -0.0003  1.0000  0.0558  -3.6169   0.0000   0.0000   0.0000   0.2411
  -7.500  -0.8392   0.01452   0.00756   0.0010  1.0000  0.0599  -3.4667   0.0000   0.0000   0.0000   0.2430
  -7.250  -0.8182   0.01414   0.00715   0.0023  1.0000  0.0646  -3.3148   0.0000   0.0000   0.0000   0.2448
  -7.000  -0.7983   0.01368   0.00673   0.0037  1.0000  0.0703  -3.1671   0.0000   0.0000   0.0000   0.2469
  -6.750  -0.7780   0.01327   0.00633   0.0051  1.0000  0.0771  -3.0202   0.0000   0.0000   0.0000   0.2490
  -6.500  -0.7575   0.01288   0.00597   0.0064  1.0000  0.0854  -2.8747   0.0000   0.0000   0.0000   0.2512
  -6.250  -0.7373   0.01246   0.00563   0.0078  1.0000  0.0952  -2.7325   0.0000   0.0000   0.0000   0.2535
  -6.000  -0.7166   0.01210   0.00532   0.0090  1.0000  0.1077  -2.6016   0.0000   0.0000   0.0000   0.2557
  -5.750  -0.6959   0.01173   0.00503   0.0103  1.0000  0.1229  -2.4722   0.0000   0.0000   0.0000   0.2581
  -5.500  -0.6749   0.01138   0.00477   0.0114  1.0000  0.1412  -2.3438   0.0000   0.0000   0.0000   0.2605
  -5.250  -0.6537   0.01105   0.00455   0.0125  1.0000  0.1628  -2.2163   0.0000   0.0000   0.0000   0.2629
  -5.000  -0.6322   0.01073   0.00435   0.0135  1.0000  0.1869  -2.0905   0.0000   0.0000   0.0000   0.2654
  -4.750  -0.6104   0.01044   0.00418   0.0145  1.0000  0.2138  -1.9754   0.0000   0.0000   0.0000   0.2679
  -4.250  -0.5348   0.00974   0.00381   0.0097  0.9941  0.2870  -1.6797   0.0000   0.0000   0.0000   0.2626
  -4.000  -0.4972   0.00942   0.00364   0.0074  0.9906  0.3247  -1.5473   0.0000   0.0000   0.0000   0.2595
  -3.750  -0.4586   0.00912   0.00349   0.0050  0.9874  0.3628  -1.4166   0.0000   0.0000   0.0000   0.2555
  -3.500  -0.4217   0.00883   0.00335   0.0029  0.9828  0.3996  -1.2994   0.0000   0.0000   0.0000   0.2517
  -3.250  -0.3831   0.00855   0.00321   0.0006  0.9794  0.4361  -1.1842   0.0000   0.0000   0.0000   0.2463
  -3.000  -0.3458   0.00828   0.00308  -0.0015  0.9746  0.4716  -1.0813   0.0000   0.0000   0.0000   0.2406
  -2.750  -0.3088   0.00802   0.00295  -0.0034  0.9698  0.5060  -0.9855   0.0000   0.0000   0.0000   0.2339
  -2.500  -0.2727   0.00777   0.00282  -0.0051  0.9645  0.5396  -0.8981   0.0000   0.0000   0.0000   0.2264
  -2.250  -0.2407   0.00754   0.00271  -0.0057  0.9562  0.5709  -0.8228   0.0000   0.0000   0.0000   0.2211
  -2.000  -0.2105   0.00733   0.00261  -0.0060  0.9467  0.6011  -0.7557   0.0000   0.0000   0.0000   0.2166
  -1.750  -0.1819   0.00713   0.00251  -0.0058  0.9357  0.6303  -0.6959   0.0000   0.0000   0.0000   0.2132
  -1.500  -0.1551   0.00697   0.00243  -0.0052  0.9223  0.6585  -0.6430   0.0000   0.0000   0.0000   0.2117
  -1.250  -0.1290   0.00681   0.00236  -0.0044  0.9073  0.6860  -0.5956   0.0000   0.0000   0.0000   0.2110
  -1.000  -0.1030   0.00668   0.00230  -0.0036  0.8916  0.7128  -0.5521   0.0000   0.0000   0.0000   0.2104
  -0.750  -0.0773   0.00658   0.00225  -0.0027  0.8736  0.7389  -0.5130   0.0000   0.0000   0.0000   0.2104
  -0.500  -0.0515   0.00651   0.00221  -0.0018  0.8547  0.7641  -0.4770   0.0000   0.0000   0.0000   0.2106
  -0.250  -0.0257   0.00646   0.00219  -0.0009  0.8338  0.7887  -0.4440   0.0000   0.0000   0.0000   0.2100
   0.000  -0.0000   0.00645   0.00219   0.0000  0.8121  0.8120  -0.4136   0.0000   0.0000   0.0000   0.5099
   0.250   0.0257   0.00646   0.00219   0.0009  0.7887  0.8338  -0.4440   0.0000   0.0000   0.0000   0.2100
   0.500   0.0515   0.00651   0.00221   0.0018  0.7641  0.8547  -0.4770   0.0000   0.0000   0.0000   0.2106
   0.750   0.0773   0.00658   0.00225   0.0027  0.7389  0.8736  -0.5130   0.0000   0.0000   0.0000   0.2104
   1.000   0.1030   0.00668   0.00230   0.0036  0.7128  0.8916  -0.5521   0.0000   0.0000   0.0000   0.2104
   1.250   0.1290   0.00681   0.00236   0.0044  0.6860  0.9072  -0.5956   0.0000   0.0000   0.0000   0.2110
   1.500   0.1551   0.00696   0.00243   0.0052  0.6586  0.9223  -0.6429   0.0000   0.0000   0.0000   0.2117
   1.750   0.1819   0.00713   0.00251   0.0058  0.6303  0.9357  -0.6959   0.0000   0.0000   0.0000   0.2132
   2.000   0.2105   0.00733   0.00261   0.0060  0.6011  0.9467  -0.7557   0.0000   0.0000   0.0000   0.2166
   2.250   0.2407   0.00754   0.00271   0.0057  0.5709  0.9562  -0.8228   0.0000   0.0000   0.0000   0.2211
   2.500   0.2727   0.00777   0.00282   0.0051  0.5395  0.9645  -0.8981   0.0000   0.0000   0.0000   0.2264
   2.750   0.3088   0.00802   0.00295   0.0034  0.5060  0.9698  -0.9855   0.0000   0.0000   0.0000   0.2339
   3.000   0.3458   0.00828   0.00308   0.0015  0.4716  0.9746  -1.0813   0.0000   0.0000   0.0000   0.2406
   3.250   0.3831   0.00854   0.00321  -0.0006  0.4362  0.9794  -1.1842   0.0000   0.0000   0.0000   0.2463
   3.500   0.4217   0.00883   0.00335  -0.0029  0.3996  0.9829  -1.2994   0.0000   0.0000   0.0000   0.2517
   3.750   0.4586   0.00912   0.00349  -0.0050  0.3628  0.9874  -1.4167   0.0000   0.0000   0.0000   0.2555
   4.000   0.4972   0.00942   0.00364  -0.0074  0.3247  0.9906  -1.5473   0.0000   0.0000   0.0000   0.2595
   4.250   0.5348   0.00974   0.00381  -0.0097  0.2870  0.9941  -1.6797   0.0000   0.0000   0.0000   0.2626
   4.500   0.5726   0.01009   0.00399  -0.0121  0.2498  0.9974  -1.8260   0.0000   0.0000   0.0000   0.2654
   4.750   0.6103   0.01044   0.00417  -0.0145  0.2139  1.0000  -1.9752   0.0000   0.0000   0.0000   0.2679
   5.000   0.6321   0.01073   0.00435  -0.0135  0.1870  1.0000  -2.0903   0.0000   0.0000   0.0000   0.2654
   5.250   0.6536   0.01105   0.00455  -0.0125  0.1628  1.0000  -2.2161   0.0000   0.0000   0.0000   0.2629
   5.500   0.6749   0.01138   0.00477  -0.0114  0.1412  1.0000  -2.3436   0.0000   0.0000   0.0000   0.2605
   5.750   0.6959   0.01172   0.00503  -0.0102  0.1229  1.0000  -2.4720   0.0000   0.0000   0.0000   0.2581
   6.000   0.7165   0.01210   0.00532  -0.0090  0.1077  1.0000  -2.6014   0.0000   0.0000   0.0000   0.2557
   6.250   0.7372   0.01246   0.00563  -0.0077  0.0952  1.0000  -2.7323   0.0000   0.0000   0.0000   0.2534
   6.500   0.7574   0.01288   0.00597  -0.0064  0.0854  1.0000  -2.8745   0.0000   0.0000   0.0000   0.2511
   6.750   0.7779   0.01327   0.00633  -0.0051  0.0771  1.0000  -3.0200   0.0000   0.0000   0.0000   0.2490
   7.000   0.7982   0.01368   0.00673  -0.0037  0.0703  1.0000  -3.1669   0.0000   0.0000   0.0000   0.2469
   7.250   0.8182   0.01414   0.00715  -0.0023  0.0646  1.0000  -3.3146   0.0000   0.0000   0.0000   0.2448
   7.500   0.8391   0.01452   0.00755  -0.0010  0.0599  1.0000  -3.4666   0.0000   0.0000   0.0000   0.2430
   7.750   0.8592   0.01500   0.00804   0.0004  0.0558  1.0000  -3.6168   0.0000   0.0000   0.0000   0.2411
   8.000   0.8784   0.01557   0.00857   0.0018  0.0521  1.0000  -3.7677   0.0000   0.0000   0.0000   0.2392
   8.250   0.8995   0.01596   0.00902   0.0030  0.0490  1.0000  -3.9392   0.0000   0.0000   0.0000   0.2376
   8.500   0.9179   0.01665   0.00967   0.0045  0.0463  1.0000  -4.1033   0.0000   0.0000   0.0000   0.2357
   8.750   0.9391   0.01710   0.01020   0.0057  0.0440  1.0000  -4.2782   0.0000   0.0000   0.0000   0.2343
   9.000   0.9594   0.01765   0.01076   0.0069  0.0418  1.0000  -4.4563   0.0000   0.0000   0.0000   0.2329
   9.250   0.9783   0.01837   0.01151   0.0082  0.0399  1.0000  -4.6253   0.0000   0.0000   0.0000   0.2314
   9.500   0.9992   0.01890   0.01209   0.0093  0.0379  1.0000  -4.8083   0.0000   0.0000   0.0000   0.2302
   9.750   1.0183   0.01959   0.01278   0.0105  0.0364  1.0000  -4.9879   0.0000   0.0000   0.0000   0.2289
  10.000   1.0360   0.02047   0.01371   0.0119  0.0350  1.0000  -5.1527   0.0000   0.0000   0.0000   0.2274
  10.250   1.0557   0.02113   0.01447   0.0131  0.0337  1.0000  -5.3302   0.0000   0.0000   0.0000   0.2262
  10.500   1.0745   0.02184   0.01522   0.0143  0.0325  1.0000  -5.5105   0.0000   0.0000   0.0000   0.2250
  10.750   1.0913   0.02273   0.01610   0.0156  0.0314  1.0000  -5.6992   0.0000   0.0000   0.0000   0.2236
  11.000   1.1066   0.02381   0.01727   0.0171  0.0304  1.0000  -5.8750   0.0000   0.0000   0.0000   0.2221
  11.250   1.1240   0.02456   0.01814   0.0184  0.0294  1.0000  -6.0679   0.0000   0.0000   0.0000   0.2208
  11.500   1.1402   0.02537   0.01903   0.0198  0.0284  1.0000  -6.2606   0.0000   0.0000   0.0000   0.2195
  11.750   1.1548   0.02624   0.01994   0.0213  0.0276  1.0000  -6.4511   0.0000   0.0000   0.0000   0.2181
  12.000   1.1656   0.02731   0.02103   0.0233  0.0270  1.0000  -6.6216   0.0000   0.0000   0.0000   0.2162
  12.250   1.1728   0.02895   0.02274   0.0255  0.0263  1.0000  -6.7565   0.0000   0.0000   0.0000   0.2140
  12.500   1.1821   0.03003   0.02398   0.0275  0.0259  1.0000  -6.9102   0.0000   0.0000   0.0000   0.2121
  12.750   1.1902   0.03131   0.02541   0.0293  0.0253  1.0000  -7.0561   0.0000   0.0000   0.0000   0.2104
  13.000   1.1973   0.03274   0.02697   0.0309  0.0248  1.0000  -7.1968   0.0000   0.0000   0.0000   0.2088
  13.250   1.2032   0.03430   0.02865   0.0322  0.0243  1.0000  -7.3332   0.0000   0.0000   0.0000   0.2073
  13.500   1.2085   0.03598   0.03044   0.0334  0.0239  1.0000  -7.4679   0.0000   0.0000   0.0000   0.2061
  13.750   1.2133   0.03779   0.03235   0.0342  0.0235  1.0000  -7.6014   0.0000   0.0000   0.0000   0.2051
  14.000   1.2173   0.03975   0.03438   0.0347  0.0231  1.0000  -7.7330   0.0000   0.0000   0.0000   0.2042
  14.250   1.2197   0.04205   0.03674   0.0351  0.0227  1.0000  -7.8502   0.0000   0.0000   0.0000   0.2035
  14.500   1.2153   0.04539   0.04019   0.0355  0.0223  1.0000  -7.9002   0.0000   0.0000   0.0000   0.2026
  14.750   1.2108   0.04861   0.04361   0.0349  0.0221  1.0000  -7.9531   0.0000   0.0000   0.0000   0.2025
  15.000   1.2051   0.05223   0.04743   0.0336  0.0219  1.0000  -7.9938   0.0000   0.0000   0.0000   0.2029
  15.250   1.1972   0.05637   0.05177   0.0318  0.0217  1.0000  -8.0119   0.0000   0.0000   0.0000   0.2036
  15.500   1.1871   0.06109   0.05667   0.0295  0.0215  1.0000  -8.0069   0.0000   0.0000   0.0000   0.2047
  15.750   1.1744   0.06639   0.06216   0.0268  0.0213  1.0000  -7.9750   0.0000   0.0000   0.0000   0.2062
  16.000   1.1590   0.07237   0.06833   0.0234  0.0212  1.0000  -7.9125   0.0000   0.0000   0.0000   0.2082
  16.250   1.1403   0.07914   0.07528   0.0195  0.0211  1.0000  -7.8141   0.0000   0.0000   0.0000   0.2108
  16.500   1.1179   0.08693   0.08327   0.0148  0.0211  1.0000  -7.6730   0.0000   0.0000   0.0000   0.2141
  16.750   1.0906   0.09605   0.09259   0.0092  0.0211  1.0000  -7.4674   0.0000   0.0000   0.0000   0.2184
  17.000   1.0557   0.10722   0.10397   0.0023  0.0212  1.0000  -7.1598   0.0000   0.0000   0.0000   0.2242
  17.250   1.0044   0.12271   0.11971  -0.0073  0.0216  1.0000  -6.6284   0.0000   0.0000   0.0000   0.2333
  17.750   0.7628   0.21002   0.20732  -0.0505  0.0277  1.0000  -2.1101   0.0000   0.0000   0.0000   0.2967
  18.000   0.7716   0.21273   0.21003  -0.0519  0.0272  1.0000  -2.1686   0.0000   0.0000   0.0000   0.2972
  18.250   0.7820   0.21485   0.21216  -0.0526  0.0268  1.0000  -2.2729   0.0000   0.0000   0.0000   0.2967
  18.500   0.7944   0.21661   0.21394  -0.0524  0.0265  1.0000  -2.4280   0.0000   0.0000   0.0000   0.2949
  18.750   0.7888   0.22577   0.22307  -0.0595  0.0250  1.0000  -2.0177   0.0000   0.0000   0.0000   0.3045
  19.000   0.7963   0.22937   0.22668  -0.0617  0.0240  1.0000  -2.0098   0.0000   0.0000   0.0000   0.3062
  19.250   0.8045   0.23249   0.22979  -0.0635  0.0234  1.0000  -2.0415   0.0000   0.0000   0.0000   0.3073
  19.500   0.8132   0.23526   0.23257  -0.0652  0.0230  1.0000  -2.1014   0.0000   0.0000   0.0000   0.3080
  19.750   0.8226   0.23773   0.23505  -0.0665  0.0227  1.0000  -2.1863   0.0000   0.0000   0.0000   0.3081
  20.000   0.8332   0.24001   0.23734  -0.0671  0.0224  1.0000  -2.3063   0.0000   0.0000   0.0000   0.3073


