xflr5 v6.61

 Calculated polar for: NACA 0012

 1 1 Reynolds number fixed          Mach number fixed         

 xtrf =   1.000 (top)        1.000 (bottom)
 Mach =   0.000     Re =     0.760 e 6     Ncrit =   9.000

  alpha     CL        CD       CDp       Cm    Top Xtr Bot Xtr   Cpmin    Chinge    XCp    
 ------- -------- --------- --------- -------- ------- ------- -------- --------- ---------
 -10.000  -1.0693   0.01647   0.01035  -0.0070  1.0000  0.0281  -5.4102   0.0000   0.0000   0.0000   0.2324
  -9.750  -1.0475   0.01602   0.00988  -0.0060  1.0000  0.0293  -5.2076   0.0000   0.0000   0.0000   0.2335
  -9.500  -1.0253   0.01563   0.00942  -0.0051  1.0000  0.0305  -5.0083   0.0000   0.0000   0.0000   0.2345
  -9.250  -1.0053   0.01504   0.00881  -0.0039  1.0000  0.0320  -4.8243   0.0000   0.0000   0.0000   0.2360
  -9.000  -0.9841   0.01461   0.00837  -0.0027  1.0000  0.0336  -4.6324   0.0000   0.0000   0.0000   0.2373
  -8.750  -0.9622   0.01427   0.00799  -0.0017  1.0000  0.0352  -4.4410   0.0000   0.0000   0.0000   0.2387
  -8.500  -0.9420   0.01379   0.00751  -0.0003  1.0000  0.0373  -4.2606   0.0000   0.0000   0.0000   0.2403
  -8.250  -0.9205   0.01345   0.00717   0.0008  1.0000  0.0396  -4.0747   0.0000   0.0000   0.0000   0.2418
  -8.000  -0.8996   0.01307   0.00677   0.0021  1.0000  0.0421  -3.8970   0.0000   0.0000   0.0000   0.2436
  -7.750  -0.8786   0.01273   0.00643   0.0034  1.0000  0.0449  -3.7295   0.0000   0.0000   0.0000   0.2453
  -7.500  -0.8578   0.01238   0.00608   0.0047  1.0000  0.0481  -3.5706   0.0000   0.0000   0.0000   0.2472
  -7.250  -0.8366   0.01210   0.00580   0.0059  1.0000  0.0518  -3.4106   0.0000   0.0000   0.0000   0.2491
  -7.000  -0.8160   0.01175   0.00549   0.0073  1.0000  0.0564  -3.2557   0.0000   0.0000   0.0000   0.2512
  -6.750  -0.7951   0.01145   0.00520   0.0086  1.0000  0.0616  -3.1022   0.0000   0.0000   0.0000   0.2533
  -6.500  -0.7741   0.01116   0.00494   0.0098  1.0000  0.0676  -2.9506   0.0000   0.0000   0.0000   0.2554
  -6.250  -0.7529   0.01089   0.00470   0.0110  1.0000  0.0749  -2.8010   0.0000   0.0000   0.0000   0.2576
  -5.750  -0.6869   0.01024   0.00418   0.0084  0.9971  0.0997  -2.4633   0.0000   0.0000   0.0000   0.2556
  -5.500  -0.6517   0.00990   0.00393   0.0067  0.9949  0.1167  -2.2960   0.0000   0.0000   0.0000   0.2538
  -5.250  -0.6159   0.00955   0.00370   0.0048  0.9931  0.1377  -2.1307   0.0000   0.0000   0.0000   0.2514
  -5.000  -0.5814   0.00921   0.00346   0.0032  0.9902  0.1613  -1.9806   0.0000   0.0000   0.0000   0.2493
  -4.750  -0.5456   0.00886   0.00325   0.0013  0.9880  0.1886  -1.8347   0.0000   0.0000   0.0000   0.2463
  -4.500  -0.5106   0.00852   0.00305  -0.0004  0.9852  0.2176  -1.6939   0.0000   0.0000   0.0000   0.2433
  -4.250  -0.4750   0.00820   0.00286  -0.0022  0.9823  0.2490  -1.5628   0.0000   0.0000   0.0000   0.2396
  -4.000  -0.4390   0.00788   0.00268  -0.0041  0.9798  0.2814  -1.4366   0.0000   0.0000   0.0000   0.2350
  -3.750  -0.4067   0.00759   0.00252  -0.0050  0.9744  0.3125  -1.3245   0.0000   0.0000   0.0000   0.2320
  -3.500  -0.3756   0.00732   0.00237  -0.0057  0.9682  0.3437  -1.2211   0.0000   0.0000   0.0000   0.2292
  -3.250  -0.3458   0.00708   0.00224  -0.0061  0.9607  0.3740  -1.1262   0.0000   0.0000   0.0000   0.2270
  -3.000  -0.3177   0.00685   0.00212  -0.0060  0.9515  0.4033  -1.0386   0.0000   0.0000   0.0000   0.2258
  -2.750  -0.2907   0.00665   0.00201  -0.0056  0.9407  0.4322  -0.9603   0.0000   0.0000   0.0000   0.2254
  -2.500  -0.2642   0.00646   0.00190  -0.0051  0.9285  0.4607  -0.8872   0.0000   0.0000   0.0000   0.2253
  -2.250  -0.2380   0.00630   0.00181  -0.0046  0.9151  0.4890  -0.8194   0.0000   0.0000   0.0000   0.2256
  -2.000  -0.2118   0.00615   0.00173  -0.0040  0.9003  0.5170  -0.7570   0.0000   0.0000   0.0000   0.2260
  -1.750  -0.1855   0.00602   0.00165  -0.0035  0.8835  0.5449  -0.6995   0.0000   0.0000   0.0000   0.2263
  -1.250  -0.1327   0.00583   0.00153  -0.0024  0.8463  0.6002  -0.5985   0.0000   0.0000   0.0000   0.2268
  -1.000  -0.1063   0.00575   0.00148  -0.0019  0.8259  0.6273  -0.5546   0.0000   0.0000   0.0000   0.2271
  -0.750  -0.0797   0.00569   0.00144  -0.0014  0.8037  0.6541  -0.5147   0.0000   0.0000   0.0000   0.2273
  -0.500  -0.0532   0.00565   0.00141  -0.0010  0.7807  0.6804  -0.4781   0.0000   0.0000   0.0000   0.2273
  -0.250  -0.0266   0.00563   0.00140  -0.0005  0.7569  0.7063  -0.4446   0.0000   0.0000   0.0000   0.2277
   0.000   0.0000   0.00563   0.00139  -0.0000  0.7319  0.7319  -0.4136   0.0000   0.0000   0.0000   0.4537
   0.250   0.0266   0.00563   0.00140   0.0005  0.7063  0.7569  -0.4446   0.0000   0.0000   0.0000   0.2277
   0.500   0.0532   0.00565   0.00141   0.0010  0.6804  0.7807  -0.4781   0.0000   0.0000   0.0000   0.2273
   0.750   0.0797   0.00569   0.00144   0.0014  0.6541  0.8037  -0.5147   0.0000   0.0000   0.0000   0.2273
   1.000   0.1063   0.00575   0.00148   0.0019  0.6273  0.8259  -0.5546   0.0000   0.0000   0.0000   0.2271
   1.250   0.1327   0.00583   0.00153   0.0024  0.6002  0.8463  -0.5985   0.0000   0.0000   0.0000   0.2268
   1.500   0.1592   0.00592   0.00158   0.0029  0.5726  0.8660  -0.6466   0.0000   0.0000   0.0000   0.2267
   1.750   0.1855   0.00602   0.00165   0.0035  0.5449  0.8835  -0.6995   0.0000   0.0000   0.0000   0.2263
   2.000   0.2118   0.00615   0.00173   0.0040  0.5170  0.9003  -0.7570   0.0000   0.0000   0.0000   0.2260
   2.250   0.2380   0.00630   0.00181   0.0046  0.4890  0.9151  -0.8194   0.0000   0.0000   0.0000   0.2256
   2.500   0.2643   0.00646   0.00190   0.0051  0.4607  0.9285  -0.8872   0.0000   0.0000   0.0000   0.2254
   2.750   0.2907   0.00665   0.00201   0.0056  0.4322  0.9407  -0.9603   0.0000   0.0000   0.0000   0.2254
   3.000   0.3177   0.00685   0.00212   0.0060  0.4033  0.9515  -1.0386   0.0000   0.0000   0.0000   0.2258
   3.250   0.3458   0.00708   0.00224   0.0061  0.3740  0.9607  -1.1262   0.0000   0.0000   0.0000   0.2270
   3.500   0.3756   0.00732   0.00237   0.0057  0.3437  0.9682  -1.2211   0.0000   0.0000   0.0000   0.2292
   3.750   0.4067   0.00759   0.00252   0.0050  0.3125  0.9744  -1.3245   0.0000   0.0000   0.0000   0.2320
   4.000   0.4390   0.00788   0.00268   0.0041  0.2814  0.9798  -1.4366   0.0000   0.0000   0.0000   0.2350
   4.250   0.4750   0.00820   0.00286   0.0022  0.2490  0.9823  -1.5628   0.0000   0.0000   0.0000   0.2396
   4.500   0.5106   0.00852   0.00305   0.0004  0.2176  0.9852  -1.6939   0.0000   0.0000   0.0000   0.2433
   4.750   0.5456   0.00886   0.00325  -0.0013  0.1886  0.9880  -1.8347   0.0000   0.0000   0.0000   0.2463
   5.000   0.5814   0.00921   0.00346  -0.0032  0.1613  0.9902  -1.9806   0.0000   0.0000   0.0000   0.2493
   5.250   0.6159   0.00955   0.00369  -0.0048  0.1377  0.9931  -2.1308   0.0000   0.0000   0.0000   0.2515
   5.500   0.6517   0.00990   0.00393  -0.0067  0.1167  0.9949  -2.2961   0.0000   0.0000   0.0000   0.2538
   5.750   0.6869   0.01024   0.00418  -0.0084  0.0997  0.9972  -2.4634   0.0000   0.0000   0.0000   0.2556
   6.250   0.7528   0.01089   0.00470  -0.0110  0.0749  1.0000  -2.8007   0.0000   0.0000   0.0000   0.2576
   6.500   0.7740   0.01116   0.00494  -0.0098  0.0676  1.0000  -2.9504   0.0000   0.0000   0.0000   0.2554
   6.750   0.7950   0.01145   0.00520  -0.0085  0.0616  1.0000  -3.1019   0.0000   0.0000   0.0000   0.2533
   7.000   0.8159   0.01175   0.00549  -0.0073  0.0564  1.0000  -3.2554   0.0000   0.0000   0.0000   0.2512
   7.250   0.8365   0.01210   0.00580  -0.0059  0.0518  1.0000  -3.4104   0.0000   0.0000   0.0000   0.2491
   7.500   0.8578   0.01237   0.00608  -0.0047  0.0481  1.0000  -3.5703   0.0000   0.0000   0.0000   0.2472
   7.750   0.8785   0.01273   0.00643  -0.0033  0.0449  1.0000  -3.7293   0.0000   0.0000   0.0000   0.2453
   8.000   0.8996   0.01307   0.00677  -0.0021  0.0421  1.0000  -3.8968   0.0000   0.0000   0.0000   0.2436
   8.250   0.9204   0.01345   0.00717  -0.0008  0.0396  1.0000  -4.0746   0.0000   0.0000   0.0000   0.2418
   8.500   0.9420   0.01379   0.00751   0.0003  0.0373  1.0000  -4.2604   0.0000   0.0000   0.0000   0.2403
   8.750   0.9622   0.01427   0.00799   0.0017  0.0352  1.0000  -4.4409   0.0000   0.0000   0.0000   0.2387
   9.000   0.9841   0.01460   0.00837   0.0027  0.0336  1.0000  -4.6324   0.0000   0.0000   0.0000   0.2373
   9.250   1.0053   0.01504   0.00881   0.0039  0.0320  1.0000  -4.8243   0.0000   0.0000   0.0000   0.2360
   9.500   1.0253   0.01563   0.00942   0.0051  0.0305  1.0000  -5.0084   0.0000   0.0000   0.0000   0.2345
   9.750   1.0475   0.01602   0.00988   0.0060  0.0293  1.0000  -5.2078   0.0000   0.0000   0.0000   0.2335
  10.000   1.0694   0.01647   0.01034   0.0069  0.0281  1.0000  -5.4104   0.0000   0.0000   0.0000   0.2324
  10.250   1.0890   0.01712   0.01101   0.0081  0.0268  1.0000  -5.6032   0.0000   0.0000   0.0000   0.2311
  10.500   1.1095   0.01770   0.01164   0.0092  0.0258  1.0000  -5.8000   0.0000   0.0000   0.0000   0.2300
  10.750   1.1310   0.01817   0.01218   0.0100  0.0249  1.0000  -6.0211   0.0000   0.0000   0.0000   0.2290
  11.000   1.1517   0.01871   0.01275   0.0110  0.0241  1.0000  -6.2455   0.0000   0.0000   0.0000   0.2280
  11.250   1.1713   0.01932   0.01340   0.0121  0.0233  1.0000  -6.4678   0.0000   0.0000   0.0000   0.2269
  11.500   1.1853   0.02038   0.01449   0.0138  0.0224  1.0000  -6.6540   0.0000   0.0000   0.0000   0.2252
  11.750   1.2035   0.02105   0.01525   0.0150  0.0219  1.0000  -6.8690   0.0000   0.0000   0.0000   0.2240
  12.000   1.2217   0.02170   0.01598   0.0162  0.0214  1.0000  -7.0878   0.0000   0.0000   0.0000   0.2228
  12.250   1.2385   0.02241   0.01676   0.0176  0.0208  1.0000  -7.3017   0.0000   0.0000   0.0000   0.2215
  12.500   1.2536   0.02315   0.01757   0.0191  0.0203  1.0000  -7.5109   0.0000   0.0000   0.0000   0.2201
  12.750   1.2658   0.02392   0.01839   0.0211  0.0198  1.0000  -7.7082   0.0000   0.0000   0.0000   0.2183
  13.000   1.2761   0.02482   0.01934   0.0231  0.0194  1.0000  -7.8972   0.0000   0.0000   0.0000   0.2164
  13.250   1.2813   0.02611   0.02069   0.0254  0.0189  1.0000  -8.0514   0.0000   0.0000   0.0000   0.2143
  13.500   1.2809   0.02794   0.02262   0.0278  0.0184  1.0000  -8.1604   0.0000   0.0000   0.0000   0.2120
  13.750   1.2919   0.02901   0.02379   0.0290  0.0182  1.0000  -8.3513   0.0000   0.0000   0.0000   0.2108
  14.000   1.3005   0.03034   0.02523   0.0300  0.0179  1.0000  -8.5253   0.0000   0.0000   0.0000   0.2097
  14.250   1.3069   0.03195   0.02695   0.0309  0.0176  1.0000  -8.6832   0.0000   0.0000   0.0000   0.2087
  14.500   1.3118   0.03382   0.02893   0.0315  0.0173  1.0000  -8.8307   0.0000   0.0000   0.0000   0.2078
  14.750   1.3155   0.03594   0.03115   0.0317  0.0170  1.0000  -8.9690   0.0000   0.0000   0.0000   0.2072
  15.000   1.3182   0.03834   0.03366   0.0316  0.0168  1.0000  -9.0984   0.0000   0.0000   0.0000   0.2068
  15.250   1.3194   0.04105   0.03647   0.0311  0.0165  1.0000  -9.2162   0.0000   0.0000   0.0000   0.2067
  15.500   1.3191   0.04412   0.03965   0.0301  0.0163  1.0000  -9.3210   0.0000   0.0000   0.0000   0.2068
  15.750   1.3169   0.04759   0.04322   0.0288  0.0161  1.0000  -9.4078   0.0000   0.0000   0.0000   0.2072
  16.000   1.3126   0.05151   0.04725   0.0271  0.0160  1.0000  -9.4740   0.0000   0.0000   0.0000   0.2078
  16.250   1.3056   0.05592   0.05177   0.0251  0.0158  1.0000  -9.5202   0.0000   0.0000   0.0000   0.2087
  16.500   1.2959   0.06082   0.05678   0.0227  0.0157  1.0000  -9.5412   0.0000   0.0000   0.0000   0.2098
  16.750   1.2836   0.06620   0.06228   0.0201  0.0156  1.0000  -9.5333   0.0000   0.0000   0.0000   0.2111
  17.000   1.2688   0.07202   0.06821   0.0172  0.0155  1.0000  -9.4967   0.0000   0.0000   0.0000   0.2126
  17.250   1.2525   0.07825   0.07457   0.0141  0.0154  1.0000  -9.4368   0.0000   0.0000   0.0000   0.2143
  17.500   1.2345   0.08484   0.08129   0.0108  0.0153  1.0000  -9.3534   0.0000   0.0000   0.0000   0.2162
  17.750   1.2153   0.09181   0.08837   0.0073  0.0152  1.0000  -9.2480   0.0000   0.0000   0.0000   0.2185
  18.000   1.1948   0.09916   0.09586   0.0035  0.0151  1.0000  -9.1176   0.0000   0.0000   0.0000   0.2210
  18.250   1.1728   0.10697   0.10379  -0.0006  0.0151  1.0000  -8.9582   0.0000   0.0000   0.0000   0.2239
  18.500   1.1504   0.11515   0.11211  -0.0050  0.0150  1.0000  -8.7781   0.0000   0.0000   0.0000   0.2272
  18.750   1.1310   0.12305   0.12015  -0.0094  0.0150  1.0000  -8.6176   0.0000   0.0000   0.0000   0.2307
  19.000   1.1101   0.13151   0.12873  -0.0141  0.0150  1.0000  -8.4206   0.0000   0.0000   0.0000   0.2347
  19.250   1.0867   0.14081   0.13817  -0.0195  0.0150  1.0000  -8.1686   0.0000   0.0000   0.0000   0.2395
  19.500   1.0576   0.15172   0.14924  -0.0259  0.0150  1.0000  -7.8074   0.0000   0.0000   0.0000   0.2457


