xflr5 v6.61

 Calculated polar for: NACA 0012

 1 1 Reynolds number fixed          Mach number fixed         

 xtrf =   1.000 (top)        1.000 (bottom)
 Mach =   0.000     Re =     0.800 e 6     Ncrit =   9.000

  alpha     CL        CD       CDp       Cm    Top Xtr Bot Xtr   Cpmin    Chinge    XCp    
 ------- -------- --------- --------- -------- ------- ------- -------- --------- ---------
 -10.000  -1.0717   0.01618   0.01010  -0.0066  1.0000  0.0275  -5.4301   0.0000   0.0000   0.0000   0.2328
  -9.750  -1.0501   0.01572   0.00962  -0.0056  1.0000  0.0288  -5.2275   0.0000   0.0000   0.0000   0.2339
  -9.500  -1.0280   0.01531   0.00917  -0.0047  1.0000  0.0300  -5.0271   0.0000   0.0000   0.0000   0.2350
  -9.250  -1.0065   0.01489   0.00870  -0.0036  1.0000  0.0312  -4.8336   0.0000   0.0000   0.0000   0.2362
  -9.000  -0.9863   0.01436   0.00818  -0.0024  1.0000  0.0330  -4.6476   0.0000   0.0000   0.0000   0.2377
  -8.750  -0.9646   0.01401   0.00780  -0.0013  1.0000  0.0347  -4.4558   0.0000   0.0000   0.0000   0.2391
  -8.500  -0.9436   0.01361   0.00738  -0.0000  1.0000  0.0366  -4.2714   0.0000   0.0000   0.0000   0.2407
  -8.250  -0.9225   0.01323   0.00701   0.0012  1.0000  0.0389  -4.0871   0.0000   0.0000   0.0000   0.2422
  -8.000  -0.9010   0.01292   0.00668   0.0024  1.0000  0.0412  -3.9050   0.0000   0.0000   0.0000   0.2439
  -7.750  -0.8805   0.01253   0.00630   0.0037  1.0000  0.0441  -3.7395   0.0000   0.0000   0.0000   0.2457
  -7.500  -0.8593   0.01223   0.00598   0.0050  1.0000  0.0472  -3.5785   0.0000   0.0000   0.0000   0.2476
  -7.250  -0.8385   0.01191   0.00568   0.0063  1.0000  0.0509  -3.4197   0.0000   0.0000   0.0000   0.2495
  -7.000  -0.8177   0.01160   0.00539   0.0076  1.0000  0.0552  -3.2636   0.0000   0.0000   0.0000   0.2516
  -6.750  -0.7967   0.01131   0.00512   0.0089  1.0000  0.0603  -3.1093   0.0000   0.0000   0.0000   0.2537
  -6.500  -0.7756   0.01104   0.00487   0.0101  1.0000  0.0662  -2.9571   0.0000   0.0000   0.0000   0.2558
  -6.250  -0.7522   0.01075   0.00462   0.0109  0.9998  0.0735  -2.8004   0.0000   0.0000   0.0000   0.2574
  -6.000  -0.7169   0.01043   0.00436   0.0091  0.9981  0.0848  -2.6213   0.0000   0.0000   0.0000   0.2559
  -5.750  -0.6819   0.01009   0.00409   0.0074  0.9962  0.0987  -2.4509   0.0000   0.0000   0.0000   0.2542
  -5.500  -0.6466   0.00975   0.00385   0.0056  0.9941  0.1154  -2.2835   0.0000   0.0000   0.0000   0.2522
  -5.250  -0.6113   0.00942   0.00361   0.0038  0.9921  0.1358  -2.1197   0.0000   0.0000   0.0000   0.2499
  -5.000  -0.5767   0.00907   0.00338   0.0022  0.9894  0.1589  -1.9702   0.0000   0.0000   0.0000   0.2476
  -4.750  -0.5406   0.00873   0.00317   0.0003  0.9875  0.1858  -1.8241   0.0000   0.0000   0.0000   0.2445
  -4.500  -0.5063   0.00840   0.00298  -0.0013  0.9843  0.2143  -1.6849   0.0000   0.0000   0.0000   0.2416
  -4.250  -0.4705   0.00807   0.00278  -0.0031  0.9818  0.2452  -1.5543   0.0000   0.0000   0.0000   0.2376
  -4.000  -0.4369   0.00776   0.00261  -0.0044  0.9778  0.2759  -1.4328   0.0000   0.0000   0.0000   0.2342
  -3.750  -0.4039   0.00747   0.00245  -0.0056  0.9732  0.3075  -1.3197   0.0000   0.0000   0.0000   0.2306
  -3.500  -0.3740   0.00722   0.00230  -0.0059  0.9660  0.3374  -1.2185   0.0000   0.0000   0.0000   0.2286
  -3.250  -0.3454   0.00697   0.00217  -0.0060  0.9577  0.3671  -1.1257   0.0000   0.0000   0.0000   0.2272
  -3.000  -0.3180   0.00676   0.00206  -0.0058  0.9479  0.3963  -1.0391   0.0000   0.0000   0.0000   0.2264
  -2.750  -0.2912   0.00656   0.00195  -0.0054  0.9369  0.4249  -0.9610   0.0000   0.0000   0.0000   0.2263
  -2.250  -0.2387   0.00622   0.00175  -0.0043  0.9102  0.4814  -0.8203   0.0000   0.0000   0.0000   0.2269
  -2.000  -0.2125   0.00608   0.00167  -0.0038  0.8946  0.5094  -0.7577   0.0000   0.0000   0.0000   0.2273
  -1.750  -0.1862   0.00596   0.00159  -0.0032  0.8781  0.5371  -0.7001   0.0000   0.0000   0.0000   0.2277
  -1.500  -0.1597   0.00585   0.00153  -0.0027  0.8594  0.5646  -0.6471   0.0000   0.0000   0.0000   0.2279
  -1.250  -0.1332   0.00577   0.00147  -0.0022  0.8399  0.5918  -0.5990   0.0000   0.0000   0.0000   0.2283
  -1.000  -0.1066   0.00569   0.00143  -0.0018  0.8186  0.6190  -0.5549   0.0000   0.0000   0.0000   0.2284
  -0.750  -0.0799   0.00565   0.00139  -0.0013  0.7965  0.6458  -0.5148   0.0000   0.0000   0.0000   0.2284
  -0.250  -0.0267   0.00558   0.00135  -0.0004  0.7488  0.6985  -0.4446   0.0000   0.0000   0.0000   0.2287
   0.000   0.0000   0.00557   0.00134  -0.0000  0.7239  0.7239  -0.4136   0.0000   0.0000   0.0000   0.4388
   0.250   0.0267   0.00558   0.00135   0.0004  0.6985  0.7488  -0.4446   0.0000   0.0000   0.0000   0.2287
   0.750   0.0799   0.00565   0.00139   0.0013  0.6458  0.7965  -0.5148   0.0000   0.0000   0.0000   0.2284
   1.000   0.1066   0.00569   0.00143   0.0018  0.6190  0.8186  -0.5549   0.0000   0.0000   0.0000   0.2284
   1.250   0.1332   0.00577   0.00147   0.0022  0.5919  0.8399  -0.5990   0.0000   0.0000   0.0000   0.2283
   1.500   0.1597   0.00585   0.00153   0.0027  0.5646  0.8594  -0.6471   0.0000   0.0000   0.0000   0.2279
   1.750   0.1862   0.00596   0.00159   0.0032  0.5371  0.8781  -0.7001   0.0000   0.0000   0.0000   0.2277
   2.000   0.2125   0.00608   0.00167   0.0038  0.5093  0.8946  -0.7577   0.0000   0.0000   0.0000   0.2273
   2.250   0.2387   0.00622   0.00175   0.0043  0.4814  0.9102  -0.8203   0.0000   0.0000   0.0000   0.2269
   2.750   0.2912   0.00656   0.00195   0.0054  0.4249  0.9369  -0.9610   0.0000   0.0000   0.0000   0.2263
   3.000   0.3180   0.00676   0.00206   0.0058  0.3963  0.9480  -1.0391   0.0000   0.0000   0.0000   0.2264
   3.250   0.3454   0.00697   0.00217   0.0060  0.3671  0.9577  -1.1257   0.0000   0.0000   0.0000   0.2272
   3.500   0.3740   0.00722   0.00230   0.0059  0.3374  0.9660  -1.2185   0.0000   0.0000   0.0000   0.2286
   3.750   0.4039   0.00747   0.00245   0.0056  0.3075  0.9732  -1.3197   0.0000   0.0000   0.0000   0.2306
   4.000   0.4369   0.00776   0.00261   0.0044  0.2759  0.9778  -1.4328   0.0000   0.0000   0.0000   0.2342
   4.250   0.4705   0.00807   0.00278   0.0031  0.2452  0.9818  -1.5543   0.0000   0.0000   0.0000   0.2376
   4.500   0.5063   0.00840   0.00298   0.0013  0.2143  0.9843  -1.6850   0.0000   0.0000   0.0000   0.2416
   4.750   0.5407   0.00873   0.00317  -0.0003  0.1858  0.9875  -1.8241   0.0000   0.0000   0.0000   0.2445
   5.000   0.5767   0.00907   0.00338  -0.0022  0.1589  0.9894  -1.9703   0.0000   0.0000   0.0000   0.2476
   5.250   0.6113   0.00942   0.00361  -0.0038  0.1358  0.9922  -2.1197   0.0000   0.0000   0.0000   0.2499
   5.500   0.6466   0.00975   0.00385  -0.0056  0.1154  0.9942  -2.2836   0.0000   0.0000   0.0000   0.2522
   5.750   0.6819   0.01009   0.00409  -0.0074  0.0987  0.9962  -2.4510   0.0000   0.0000   0.0000   0.2542
   6.000   0.7169   0.01043   0.00436  -0.0091  0.0848  0.9981  -2.6214   0.0000   0.0000   0.0000   0.2559
   6.250   0.7522   0.01075   0.00462  -0.0109  0.0735  0.9998  -2.8005   0.0000   0.0000   0.0000   0.2574
   6.500   0.7755   0.01104   0.00486  -0.0101  0.0662  1.0000  -2.9568   0.0000   0.0000   0.0000   0.2558
   6.750   0.7966   0.01131   0.00511  -0.0089  0.0603  1.0000  -3.1090   0.0000   0.0000   0.0000   0.2536
   7.000   0.8176   0.01160   0.00539  -0.0076  0.0553  1.0000  -3.2634   0.0000   0.0000   0.0000   0.2516
   7.250   0.8384   0.01191   0.00568  -0.0063  0.0509  1.0000  -3.4194   0.0000   0.0000   0.0000   0.2495
   7.500   0.8593   0.01223   0.00598  -0.0050  0.0472  1.0000  -3.5782   0.0000   0.0000   0.0000   0.2476
   7.750   0.8804   0.01253   0.00630  -0.0037  0.0441  1.0000  -3.7393   0.0000   0.0000   0.0000   0.2457
   8.000   0.9009   0.01292   0.00667  -0.0023  0.0412  1.0000  -3.9049   0.0000   0.0000   0.0000   0.2439
   8.250   0.9225   0.01323   0.00701  -0.0012  0.0389  1.0000  -4.0869   0.0000   0.0000   0.0000   0.2422
   8.500   0.9435   0.01361   0.00738   0.0001  0.0366  1.0000  -4.2712   0.0000   0.0000   0.0000   0.2406
   8.750   0.9646   0.01401   0.00780   0.0013  0.0347  1.0000  -4.4557   0.0000   0.0000   0.0000   0.2391
   9.000   0.9863   0.01436   0.00818   0.0024  0.0330  1.0000  -4.6475   0.0000   0.0000   0.0000   0.2377
   9.250   1.0065   0.01489   0.00870   0.0036  0.0312  1.0000  -4.8336   0.0000   0.0000   0.0000   0.2362
   9.500   1.0281   0.01531   0.00917   0.0047  0.0300  1.0000  -5.0271   0.0000   0.0000   0.0000   0.2350
   9.750   1.0502   0.01572   0.00962   0.0056  0.0288  1.0000  -5.2276   0.0000   0.0000   0.0000   0.2339
  10.000   1.0718   0.01618   0.01010   0.0066  0.0275  1.0000  -5.4303   0.0000   0.0000   0.0000   0.2328
  10.250   1.0907   0.01691   0.01085   0.0078  0.0263  1.0000  -5.6164   0.0000   0.0000   0.0000   0.2314
  10.500   1.1132   0.01730   0.01130   0.0086  0.0254  1.0000  -5.8271   0.0000   0.0000   0.0000   0.2305
  10.750   1.1347   0.01778   0.01183   0.0095  0.0244  1.0000  -6.0499   0.0000   0.0000   0.0000   0.2295
  11.000   1.1555   0.01832   0.01239   0.0105  0.0236  1.0000  -6.2767   0.0000   0.0000   0.0000   0.2285
  11.250   1.1733   0.01909   0.01319   0.0118  0.0227  1.0000  -6.4872   0.0000   0.0000   0.0000   0.2272
  11.500   1.1898   0.01995   0.01412   0.0132  0.0221  1.0000  -6.6875   0.0000   0.0000   0.0000   0.2257
  11.750   1.2095   0.02052   0.01477   0.0143  0.0215  1.0000  -6.9134   0.0000   0.0000   0.0000   0.2247
  12.000   1.2278   0.02116   0.01548   0.0155  0.0209  1.0000  -7.1349   0.0000   0.0000   0.0000   0.2235
  12.250   1.2452   0.02184   0.01622   0.0167  0.0204  1.0000  -7.3549   0.0000   0.0000   0.0000   0.2223
  12.500   1.2613   0.02256   0.01699   0.0181  0.0198  1.0000  -7.5725   0.0000   0.0000   0.0000   0.2210
  12.750   1.2738   0.02336   0.01784   0.0200  0.0194  1.0000  -7.7729   0.0000   0.0000   0.0000   0.2192
  13.000   1.2799   0.02450   0.01904   0.0226  0.0189  1.0000  -7.9327   0.0000   0.0000   0.0000   0.2169
  13.250   1.2819   0.02602   0.02064   0.0253  0.0184  1.0000  -8.0600   0.0000   0.0000   0.0000   0.2144
  13.500   1.2943   0.02689   0.02162   0.0267  0.0181  1.0000  -8.2614   0.0000   0.0000   0.0000   0.2131
  13.750   1.3045   0.02798   0.02280   0.0280  0.0178  1.0000  -8.4485   0.0000   0.0000   0.0000   0.2118
  14.000   1.3127   0.02929   0.02421   0.0293  0.0175  1.0000  -8.6219   0.0000   0.0000   0.0000   0.2105
  14.250   1.3194   0.03081   0.02583   0.0303  0.0172  1.0000  -8.7855   0.0000   0.0000   0.0000   0.2093
  14.500   1.3250   0.03254   0.02765   0.0311  0.0169  1.0000  -8.9420   0.0000   0.0000   0.0000   0.2084
  14.750   1.3296   0.03449   0.02969   0.0315  0.0166  1.0000  -9.0914   0.0000   0.0000   0.0000   0.2077
  15.000   1.3330   0.03672   0.03202   0.0315  0.0164  1.0000  -9.2310   0.0000   0.0000   0.0000   0.2072
  15.250   1.3348   0.03929   0.03468   0.0312  0.0161  1.0000  -9.3577   0.0000   0.0000   0.0000   0.2069
  15.500   1.3344   0.04228   0.03777   0.0304  0.0159  1.0000  -9.4657   0.0000   0.0000   0.0000   0.2069
  15.750   1.3313   0.04580   0.04140   0.0292  0.0157  1.0000  -9.5475   0.0000   0.0000   0.0000   0.2072
  16.000   1.3246   0.04994   0.04565   0.0275  0.0156  1.0000  -9.5956   0.0000   0.0000   0.0000   0.2078
  16.250   1.3142   0.05474   0.05057   0.0254  0.0154  1.0000  -9.6116   0.0000   0.0000   0.0000   0.2086
  16.500   1.3002   0.06017   0.05612   0.0229  0.0153  1.0000  -9.5923   0.0000   0.0000   0.0000   0.2097
  16.750   1.2829   0.06617   0.06226   0.0201  0.0152  1.0000  -9.5366   0.0000   0.0000   0.0000   0.2111
  17.000   1.2628   0.07269   0.06893   0.0170  0.0150  1.0000  -9.4466   0.0000   0.0000   0.0000   0.2127
  17.250   1.2479   0.07881   0.07517   0.0139  0.0150  1.0000  -9.3978   0.0000   0.0000   0.0000   0.2145
  17.500   1.2333   0.08502   0.08151   0.0106  0.0150  1.0000  -9.3459   0.0000   0.0000   0.0000   0.2164
  17.750   1.2175   0.09159   0.08821   0.0072  0.0149  1.0000  -9.2743   0.0000   0.0000   0.0000   0.2186
  18.000   1.2006   0.09848   0.09522   0.0035  0.0149  1.0000  -9.1825   0.0000   0.0000   0.0000   0.2210
  18.250   1.1827   0.10566   0.10253  -0.0003  0.0148  1.0000  -9.0700   0.0000   0.0000   0.0000   0.2236
  18.500   1.1641   0.11316   0.11015  -0.0043  0.0148  1.0000  -8.9380   0.0000   0.0000   0.0000   0.2266
  18.750   1.1446   0.12099   0.11810  -0.0086  0.0148  1.0000  -8.7822   0.0000   0.0000   0.0000   0.2299
  19.000   1.1239   0.12922   0.12647  -0.0131  0.0147  1.0000  -8.5960   0.0000   0.0000   0.0000   0.2336
  19.250   1.1016   0.13811   0.13548  -0.0182  0.0147  1.0000  -8.3673   0.0000   0.0000   0.0000   0.2380
  19.500   1.0754   0.14818   0.14569  -0.0240  0.0147  1.0000  -8.0581   0.0000   0.0000   0.0000   0.2434
  19.750   1.0368   0.16170   0.15939  -0.0320  0.0147  1.0000  -7.5255   0.0000   0.0000   0.0000   0.2518


