xflr5 v6.61

 Calculated polar for: NACA 0012

 1 1 Reynolds number fixed          Mach number fixed         

 xtrf =   1.000 (top)        1.000 (bottom)
 Mach =   0.000     Re =     0.740 e 6     Ncrit =   9.000

  alpha     CL        CD       CDp       Cm    Top Xtr Bot Xtr   Cpmin    Chinge    XCp    
 ------- -------- --------- --------- -------- ------- ------- -------- --------- ---------
 -10.000  -1.0678   0.01664   0.01049  -0.0072  1.0000  0.0284  -5.3983   0.0000   0.0000   0.0000   0.2322
  -9.750  -1.0460   0.01619   0.01001  -0.0063  1.0000  0.0296  -5.1972   0.0000   0.0000   0.0000   0.2332
  -9.500  -1.0237   0.01580   0.00957  -0.0054  1.0000  0.0307  -4.9978   0.0000   0.0000   0.0000   0.2343
  -9.250  -1.0044   0.01515   0.00891  -0.0040  1.0000  0.0323  -4.8170   0.0000   0.0000   0.0000   0.2358
  -9.000  -0.9829   0.01474   0.00848  -0.0029  1.0000  0.0339  -4.6242   0.0000   0.0000   0.0000   0.2371
  -8.750  -0.9609   0.01442   0.00810  -0.0019  1.0000  0.0355  -4.4327   0.0000   0.0000   0.0000   0.2384
  -8.500  -0.9411   0.01390   0.00760  -0.0005  1.0000  0.0377  -4.2541   0.0000   0.0000   0.0000   0.2401
  -8.250  -0.9194   0.01358   0.00726   0.0006  1.0000  0.0400  -4.0681   0.0000   0.0000   0.0000   0.2416
  -8.000  -0.8988   0.01316   0.00684   0.0019  1.0000  0.0426  -3.8919   0.0000   0.0000   0.0000   0.2434
  -7.750  -0.8776   0.01284   0.00650   0.0032  1.0000  0.0454  -3.7242   0.0000   0.0000   0.0000   0.2451
  -7.500  -0.8570   0.01246   0.00614   0.0045  1.0000  0.0486  -3.5661   0.0000   0.0000   0.0000   0.2470
  -7.250  -0.8357   0.01218   0.00585   0.0058  1.0000  0.0523  -3.4064   0.0000   0.0000   0.0000   0.2489
  -7.000  -0.8151   0.01184   0.00554   0.0071  1.0000  0.0570  -3.2514   0.0000   0.0000   0.0000   0.2510
  -6.750  -0.7943   0.01153   0.00525   0.0084  1.0000  0.0623  -3.0983   0.0000   0.0000   0.0000   0.2531
  -6.500  -0.7733   0.01124   0.00498   0.0097  1.0000  0.0683  -2.9471   0.0000   0.0000   0.0000   0.2552
  -6.250  -0.7521   0.01096   0.00474   0.0109  1.0000  0.0758  -2.7977   0.0000   0.0000   0.0000   0.2574
  -6.000  -0.7252   0.01067   0.00450   0.0109  0.9993  0.0859  -2.6422   0.0000   0.0000   0.0000   0.2582
  -5.750  -0.6896   0.01033   0.00423   0.0090  0.9976  0.1001  -2.4701   0.0000   0.0000   0.0000   0.2564
  -5.500  -0.6544   0.00998   0.00398   0.0073  0.9954  0.1173  -2.3026   0.0000   0.0000   0.0000   0.2546
  -5.250  -0.6187   0.00962   0.00374   0.0054  0.9934  0.1386  -2.1375   0.0000   0.0000   0.0000   0.2524
  -5.000  -0.5838   0.00928   0.00350   0.0037  0.9907  0.1625  -1.9859   0.0000   0.0000   0.0000   0.2501
  -4.750  -0.5482   0.00893   0.00329   0.0018  0.9883  0.1901  -1.8403   0.0000   0.0000   0.0000   0.2473
  -4.500  -0.5127   0.00859   0.00309   0.0000  0.9857  0.2196  -1.6984   0.0000   0.0000   0.0000   0.2441
  -4.250  -0.4774   0.00826   0.00290  -0.0017  0.9826  0.2509  -1.5676   0.0000   0.0000   0.0000   0.2406
  -4.000  -0.4407   0.00794   0.00272  -0.0037  0.9804  0.2839  -1.4398   0.0000   0.0000   0.0000   0.2358
  -3.750  -0.4083   0.00765   0.00256  -0.0048  0.9751  0.3153  -1.3273   0.0000   0.0000   0.0000   0.2327
  -3.500  -0.3763   0.00738   0.00241  -0.0056  0.9694  0.3469  -1.2222   0.0000   0.0000   0.0000   0.2295
  -3.250  -0.3458   0.00713   0.00227  -0.0061  0.9626  0.3774  -1.1262   0.0000   0.0000   0.0000   0.2268
  -3.000  -0.3174   0.00690   0.00215  -0.0061  0.9537  0.4072  -1.0382   0.0000   0.0000   0.0000   0.2253
  -2.750  -0.2904   0.00669   0.00204  -0.0058  0.9430  0.4363  -0.9598   0.0000   0.0000   0.0000   0.2248
  -2.500  -0.2639   0.00651   0.00194  -0.0053  0.9308  0.4649  -0.8867   0.0000   0.0000   0.0000   0.2248
  -2.250  -0.2377   0.00634   0.00184  -0.0047  0.9174  0.4931  -0.8190   0.0000   0.0000   0.0000   0.2250
  -2.000  -0.2115   0.00619   0.00176  -0.0042  0.9030  0.5213  -0.7566   0.0000   0.0000   0.0000   0.2253
  -1.750  -0.1852   0.00606   0.00168  -0.0036  0.8866  0.5492  -0.6992   0.0000   0.0000   0.0000   0.2256
  -1.500  -0.1590   0.00594   0.00161  -0.0030  0.8688  0.5767  -0.6464   0.0000   0.0000   0.0000   0.2260
  -1.250  -0.1325   0.00585   0.00155  -0.0025  0.8499  0.6042  -0.5984   0.0000   0.0000   0.0000   0.2262
  -1.000  -0.1061   0.00578   0.00151  -0.0020  0.8293  0.6314  -0.5545   0.0000   0.0000   0.0000   0.2264
  -0.750  -0.0795   0.00572   0.00147  -0.0015  0.8075  0.6584  -0.5146   0.0000   0.0000   0.0000   0.2263
  -0.500  -0.0531   0.00568   0.00144  -0.0010  0.7848  0.6848  -0.4781   0.0000   0.0000   0.0000   0.2267
  -0.250  -0.0266   0.00566   0.00142  -0.0005  0.7607  0.7106  -0.4446   0.0000   0.0000   0.0000   0.2272
   0.000  -0.0000   0.00565   0.00142   0.0000  0.7359  0.7359  -0.4136   0.0000   0.0000   0.0000   0.4857
   0.250   0.0266   0.00566   0.00142   0.0005  0.7106  0.7607  -0.4446   0.0000   0.0000   0.0000   0.2272
   0.500   0.0531   0.00568   0.00144   0.0010  0.6848  0.7848  -0.4781   0.0000   0.0000   0.0000   0.2267
   0.750   0.0795   0.00572   0.00147   0.0015  0.6584  0.8075  -0.5146   0.0000   0.0000   0.0000   0.2263
   1.000   0.1061   0.00578   0.00151   0.0020  0.6314  0.8293  -0.5545   0.0000   0.0000   0.0000   0.2264
   1.250   0.1325   0.00585   0.00155   0.0025  0.6042  0.8499  -0.5984   0.0000   0.0000   0.0000   0.2262
   1.500   0.1590   0.00594   0.00161   0.0030  0.5768  0.8688  -0.6464   0.0000   0.0000   0.0000   0.2260
   1.750   0.1853   0.00606   0.00168   0.0036  0.5492  0.8866  -0.6992   0.0000   0.0000   0.0000   0.2256
   2.000   0.2115   0.00619   0.00176   0.0042  0.5213  0.9030  -0.7566   0.0000   0.0000   0.0000   0.2253
   2.250   0.2377   0.00634   0.00184   0.0047  0.4932  0.9174  -0.8190   0.0000   0.0000   0.0000   0.2250
   2.500   0.2639   0.00651   0.00194   0.0053  0.4649  0.9308  -0.8867   0.0000   0.0000   0.0000   0.2248
   2.750   0.2904   0.00669   0.00204   0.0058  0.4363  0.9430  -0.9598   0.0000   0.0000   0.0000   0.2248
   3.000   0.3174   0.00690   0.00215   0.0061  0.4072  0.9537  -1.0382   0.0000   0.0000   0.0000   0.2253
   3.250   0.3458   0.00713   0.00227   0.0061  0.3774  0.9626  -1.1262   0.0000   0.0000   0.0000   0.2268
   3.500   0.3763   0.00738   0.00241   0.0056  0.3469  0.9694  -1.2222   0.0000   0.0000   0.0000   0.2295
   3.750   0.4083   0.00765   0.00256   0.0048  0.3153  0.9751  -1.3273   0.0000   0.0000   0.0000   0.2327
   4.000   0.4407   0.00794   0.00272   0.0037  0.2839  0.9804  -1.4398   0.0000   0.0000   0.0000   0.2358
   4.250   0.4774   0.00826   0.00290   0.0017  0.2509  0.9826  -1.5676   0.0000   0.0000   0.0000   0.2406
   4.500   0.5127   0.00859   0.00309  -0.0000  0.2196  0.9858  -1.6984   0.0000   0.0000   0.0000   0.2441
   4.750   0.5482   0.00893   0.00329  -0.0018  0.1901  0.9883  -1.8404   0.0000   0.0000   0.0000   0.2473
   5.000   0.5838   0.00928   0.00350  -0.0037  0.1624  0.9907  -1.9860   0.0000   0.0000   0.0000   0.2501
   5.250   0.6187   0.00962   0.00374  -0.0054  0.1386  0.9934  -2.1375   0.0000   0.0000   0.0000   0.2524
   5.750   0.6897   0.01032   0.00423  -0.0090  0.1001  0.9976  -2.4702   0.0000   0.0000   0.0000   0.2565
   6.000   0.7252   0.01067   0.00449  -0.0109  0.0859  0.9993  -2.6423   0.0000   0.0000   0.0000   0.2582
   6.250   0.7521   0.01096   0.00474  -0.0109  0.0758  1.0000  -2.7974   0.0000   0.0000   0.0000   0.2574
   6.500   0.7732   0.01124   0.00498  -0.0096  0.0684  1.0000  -2.9469   0.0000   0.0000   0.0000   0.2552
   6.750   0.7942   0.01153   0.00525  -0.0084  0.0623  1.0000  -3.0981   0.0000   0.0000   0.0000   0.2531
   7.000   0.8150   0.01184   0.00554  -0.0071  0.0570  1.0000  -3.2511   0.0000   0.0000   0.0000   0.2509
   7.250   0.8356   0.01218   0.00585  -0.0057  0.0523  1.0000  -3.4062   0.0000   0.0000   0.0000   0.2489
   7.500   0.8569   0.01246   0.00614  -0.0045  0.0486  1.0000  -3.5659   0.0000   0.0000   0.0000   0.2470
   7.750   0.8775   0.01283   0.00650  -0.0031  0.0454  1.0000  -3.7240   0.0000   0.0000   0.0000   0.2451
   8.000   0.8988   0.01316   0.00684  -0.0019  0.0426  1.0000  -3.8917   0.0000   0.0000   0.0000   0.2434
   8.250   0.9193   0.01358   0.00726  -0.0006  0.0400  1.0000  -4.0679   0.0000   0.0000   0.0000   0.2416
   8.500   0.9410   0.01390   0.00760   0.0005  0.0377  1.0000  -4.2539   0.0000   0.0000   0.0000   0.2401
   8.750   0.9609   0.01441   0.00810   0.0019  0.0355  1.0000  -4.4326   0.0000   0.0000   0.0000   0.2384
   9.000   0.9829   0.01474   0.00848   0.0029  0.0339  1.0000  -4.6242   0.0000   0.0000   0.0000   0.2371
   9.250   1.0044   0.01515   0.00891   0.0040  0.0323  1.0000  -4.8171   0.0000   0.0000   0.0000   0.2358
   9.500   1.0237   0.01580   0.00957   0.0054  0.0307  1.0000  -4.9979   0.0000   0.0000   0.0000   0.2343
   9.750   1.0461   0.01619   0.01001   0.0063  0.0296  1.0000  -5.1973   0.0000   0.0000   0.0000   0.2332
  10.000   1.0679   0.01664   0.01049   0.0072  0.0284  1.0000  -5.3985   0.0000   0.0000   0.0000   0.2322
  10.250   1.0885   0.01720   0.01107   0.0082  0.0272  1.0000  -5.5980   0.0000   0.0000   0.0000   0.2310
  10.500   1.1074   0.01792   0.01183   0.0095  0.0261  1.0000  -5.7847   0.0000   0.0000   0.0000   0.2297
  10.750   1.1290   0.01838   0.01236   0.0103  0.0252  1.0000  -6.0057   0.0000   0.0000   0.0000   0.2288
  11.000   1.1496   0.01893   0.01295   0.0113  0.0243  1.0000  -6.2283   0.0000   0.0000   0.0000   0.2277
  11.250   1.1694   0.01951   0.01358   0.0123  0.0235  1.0000  -6.4518   0.0000   0.0000   0.0000   0.2267
  11.500   1.1858   0.02037   0.01446   0.0138  0.0227  1.0000  -6.6557   0.0000   0.0000   0.0000   0.2252
  11.750   1.2001   0.02136   0.01552   0.0155  0.0221  1.0000  -6.8437   0.0000   0.0000   0.0000   0.2236
  12.000   1.2183   0.02199   0.01624   0.0167  0.0216  1.0000  -7.0623   0.0000   0.0000   0.0000   0.2224
  12.250   1.2349   0.02271   0.01704   0.0180  0.0210  1.0000  -7.2737   0.0000   0.0000   0.0000   0.2211
  12.500   1.2492   0.02347   0.01787   0.0197  0.0205  1.0000  -7.4767   0.0000   0.0000   0.0000   0.2196
  12.750   1.2609   0.02426   0.01873   0.0217  0.0200  1.0000  -7.6700   0.0000   0.0000   0.0000   0.2177
  13.000   1.2718   0.02513   0.01966   0.0236  0.0196  1.0000  -7.8621   0.0000   0.0000   0.0000   0.2160
  13.250   1.2799   0.02624   0.02082   0.0256  0.0191  1.0000  -8.0370   0.0000   0.0000   0.0000   0.2142
  13.500   1.2805   0.02800   0.02265   0.0279  0.0187  1.0000  -8.1556   0.0000   0.0000   0.0000   0.2119
  13.750   1.2848   0.02961   0.02437   0.0294  0.0183  1.0000  -8.2967   0.0000   0.0000   0.0000   0.2103
  14.000   1.2938   0.03093   0.02580   0.0304  0.0181  1.0000  -8.4729   0.0000   0.0000   0.0000   0.2093
  14.250   1.3004   0.03256   0.02754   0.0312  0.0178  1.0000  -8.6306   0.0000   0.0000   0.0000   0.2083
  14.500   1.3051   0.03448   0.02958   0.0317  0.0175  1.0000  -8.7746   0.0000   0.0000   0.0000   0.2075
  14.750   1.3085   0.03668   0.03189   0.0319  0.0172  1.0000  -8.9080   0.0000   0.0000   0.0000   0.2069
  15.000   1.3106   0.03918   0.03450   0.0316  0.0170  1.0000  -9.0311   0.0000   0.0000   0.0000   0.2066
  15.250   1.3113   0.04199   0.03742   0.0310  0.0167  1.0000  -9.1427   0.0000   0.0000   0.0000   0.2066
  15.500   1.3107   0.04515   0.04069   0.0300  0.0165  1.0000  -9.2417   0.0000   0.0000   0.0000   0.2068
  15.750   1.3082   0.04868   0.04433   0.0286  0.0164  1.0000  -9.3242   0.0000   0.0000   0.0000   0.2072
  16.000   1.3039   0.05264   0.04840   0.0269  0.0162  1.0000  -9.3885   0.0000   0.0000   0.0000   0.2079
  16.250   1.2973   0.05701   0.05289   0.0248  0.0160  1.0000  -9.4362   0.0000   0.0000   0.0000   0.2088
  16.500   1.2884   0.06183   0.05782   0.0225  0.0159  1.0000  -9.4634   0.0000   0.0000   0.0000   0.2099
  16.750   1.2772   0.06709   0.06319   0.0198  0.0158  1.0000  -9.4645   0.0000   0.0000   0.0000   0.2112
  17.000   1.2639   0.07275   0.06897   0.0170  0.0157  1.0000  -9.4408   0.0000   0.0000   0.0000   0.2127
  17.250   1.2489   0.07883   0.07516   0.0139  0.0156  1.0000  -9.3946   0.0000   0.0000   0.0000   0.2144
  17.500   1.2325   0.08522   0.08167   0.0107  0.0155  1.0000  -9.3270   0.0000   0.0000   0.0000   0.2164
  17.750   1.2152   0.09194   0.08850   0.0072  0.0155  1.0000  -9.2411   0.0000   0.0000   0.0000   0.2185
  18.000   1.1970   0.09895   0.09563   0.0036  0.0154  1.0000  -9.1359   0.0000   0.0000   0.0000   0.2209
  18.250   1.1778   0.10625   0.10305  -0.0002  0.0153  1.0000  -9.0098   0.0000   0.0000   0.0000   0.2236
  18.500   1.1577   0.11395   0.11087  -0.0044  0.0152  1.0000  -8.8592   0.0000   0.0000   0.0000   0.2266
  18.750   1.1361   0.12211   0.11916  -0.0088  0.0152  1.0000  -8.6759   0.0000   0.0000   0.0000   0.2301
  19.000   1.1127   0.13090   0.12809  -0.0137  0.0151  1.0000  -8.4518   0.0000   0.0000   0.0000   0.2342
  19.250   1.0872   0.14058   0.13790  -0.0192  0.0151  1.0000  -8.1726   0.0000   0.0000   0.0000   0.2392
  19.500   1.0577   0.15158   0.14906  -0.0257  0.0151  1.0000  -7.8063   0.0000   0.0000   0.0000   0.2455
  19.750   1.0144   0.16692   0.16461  -0.0349  0.0151  1.0000  -7.1696   0.0000   0.0000   0.0000   0.2556


