xflr5 v6.61

 Calculated polar for: NACA 0012

 1 1 Reynolds number fixed          Mach number fixed         

 xtrf =   1.000 (top)        1.000 (bottom)
 Mach =   0.000     Re =     0.600 e 6     Ncrit =   9.000

  alpha     CL        CD       CDp       Cm    Top Xtr Bot Xtr   Cpmin    Chinge    XCp    
 ------- -------- --------- --------- -------- ------- ------- -------- --------- ---------
 -10.000  -1.0538   0.01820   0.01181  -0.0092  1.0000  0.0307  -5.2969   0.0000   0.0000   0.0000   0.2301
  -9.750  -1.0363   0.01736   0.01095  -0.0078  1.0000  0.0320  -5.1250   0.0000   0.0000   0.0000   0.2317
  -9.500  -1.0155   0.01683   0.01040  -0.0067  1.0000  0.0334  -4.9333   0.0000   0.0000   0.0000   0.2329
  -9.250  -0.9940   0.01638   0.00990  -0.0057  1.0000  0.0350  -4.7430   0.0000   0.0000   0.0000   0.2341
  -9.000  -0.9741   0.01579   0.00928  -0.0044  1.0000  0.0367  -4.5646   0.0000   0.0000   0.0000   0.2356
  -8.750  -0.9533   0.01533   0.00881  -0.0033  1.0000  0.0387  -4.3785   0.0000   0.0000   0.0000   0.2370
  -8.500  -0.9313   0.01500   0.00843  -0.0022  1.0000  0.0408  -4.1926   0.0000   0.0000   0.0000   0.2383
  -8.250  -0.9122   0.01441   0.00787  -0.0007  1.0000  0.0433  -4.0221   0.0000   0.0000   0.0000   0.2402
  -8.000  -0.8906   0.01408   0.00749   0.0004  1.0000  0.0459  -3.8432   0.0000   0.0000   0.0000   0.2417
  -7.750  -0.8708   0.01359   0.00703   0.0018  1.0000  0.0491  -3.6860   0.0000   0.0000   0.0000   0.2436
  -7.500  -0.8497   0.01325   0.00667   0.0031  1.0000  0.0527  -3.5275   0.0000   0.0000   0.0000   0.2454
  -7.250  -0.8290   0.01288   0.00631   0.0044  1.0000  0.0570  -3.3717   0.0000   0.0000   0.0000   0.2473
  -7.000  -0.8086   0.01250   0.00596   0.0058  1.0000  0.0619  -3.2194   0.0000   0.0000   0.0000   0.2494
  -6.750  -0.7878   0.01216   0.00563   0.0071  1.0000  0.0675  -3.0686   0.0000   0.0000   0.0000   0.2515
  -6.500  -0.7670   0.01183   0.00534   0.0084  1.0000  0.0745  -2.9193   0.0000   0.0000   0.0000   0.2536
  -6.250  -0.7461   0.01152   0.00506   0.0096  1.0000  0.0831  -2.7719   0.0000   0.0000   0.0000   0.2559
  -6.000  -0.7250   0.01122   0.00481   0.0108  1.0000  0.0933  -2.6354   0.0000   0.0000   0.0000   0.2581
  -5.750  -0.7039   0.01091   0.00456   0.0120  1.0000  0.1057  -2.5032   0.0000   0.0000   0.0000   0.2605
  -5.500  -0.6784   0.01059   0.00433   0.0122  0.9994  0.1220  -2.3613   0.0000   0.0000   0.0000   0.2616
  -5.000  -0.6059   0.00986   0.00385   0.0082  0.9948  0.1713  -2.0346   0.0000   0.0000   0.0000   0.2574
  -4.750  -0.5694   0.00951   0.00363   0.0061  0.9925  0.2011  -1.8861   0.0000   0.0000   0.0000   0.2548
  -4.500  -0.5337   0.00915   0.00343   0.0042  0.9892  0.2330  -1.7429   0.0000   0.0000   0.0000   0.2521
  -4.250  -0.4963   0.00882   0.00324   0.0020  0.9870  0.2672  -1.6041   0.0000   0.0000   0.0000   0.2484
  -4.000  -0.4613   0.00849   0.00306   0.0003  0.9829  0.3009  -1.4789   0.0000   0.0000   0.0000   0.2452
  -3.750  -0.4234   0.00819   0.00290  -0.0019  0.9806  0.3362  -1.3532   0.0000   0.0000   0.0000   0.2399
  -3.500  -0.3885   0.00789   0.00274  -0.0035  0.9760  0.3701  -1.2428   0.0000   0.0000   0.0000   0.2356
  -3.250  -0.3530   0.00762   0.00260  -0.0051  0.9719  0.4036  -1.1373   0.0000   0.0000   0.0000   0.2301
  -3.000  -0.3212   0.00736   0.00246  -0.0059  0.9651  0.4355  -1.0438   0.0000   0.0000   0.0000   0.2263
  -2.750  -0.2912   0.00713   0.00234  -0.0062  0.9567  0.4663  -0.9609   0.0000   0.0000   0.0000   0.2233
  -2.500  -0.2627   0.00692   0.00223  -0.0062  0.9470  0.4963  -0.8851   0.0000   0.0000   0.0000   0.2213
  -2.250  -0.2353   0.00673   0.00213  -0.0058  0.9359  0.5254  -0.8163   0.0000   0.0000   0.0000   0.2200
  -2.000  -0.2090   0.00656   0.00204  -0.0053  0.9228  0.5540  -0.7539   0.0000   0.0000   0.0000   0.2197
  -1.750  -0.1829   0.00640   0.00195  -0.0046  0.9081  0.5821  -0.6969   0.0000   0.0000   0.0000   0.2198
  -1.500  -0.1569   0.00626   0.00188  -0.0039  0.8924  0.6099  -0.6445   0.0000   0.0000   0.0000   0.2201
  -1.250  -0.1309   0.00615   0.00182  -0.0032  0.8751  0.6374  -0.5971   0.0000   0.0000   0.0000   0.2203
  -1.000  -0.1048   0.00605   0.00176  -0.0026  0.8562  0.6644  -0.5535   0.0000   0.0000   0.0000   0.2206
  -0.750  -0.0786   0.00598   0.00172  -0.0019  0.8360  0.6912  -0.5140   0.0000   0.0000   0.0000   0.2206
  -0.500  -0.0524   0.00594   0.00169  -0.0013  0.8146  0.7175  -0.4777   0.0000   0.0000   0.0000   0.2208
  -0.250  -0.0262   0.00590   0.00167  -0.0006  0.7915  0.7431  -0.4443   0.0000   0.0000   0.0000   0.2205
   0.000  -0.0000   0.00589   0.00167   0.0000  0.7678  0.7678  -0.4137   0.0000   0.0000   0.0000   0.4984
   0.250   0.0262   0.00590   0.00167   0.0006  0.7431  0.7915  -0.4443   0.0000   0.0000   0.0000   0.2205
   0.500   0.0524   0.00594   0.00169   0.0013  0.7175  0.8146  -0.4777   0.0000   0.0000   0.0000   0.2208
   0.750   0.0786   0.00598   0.00172   0.0019  0.6912  0.8360  -0.5140   0.0000   0.0000   0.0000   0.2206
   1.000   0.1048   0.00605   0.00176   0.0026  0.6644  0.8562  -0.5535   0.0000   0.0000   0.0000   0.2206
   1.250   0.1309   0.00615   0.00182   0.0032  0.6374  0.8751  -0.5971   0.0000   0.0000   0.0000   0.2203
   1.500   0.1569   0.00626   0.00188   0.0039  0.6099  0.8924  -0.6445   0.0000   0.0000   0.0000   0.2201
   1.750   0.1829   0.00640   0.00195   0.0046  0.5821  0.9081  -0.6969   0.0000   0.0000   0.0000   0.2198
   2.000   0.2090   0.00656   0.00204   0.0053  0.5540  0.9228  -0.7539   0.0000   0.0000   0.0000   0.2197
   2.250   0.2353   0.00673   0.00213   0.0058  0.5254  0.9359  -0.8163   0.0000   0.0000   0.0000   0.2200
   2.500   0.2627   0.00692   0.00223   0.0062  0.4963  0.9470  -0.8851   0.0000   0.0000   0.0000   0.2213
   2.750   0.2912   0.00713   0.00234   0.0062  0.4663  0.9568  -0.9609   0.0000   0.0000   0.0000   0.2233
   3.000   0.3212   0.00736   0.00246   0.0059  0.4355  0.9651  -1.0438   0.0000   0.0000   0.0000   0.2263
   3.250   0.3530   0.00762   0.00260   0.0051  0.4037  0.9720  -1.1373   0.0000   0.0000   0.0000   0.2301
   3.500   0.3885   0.00789   0.00274   0.0035  0.3701  0.9760  -1.2428   0.0000   0.0000   0.0000   0.2356
   3.750   0.4234   0.00819   0.00290   0.0019  0.3362  0.9806  -1.3533   0.0000   0.0000   0.0000   0.2399
   4.000   0.4613   0.00849   0.00306  -0.0004  0.3009  0.9830  -1.4789   0.0000   0.0000   0.0000   0.2452
   4.250   0.4963   0.00881   0.00324  -0.0020  0.2672  0.9871  -1.6041   0.0000   0.0000   0.0000   0.2484
   4.500   0.5337   0.00915   0.00343  -0.0042  0.2330  0.9893  -1.7429   0.0000   0.0000   0.0000   0.2521
   4.750   0.5694   0.00950   0.00363  -0.0061  0.2011  0.9925  -1.8861   0.0000   0.0000   0.0000   0.2548
   5.000   0.6060   0.00986   0.00385  -0.0082  0.1713  0.9948  -2.0347   0.0000   0.0000   0.0000   0.2575
   5.250   0.6419   0.01024   0.00409  -0.0102  0.1447  0.9974  -2.1934   0.0000   0.0000   0.0000   0.2596
   5.750   0.7038   0.01091   0.00456  -0.0120  0.1057  1.0000  -2.5030   0.0000   0.0000   0.0000   0.2604
   6.000   0.7249   0.01122   0.00481  -0.0108  0.0933  1.0000  -2.6352   0.0000   0.0000   0.0000   0.2581
   6.250   0.7460   0.01152   0.00506  -0.0096  0.0831  1.0000  -2.7716   0.0000   0.0000   0.0000   0.2558
   6.500   0.7670   0.01183   0.00533  -0.0084  0.0745  1.0000  -2.9191   0.0000   0.0000   0.0000   0.2536
   6.750   0.7878   0.01216   0.00563  -0.0071  0.0676  1.0000  -3.0684   0.0000   0.0000   0.0000   0.2515
   7.000   0.8085   0.01250   0.00596  -0.0058  0.0619  1.0000  -3.2192   0.0000   0.0000   0.0000   0.2494
   7.250   0.8290   0.01288   0.00631  -0.0044  0.0570  1.0000  -3.3715   0.0000   0.0000   0.0000   0.2473
   7.500   0.8496   0.01325   0.00667  -0.0031  0.0527  1.0000  -3.5273   0.0000   0.0000   0.0000   0.2454
   7.750   0.8707   0.01359   0.00703  -0.0018  0.0491  1.0000  -3.6858   0.0000   0.0000   0.0000   0.2436
   8.000   0.8906   0.01408   0.00749  -0.0004  0.0459  1.0000  -3.8431   0.0000   0.0000   0.0000   0.2417
   8.250   0.9122   0.01441   0.00787   0.0007  0.0433  1.0000  -4.0220   0.0000   0.0000   0.0000   0.2402
   8.500   0.9313   0.01500   0.00842   0.0022  0.0408  1.0000  -4.1926   0.0000   0.0000   0.0000   0.2383
   8.750   0.9533   0.01533   0.00881   0.0033  0.0387  1.0000  -4.3785   0.0000   0.0000   0.0000   0.2370
   9.000   0.9741   0.01578   0.00927   0.0044  0.0367  1.0000  -4.5646   0.0000   0.0000   0.0000   0.2356
   9.250   0.9940   0.01638   0.00990   0.0057  0.0350  1.0000  -4.7431   0.0000   0.0000   0.0000   0.2341
   9.500   1.0156   0.01683   0.01040   0.0067  0.0334  1.0000  -4.9335   0.0000   0.0000   0.0000   0.2329
   9.750   1.0363   0.01736   0.01095   0.0078  0.0320  1.0000  -5.1252   0.0000   0.0000   0.0000   0.2317
  10.000   1.0539   0.01820   0.01181   0.0092  0.0307  1.0000  -5.2972   0.0000   0.0000   0.0000   0.2301
  10.250   1.0753   0.01870   0.01239   0.0102  0.0296  1.0000  -5.4915   0.0000   0.0000   0.0000   0.2291
  10.500   1.0959   0.01924   0.01298   0.0112  0.0284  1.0000  -5.6881   0.0000   0.0000   0.0000   0.2280
  10.750   1.1155   0.01985   0.01361   0.0122  0.0274  1.0000  -5.8996   0.0000   0.0000   0.0000   0.2269
  11.000   1.1297   0.02094   0.01472   0.0140  0.0263  1.0000  -6.0789   0.0000   0.0000   0.0000   0.2252
  11.250   1.1494   0.02151   0.01540   0.0150  0.0256  1.0000  -6.2928   0.0000   0.0000   0.0000   0.2241
  11.500   1.1672   0.02222   0.01618   0.0163  0.0249  1.0000  -6.4992   0.0000   0.0000   0.0000   0.2229
  11.750   1.1840   0.02296   0.01699   0.0176  0.0241  1.0000  -6.7047   0.0000   0.0000   0.0000   0.2216
  12.000   1.1995   0.02374   0.01782   0.0191  0.0235  1.0000  -6.9079   0.0000   0.0000   0.0000   0.2202
  12.250   1.2104   0.02469   0.01881   0.0211  0.0229  1.0000  -7.0883   0.0000   0.0000   0.0000   0.2183
  12.500   1.2128   0.02625   0.02043   0.0241  0.0223  1.0000  -7.2089   0.0000   0.0000   0.0000   0.2155
  12.750   1.2232   0.02726   0.02155   0.0259  0.0220  1.0000  -7.3809   0.0000   0.0000   0.0000   0.2138
  13.000   1.2330   0.02834   0.02275   0.0276  0.0216  1.0000  -7.5508   0.0000   0.0000   0.0000   0.2122
  13.250   1.2415   0.02959   0.02412   0.0291  0.0212  1.0000  -7.7124   0.0000   0.0000   0.0000   0.2107
  13.500   1.2491   0.03097   0.02560   0.0304  0.0207  1.0000  -7.8716   0.0000   0.0000   0.0000   0.2094
  13.750   1.2561   0.03247   0.02719   0.0314  0.0203  1.0000  -8.0300   0.0000   0.0000   0.0000   0.2082
  14.000   1.2624   0.03412   0.02892   0.0321  0.0199  1.0000  -8.1862   0.0000   0.0000   0.0000   0.2073
  14.250   1.2675   0.03599   0.03087   0.0325  0.0195  1.0000  -8.3352   0.0000   0.0000   0.0000   0.2066
  14.500   1.2704   0.03822   0.03317   0.0327  0.0192  1.0000  -8.4671   0.0000   0.0000   0.0000   0.2060
  14.750   1.2693   0.04102   0.03607   0.0325  0.0189  1.0000  -8.5632   0.0000   0.0000   0.0000   0.2056
  15.000   1.2623   0.04465   0.03982   0.0321  0.0186  1.0000  -8.6032   0.0000   0.0000   0.0000   0.2052
  15.250   1.2567   0.04835   0.04367   0.0312  0.0184  1.0000  -8.6480   0.0000   0.0000   0.0000   0.2053
  15.500   1.2542   0.05192   0.04739   0.0298  0.0183  1.0000  -8.7175   0.0000   0.0000   0.0000   0.2059
  15.750   1.2492   0.05594   0.05155   0.0280  0.0181  1.0000  -8.7643   0.0000   0.0000   0.0000   0.2066
  16.000   1.2421   0.06042   0.05618   0.0258  0.0180  1.0000  -8.7888   0.0000   0.0000   0.0000   0.2077
  16.250   1.2326   0.06534   0.06126   0.0233  0.0179  1.0000  -8.7926   0.0000   0.0000   0.0000   0.2089
  16.500   1.2209   0.07073   0.06680   0.0206  0.0177  1.0000  -8.7780   0.0000   0.0000   0.0000   0.2104
  16.750   1.2074   0.07661   0.07282   0.0174  0.0176  1.0000  -8.7401   0.0000   0.0000   0.0000   0.2123
  17.000   1.1918   0.08299   0.07935   0.0140  0.0176  1.0000  -8.6750   0.0000   0.0000   0.0000   0.2144
  17.250   1.1745   0.08989   0.08640   0.0101  0.0175  1.0000  -8.5832   0.0000   0.0000   0.0000   0.2170
  17.500   1.1549   0.09739   0.09405   0.0060  0.0174  1.0000  -8.4585   0.0000   0.0000   0.0000   0.2199
  17.750   1.1330   0.10555   0.10237   0.0014  0.0174  1.0000  -8.2956   0.0000   0.0000   0.0000   0.2233
  18.000   1.1078   0.11468   0.11165  -0.0038  0.0174  1.0000  -8.0790   0.0000   0.0000   0.0000   0.2275
  18.250   1.0768   0.12529   0.12244  -0.0099  0.0174  1.0000  -7.7717   0.0000   0.0000   0.0000   0.2329
  18.500   1.0285   0.14047   0.13784  -0.0188  0.0176  1.0000  -7.2031   0.0000   0.0000   0.0000   0.2418


