xflr5 v6.61

 Calculated polar for: NACA 0012

 1 1 Reynolds number fixed          Mach number fixed         

 xtrf =   1.000 (top)        1.000 (bottom)
 Mach =   0.000     Re =     0.380 e 6     Ncrit =   9.000

  alpha     CL        CD       CDp       Cm    Top Xtr Bot Xtr   Cpmin    Chinge    XCp    
 ------- -------- --------- --------- -------- ------- ------- -------- --------- ---------
 -10.000  -1.0291   0.02152   0.01459  -0.0130  1.0000  0.0372  -5.0876   0.0000   0.0000   0.0000   0.2263
  -9.750  -1.0098   0.02084   0.01387  -0.0118  1.0000  0.0388  -4.9103   0.0000   0.0000   0.0000   0.2275
  -9.500  -0.9890   0.02027   0.01318  -0.0108  1.0000  0.0406  -4.7339   0.0000   0.0000   0.0000   0.2286
  -9.250  -0.9717   0.01934   0.01228  -0.0093  1.0000  0.0425  -4.5700   0.0000   0.0000   0.0000   0.2302
  -9.000  -0.9514   0.01875   0.01166  -0.0082  1.0000  0.0447  -4.3940   0.0000   0.0000   0.0000   0.2315
  -8.750  -0.9320   0.01806   0.01091  -0.0069  1.0000  0.0469  -4.2299   0.0000   0.0000   0.0000   0.2330
  -8.500  -0.9127   0.01741   0.01028  -0.0055  1.0000  0.0493  -4.0611   0.0000   0.0000   0.0000   0.2346
  -8.250  -0.8921   0.01690   0.00971  -0.0043  1.0000  0.0523  -3.8928   0.0000   0.0000   0.0000   0.2362
  -8.000  -0.8732   0.01629   0.00913  -0.0028  1.0000  0.0556  -3.7302   0.0000   0.0000   0.0000   0.2380
  -7.750  -0.8536   0.01574   0.00856  -0.0014  1.0000  0.0594  -3.5830   0.0000   0.0000   0.0000   0.2398
  -7.500  -0.8331   0.01529   0.00809  -0.0001  1.0000  0.0638  -3.4325   0.0000   0.0000   0.0000   0.2416
  -7.250  -0.8137   0.01475   0.00759   0.0014  1.0000  0.0688  -3.2869   0.0000   0.0000   0.0000   0.2437
  -7.000  -0.7937   0.01427   0.00714   0.0028  1.0000  0.0749  -3.1412   0.0000   0.0000   0.0000   0.2457
  -6.750  -0.7736   0.01382   0.00671   0.0041  1.0000  0.0822  -2.9966   0.0000   0.0000   0.0000   0.2478
  -6.500  -0.7533   0.01340   0.00631   0.0055  1.0000  0.0910  -2.8535   0.0000   0.0000   0.0000   0.2500
  -6.250  -0.7330   0.01298   0.00594   0.0068  1.0000  0.1019  -2.7138   0.0000   0.0000   0.0000   0.2523
  -6.000  -0.7127   0.01256   0.00561   0.0082  1.0000  0.1154  -2.5849   0.0000   0.0000   0.0000   0.2546
  -5.750  -0.6922   0.01216   0.00529   0.0094  1.0000  0.1319  -2.4571   0.0000   0.0000   0.0000   0.2570
  -5.500  -0.6715   0.01178   0.00501   0.0106  1.0000  0.1522  -2.3299   0.0000   0.0000   0.0000   0.2594
  -5.250  -0.6505   0.01142   0.00477   0.0117  1.0000  0.1754  -2.2040   0.0000   0.0000   0.0000   0.2618
  -5.000  -0.6292   0.01108   0.00455   0.0128  1.0000  0.2020  -2.0801   0.0000   0.0000   0.0000   0.2643
  -4.750  -0.6076   0.01077   0.00437   0.0138  1.0000  0.2303  -1.9659   0.0000   0.0000   0.0000   0.2668
  -4.500  -0.5855   0.01050   0.00422   0.0147  1.0000  0.2608  -1.8524   0.0000   0.0000   0.0000   0.2694
  -4.250  -0.5572   0.01021   0.00408   0.0142  0.9989  0.2948  -1.7271   0.0000   0.0000   0.0000   0.2701
  -4.000  -0.5183   0.00989   0.00392   0.0116  0.9954  0.3345  -1.5880   0.0000   0.0000   0.0000   0.2671
  -3.750  -0.4794   0.00960   0.00379   0.0091  0.9917  0.3740  -1.4559   0.0000   0.0000   0.0000   0.2637
  -3.500  -0.4405   0.00932   0.00367   0.0066  0.9878  0.4126  -1.3316   0.0000   0.0000   0.0000   0.2597
  -3.250  -0.4026   0.00904   0.00354   0.0043  0.9830  0.4498  -1.2166   0.0000   0.0000   0.0000   0.2557
  -3.000  -0.3637   0.00879   0.00342   0.0019  0.9787  0.4867  -1.1089   0.0000   0.0000   0.0000   0.2503
  -2.750  -0.3252   0.00853   0.00331  -0.0003  0.9740  0.5226  -1.0087   0.0000   0.0000   0.0000   0.2441
  -2.250  -0.2503   0.00803   0.00307  -0.0042  0.9632  0.5904  -0.8343   0.0000   0.0000   0.0000   0.2283
  -2.000  -0.2165   0.00780   0.00296  -0.0052  0.9555  0.6219  -0.7625   0.0000   0.0000   0.0000   0.2211
  -1.750  -0.1854   0.00759   0.00286  -0.0055  0.9459  0.6519  -0.6996   0.0000   0.0000   0.0000   0.2152
  -1.500  -0.1564   0.00741   0.00277  -0.0054  0.9347  0.6806  -0.6442   0.0000   0.0000   0.0000   0.2107
  -1.250  -0.1295   0.00724   0.00270  -0.0047  0.9208  0.7081  -0.5960   0.0000   0.0000   0.0000   0.2086
  -1.000  -0.1030   0.00710   0.00264  -0.0039  0.9059  0.7348  -0.5521   0.0000   0.0000   0.0000   0.2067
  -0.750  -0.0767   0.00699   0.00258  -0.0031  0.8903  0.7607  -0.5126   0.0000   0.0000   0.0000   0.2050
  -0.500  -0.0512   0.00690   0.00255  -0.0021  0.8715  0.7857  -0.4768   0.0000   0.0000   0.0000   0.2049
  -0.250  -0.0255   0.00685   0.00252  -0.0010  0.8526  0.8090  -0.4438   0.0000   0.0000   0.0000   0.2049
   0.000   0.0000   0.00683   0.00252  -0.0000  0.8312  0.8312  -0.4135   0.0000   0.0000   0.0000   0.3218
   0.250   0.0255   0.00685   0.00252   0.0010  0.8090  0.8526  -0.4438   0.0000   0.0000   0.0000   0.2049
   0.500   0.0512   0.00690   0.00255   0.0021  0.7857  0.8715  -0.4768   0.0000   0.0000   0.0000   0.2049
   0.750   0.0767   0.00699   0.00258   0.0031  0.7607  0.8903  -0.5126   0.0000   0.0000   0.0000   0.2050
   1.000   0.1030   0.00710   0.00264   0.0039  0.7348  0.9059  -0.5521   0.0000   0.0000   0.0000   0.2067
   1.250   0.1295   0.00724   0.00270   0.0047  0.7081  0.9208  -0.5960   0.0000   0.0000   0.0000   0.2086
   1.500   0.1564   0.00741   0.00277   0.0054  0.6806  0.9347  -0.6442   0.0000   0.0000   0.0000   0.2106
   1.750   0.1854   0.00759   0.00286   0.0055  0.6519  0.9459  -0.6996   0.0000   0.0000   0.0000   0.2152
   2.000   0.2165   0.00780   0.00296   0.0052  0.6219  0.9555  -0.7624   0.0000   0.0000   0.0000   0.2211
   2.250   0.2503   0.00803   0.00307   0.0042  0.5904  0.9632  -0.8343   0.0000   0.0000   0.0000   0.2283
   2.750   0.3252   0.00853   0.00331   0.0003  0.5226  0.9740  -1.0087   0.0000   0.0000   0.0000   0.2441
   3.000   0.3637   0.00879   0.00342  -0.0019  0.4867  0.9787  -1.1089   0.0000   0.0000   0.0000   0.2503
   3.250   0.4026   0.00904   0.00354  -0.0043  0.4498  0.9830  -1.2166   0.0000   0.0000   0.0000   0.2557
   3.500   0.4405   0.00932   0.00366  -0.0066  0.4126  0.9878  -1.3316   0.0000   0.0000   0.0000   0.2597
   3.750   0.4794   0.00960   0.00379  -0.0091  0.3739  0.9918  -1.4559   0.0000   0.0000   0.0000   0.2637
   4.000   0.5183   0.00989   0.00392  -0.0116  0.3345  0.9954  -1.5880   0.0000   0.0000   0.0000   0.2671
   4.250   0.5573   0.01021   0.00408  -0.0142  0.2948  0.9989  -1.7271   0.0000   0.0000   0.0000   0.2701
   4.500   0.5854   0.01049   0.00422  -0.0146  0.2608  1.0000  -1.8522   0.0000   0.0000   0.0000   0.2694
   4.750   0.6075   0.01077   0.00436  -0.0138  0.2303  1.0000  -1.9657   0.0000   0.0000   0.0000   0.2668
   5.000   0.6291   0.01108   0.00455  -0.0128  0.2020  1.0000  -2.0799   0.0000   0.0000   0.0000   0.2643
   5.250   0.6504   0.01142   0.00476  -0.0117  0.1755  1.0000  -2.2038   0.0000   0.0000   0.0000   0.2618
   5.500   0.6714   0.01178   0.00501  -0.0106  0.1522  1.0000  -2.3297   0.0000   0.0000   0.0000   0.2594
   5.750   0.6922   0.01216   0.00529  -0.0094  0.1320  1.0000  -2.4569   0.0000   0.0000   0.0000   0.2569
   6.000   0.7127   0.01256   0.00560  -0.0081  0.1154  1.0000  -2.5847   0.0000   0.0000   0.0000   0.2546
   6.250   0.7330   0.01298   0.00594  -0.0068  0.1019  1.0000  -2.7136   0.0000   0.0000   0.0000   0.2522
   6.500   0.7533   0.01339   0.00631  -0.0055  0.0910  1.0000  -2.8533   0.0000   0.0000   0.0000   0.2500
   6.750   0.7735   0.01382   0.00671  -0.0041  0.0822  1.0000  -2.9964   0.0000   0.0000   0.0000   0.2478
   7.000   0.7937   0.01427   0.00713  -0.0027  0.0749  1.0000  -3.1410   0.0000   0.0000   0.0000   0.2457
   7.250   0.8136   0.01475   0.00759  -0.0014  0.0688  1.0000  -3.2868   0.0000   0.0000   0.0000   0.2436
   7.500   0.8331   0.01529   0.00809   0.0001  0.0638  1.0000  -3.4324   0.0000   0.0000   0.0000   0.2416
   7.750   0.8536   0.01574   0.00856   0.0014  0.0595  1.0000  -3.5829   0.0000   0.0000   0.0000   0.2398
   8.000   0.8731   0.01629   0.00913   0.0028  0.0556  1.0000  -3.7301   0.0000   0.0000   0.0000   0.2380
   8.250   0.8921   0.01690   0.00971   0.0043  0.0523  1.0000  -3.8928   0.0000   0.0000   0.0000   0.2362
   8.500   0.9128   0.01741   0.01028   0.0055  0.0493  1.0000  -4.0612   0.0000   0.0000   0.0000   0.2346
   8.750   0.9320   0.01806   0.01091   0.0069  0.0469  1.0000  -4.2299   0.0000   0.0000   0.0000   0.2330
   9.000   0.9514   0.01875   0.01166   0.0082  0.0447  1.0000  -4.3942   0.0000   0.0000   0.0000   0.2315
   9.250   0.9718   0.01934   0.01228   0.0093  0.0425  1.0000  -4.5702   0.0000   0.0000   0.0000   0.2302
   9.500   0.9891   0.02027   0.01318   0.0108  0.0406  1.0000  -4.7342   0.0000   0.0000   0.0000   0.2286
   9.750   1.0098   0.02084   0.01387   0.0118  0.0388  1.0000  -4.9106   0.0000   0.0000   0.0000   0.2275
  10.000   1.0292   0.02152   0.01459   0.0130  0.0372  1.0000  -5.0880   0.0000   0.0000   0.0000   0.2263
  10.250   1.0461   0.02254   0.01558   0.0143  0.0359  1.0000  -5.2545   0.0000   0.0000   0.0000   0.2249
  10.500   1.0640   0.02345   0.01661   0.0157  0.0348  1.0000  -5.4155   0.0000   0.0000   0.0000   0.2235
  10.750   1.0819   0.02429   0.01756   0.0170  0.0336  1.0000  -5.5973   0.0000   0.0000   0.0000   0.2223
  11.000   1.0992   0.02512   0.01844   0.0182  0.0325  1.0000  -5.7884   0.0000   0.0000   0.0000   0.2210
  11.250   1.1153   0.02609   0.01941   0.0195  0.0315  1.0000  -5.9798   0.0000   0.0000   0.0000   0.2197
  11.500   1.1291   0.02745   0.02085   0.0211  0.0305  1.0000  -6.1448   0.0000   0.0000   0.0000   0.2182
  11.750   1.1430   0.02841   0.02198   0.0227  0.0296  1.0000  -6.3155   0.0000   0.0000   0.0000   0.2167
  12.000   1.1540   0.02946   0.02316   0.0246  0.0288  1.0000  -6.4749   0.0000   0.0000   0.0000   0.2148
  12.250   1.1638   0.03057   0.02436   0.0266  0.0281  1.0000  -6.6328   0.0000   0.0000   0.0000   0.2129
  12.500   1.1734   0.03173   0.02559   0.0284  0.0275  1.0000  -6.7939   0.0000   0.0000   0.0000   0.2112
  12.750   1.1826   0.03309   0.02698   0.0300  0.0270  1.0000  -6.9534   0.0000   0.0000   0.0000   0.2096
  13.000   1.1892   0.03535   0.02929   0.0315  0.0264  1.0000  -7.0746   0.0000   0.0000   0.0000   0.2081
  13.250   1.1914   0.03702   0.03118   0.0333  0.0261  1.0000  -7.1787   0.0000   0.0000   0.0000   0.2063
  13.500   1.1922   0.03904   0.03341   0.0346  0.0257  1.0000  -7.2689   0.0000   0.0000   0.0000   0.2047
  13.750   1.1913   0.04138   0.03595   0.0356  0.0253  1.0000  -7.3464   0.0000   0.0000   0.0000   0.2034
  14.000   1.1890   0.04403   0.03880   0.0361  0.0250  1.0000  -7.4127   0.0000   0.0000   0.0000   0.2025
  14.250   1.1855   0.04696   0.04191   0.0361  0.0246  1.0000  -7.4714   0.0000   0.0000   0.0000   0.2019
  14.500   1.1812   0.05014   0.04526   0.0355  0.0243  1.0000  -7.5251   0.0000   0.0000   0.0000   0.2017
  14.750   1.1762   0.05363   0.04889   0.0345  0.0240  1.0000  -7.5720   0.0000   0.0000   0.0000   0.2019
  15.000   1.1690   0.05758   0.05300   0.0329  0.0237  1.0000  -7.6002   0.0000   0.0000   0.0000   0.2026
  15.250   1.1606   0.06194   0.05750   0.0308  0.0235  1.0000  -7.6155   0.0000   0.0000   0.0000   0.2036
  15.500   1.1504   0.06675   0.06245   0.0283  0.0233  1.0000  -7.6116   0.0000   0.0000   0.0000   0.2050
  15.750   1.1380   0.07214   0.06799   0.0253  0.0232  1.0000  -7.5826   0.0000   0.0000   0.0000   0.2068
  16.000   1.1217   0.07836   0.07437   0.0216  0.0231  1.0000  -7.5115   0.0000   0.0000   0.0000   0.2092
  16.250   1.0982   0.08628   0.08249   0.0167  0.0230  1.0000  -7.3579   0.0000   0.0000   0.0000   0.2127
  18.250   0.5170   0.18076   0.17814  -0.0204  0.0320  1.0000  -1.3941   0.0000   0.0000   0.0000   0.2758
  18.500   0.5235   0.18278   0.18018  -0.0211  0.0315  1.0000  -1.4440   0.0000   0.0000   0.0000   0.2763
  18.750   0.5330   0.18468   0.18208  -0.0212  0.0311  1.0000  -1.5352   0.0000   0.0000   0.0000   0.2753
  19.000   0.5414   0.18761   0.18501  -0.0215  0.0308  1.0000  -1.5903   0.0000   0.0000   0.0000   0.2749
  19.250   0.5273   0.19247   0.18988  -0.0258  0.0292  1.0000  -1.2870   0.0000   0.0000   0.0000   0.2847
  19.500   0.5313   0.19502   0.19243  -0.0270  0.0280  1.0000  -1.2863   0.0000   0.0000   0.0000   0.2864
  19.750   0.5368   0.19717   0.19459  -0.0279  0.0272  1.0000  -1.3191   0.0000   0.0000   0.0000   0.2873
  20.000   0.5437   0.19917   0.19660  -0.0286  0.0268  1.0000  -1.3774   0.0000   0.0000   0.0000   0.2874


