xflr5 v6.61

 Calculated polar for: NACA 0012

 1 1 Reynolds number fixed          Mach number fixed         

 xtrf =   1.000 (top)        1.000 (bottom)
 Mach =   0.000     Re =     0.880 e 6     Ncrit =   9.000

  alpha     CL        CD       CDp       Cm    Top Xtr Bot Xtr   Cpmin    Chinge    XCp    
 ------- -------- --------- --------- -------- ------- ------- -------- --------- ---------
 -10.000  -1.0739   0.01588   0.00988  -0.0062  1.0000  0.0263  -5.4490   0.0000   0.0000   0.0000   0.2331
  -9.750  -1.0545   0.01521   0.00919  -0.0049  1.0000  0.0278  -5.2614   0.0000   0.0000   0.0000   0.2346
  -9.500  -1.0326   0.01479   0.00875  -0.0040  1.0000  0.0291  -5.0590   0.0000   0.0000   0.0000   0.2357
  -9.250  -1.0103   0.01444   0.00837  -0.0030  1.0000  0.0303  -4.8592   0.0000   0.0000   0.0000   0.2369
  -9.000  -0.9896   0.01398   0.00788  -0.0018  1.0000  0.0318  -4.6712   0.0000   0.0000   0.0000   0.2383
  -8.750  -0.9685   0.01357   0.00748  -0.0006  1.0000  0.0336  -4.4810   0.0000   0.0000   0.0000   0.2398
  -8.500  -0.9465   0.01328   0.00715   0.0005  1.0000  0.0353  -4.2897   0.0000   0.0000   0.0000   0.2412
  -8.250  -0.9259   0.01286   0.00674   0.0018  1.0000  0.0376  -4.1083   0.0000   0.0000   0.0000   0.2429
  -8.000  -0.9044   0.01257   0.00644   0.0030  1.0000  0.0400  -3.9241   0.0000   0.0000   0.0000   0.2446
  -7.750  -0.8836   0.01222   0.00608   0.0043  1.0000  0.0426  -3.7566   0.0000   0.0000   0.0000   0.2464
  -7.500  -0.8624   0.01194   0.00580   0.0056  1.0000  0.0456  -3.5934   0.0000   0.0000   0.0000   0.2482
  -7.250  -0.8417   0.01161   0.00549   0.0069  1.0000  0.0491  -3.4352   0.0000   0.0000   0.0000   0.2502
  -7.000  -0.8206   0.01134   0.00523   0.0082  1.0000  0.0531  -3.2773   0.0000   0.0000   0.0000   0.2523
  -6.750  -0.7994   0.01108   0.00498   0.0094  1.0000  0.0580  -3.1214   0.0000   0.0000   0.0000   0.2543
  -6.500  -0.7773   0.01080   0.00473   0.0105  0.9999  0.0639  -2.9657   0.0000   0.0000   0.0000   0.2562
  -6.250  -0.7424   0.01047   0.00445   0.0088  0.9983  0.0723  -2.7738   0.0000   0.0000   0.0000   0.2548
  -6.000  -0.7076   0.01014   0.00419   0.0071  0.9967  0.0834  -2.5982   0.0000   0.0000   0.0000   0.2532
  -5.750  -0.6729   0.00981   0.00394   0.0055  0.9947  0.0968  -2.4287   0.0000   0.0000   0.0000   0.2515
  -5.500  -0.6374   0.00949   0.00370   0.0037  0.9931  0.1128  -2.2610   0.0000   0.0000   0.0000   0.2492
  -5.250  -0.6034   0.00916   0.00347   0.0022  0.9904  0.1323  -2.1008   0.0000   0.0000   0.0000   0.2473
  -5.000  -0.5681   0.00883   0.00325   0.0004  0.9883  0.1544  -1.9514   0.0000   0.0000   0.0000   0.2446
  -4.750  -0.5330   0.00849   0.00304  -0.0013  0.9861  0.1804  -1.8076   0.0000   0.0000   0.0000   0.2415
  -4.500  -0.4986   0.00817   0.00284  -0.0028  0.9830  0.2076  -1.6686   0.0000   0.0000   0.0000   0.2384
  -4.250  -0.4635   0.00785   0.00265  -0.0045  0.9805  0.2375  -1.5408   0.0000   0.0000   0.0000   0.2345
  -4.000  -0.4324   0.00756   0.00248  -0.0052  0.9748  0.2667  -1.4245   0.0000   0.0000   0.0000   0.2322
  -3.750  -0.4020   0.00729   0.00233  -0.0057  0.9686  0.2964  -1.3166   0.0000   0.0000   0.0000   0.2301
  -3.500  -0.3731   0.00704   0.00219  -0.0059  0.9610  0.3254  -1.2170   0.0000   0.0000   0.0000   0.2286
  -3.250  -0.3456   0.00681   0.00206  -0.0057  0.9517  0.3542  -1.1261   0.0000   0.0000   0.0000   0.2280
  -3.000  -0.3190   0.00660   0.00195  -0.0053  0.9409  0.3827  -1.0407   0.0000   0.0000   0.0000   0.2280
  -2.750  -0.2926   0.00641   0.00184  -0.0048  0.9288  0.4110  -0.9630   0.0000   0.0000   0.0000   0.2283
  -2.500  -0.2664   0.00625   0.00174  -0.0043  0.9155  0.4390  -0.8899   0.0000   0.0000   0.0000   0.2287
  -2.250  -0.2401   0.00610   0.00165  -0.0038  0.9008  0.4669  -0.8219   0.0000   0.0000   0.0000   0.2292
  -2.000  -0.2137   0.00596   0.00157  -0.0033  0.8842  0.4947  -0.7591   0.0000   0.0000   0.0000   0.2295
  -1.750  -0.1873   0.00585   0.00150  -0.0028  0.8667  0.5223  -0.7012   0.0000   0.0000   0.0000   0.2300
  -1.500  -0.1606   0.00575   0.00144  -0.0024  0.8474  0.5497  -0.6479   0.0000   0.0000   0.0000   0.2302
  -1.250  -0.1340   0.00567   0.00138  -0.0020  0.8271  0.5768  -0.5996   0.0000   0.0000   0.0000   0.2306
  -1.000  -0.1072   0.00561   0.00134  -0.0016  0.8051  0.6039  -0.5553   0.0000   0.0000   0.0000   0.2306
  -0.750  -0.0804   0.00557   0.00130  -0.0012  0.7825  0.6307  -0.5151   0.0000   0.0000   0.0000   0.2307
  -0.500  -0.0537   0.00554   0.00128  -0.0008  0.7588  0.6573  -0.4784   0.0000   0.0000   0.0000   0.2311
  -0.250  -0.0268   0.00551   0.00127  -0.0004  0.7341  0.6834  -0.4447   0.0000   0.0000   0.0000   0.2311
   0.000  -0.0000   0.00550   0.00126   0.0000  0.7090  0.7090  -0.4136   0.0000   0.0000   0.0000   0.4826
   0.250   0.0268   0.00551   0.00127   0.0004  0.6834  0.7341  -0.4447   0.0000   0.0000   0.0000   0.2311
   0.500   0.0537   0.00554   0.00128   0.0008  0.6573  0.7588  -0.4784   0.0000   0.0000   0.0000   0.2311
   0.750   0.0804   0.00557   0.00130   0.0012  0.6307  0.7825  -0.5151   0.0000   0.0000   0.0000   0.2307
   1.000   0.1072   0.00561   0.00134   0.0016  0.6039  0.8051  -0.5553   0.0000   0.0000   0.0000   0.2306
   1.250   0.1340   0.00567   0.00138   0.0020  0.5769  0.8271  -0.5996   0.0000   0.0000   0.0000   0.2306
   1.500   0.1606   0.00575   0.00144   0.0024  0.5497  0.8474  -0.6479   0.0000   0.0000   0.0000   0.2302
   1.750   0.1873   0.00585   0.00150   0.0028  0.5223  0.8667  -0.7012   0.0000   0.0000   0.0000   0.2300
   2.000   0.2137   0.00596   0.00157   0.0033  0.4947  0.8842  -0.7591   0.0000   0.0000   0.0000   0.2296
   2.250   0.2402   0.00610   0.00165   0.0038  0.4669  0.9008  -0.8220   0.0000   0.0000   0.0000   0.2292
   2.500   0.2664   0.00625   0.00174   0.0043  0.4390  0.9155  -0.8900   0.0000   0.0000   0.0000   0.2287
   2.750   0.2926   0.00641   0.00184   0.0048  0.4110  0.9288  -0.9630   0.0000   0.0000   0.0000   0.2283
   3.000   0.3190   0.00660   0.00195   0.0053  0.3827  0.9409  -1.0407   0.0000   0.0000   0.0000   0.2280
   3.250   0.3456   0.00681   0.00206   0.0057  0.3542  0.9517  -1.1261   0.0000   0.0000   0.0000   0.2280
   3.500   0.3731   0.00704   0.00219   0.0059  0.3254  0.9610  -1.2170   0.0000   0.0000   0.0000   0.2286
   3.750   0.4020   0.00729   0.00233   0.0057  0.2964  0.9686  -1.3166   0.0000   0.0000   0.0000   0.2301
   4.000   0.4324   0.00756   0.00248   0.0052  0.2667  0.9749  -1.4245   0.0000   0.0000   0.0000   0.2322
   4.250   0.4635   0.00785   0.00265   0.0045  0.2375  0.9805  -1.5408   0.0000   0.0000   0.0000   0.2345
   4.500   0.4986   0.00817   0.00284   0.0028  0.2076  0.9830  -1.6686   0.0000   0.0000   0.0000   0.2384
   4.750   0.5330   0.00849   0.00304   0.0013  0.1804  0.9861  -1.8076   0.0000   0.0000   0.0000   0.2415
   5.000   0.5681   0.00883   0.00325  -0.0004  0.1544  0.9883  -1.9515   0.0000   0.0000   0.0000   0.2446
   5.250   0.6034   0.00916   0.00347  -0.0022  0.1323  0.9904  -2.1009   0.0000   0.0000   0.0000   0.2473
   5.500   0.6374   0.00949   0.00370  -0.0037  0.1128  0.9931  -2.2611   0.0000   0.0000   0.0000   0.2493
   5.750   0.6729   0.00981   0.00393  -0.0055  0.0968  0.9947  -2.4288   0.0000   0.0000   0.0000   0.2515
   6.000   0.7076   0.01014   0.00419  -0.0071  0.0834  0.9967  -2.5983   0.0000   0.0000   0.0000   0.2532
   6.250   0.7425   0.01047   0.00445  -0.0088  0.0723  0.9983  -2.7739   0.0000   0.0000   0.0000   0.2548
   6.500   0.7774   0.01080   0.00473  -0.0105  0.0639  0.9999  -2.9658   0.0000   0.0000   0.0000   0.2562
   6.750   0.7993   0.01108   0.00498  -0.0094  0.0580  1.0000  -3.1211   0.0000   0.0000   0.0000   0.2543
   7.000   0.8205   0.01134   0.00523  -0.0082  0.0531  1.0000  -3.2770   0.0000   0.0000   0.0000   0.2522
   7.250   0.8416   0.01161   0.00549  -0.0069  0.0491  1.0000  -3.4349   0.0000   0.0000   0.0000   0.2502
   7.500   0.8623   0.01193   0.00580  -0.0056  0.0456  1.0000  -3.5931   0.0000   0.0000   0.0000   0.2482
   7.750   0.8836   0.01222   0.00608  -0.0043  0.0426  1.0000  -3.7564   0.0000   0.0000   0.0000   0.2464
   8.000   0.9043   0.01257   0.00644  -0.0030  0.0400  1.0000  -3.9239   0.0000   0.0000   0.0000   0.2445
   8.250   0.9258   0.01286   0.00674  -0.0018  0.0376  1.0000  -4.1081   0.0000   0.0000   0.0000   0.2429
   8.500   0.9465   0.01328   0.00715  -0.0005  0.0353  1.0000  -4.2895   0.0000   0.0000   0.0000   0.2412
   8.750   0.9685   0.01357   0.00748   0.0006  0.0336  1.0000  -4.4809   0.0000   0.0000   0.0000   0.2398
   9.000   0.9896   0.01398   0.00788   0.0018  0.0318  1.0000  -4.6711   0.0000   0.0000   0.0000   0.2383
   9.250   1.0103   0.01444   0.00837   0.0030  0.0303  1.0000  -4.8592   0.0000   0.0000   0.0000   0.2369
   9.500   1.0326   0.01479   0.00875   0.0040  0.0291  1.0000  -5.0590   0.0000   0.0000   0.0000   0.2357
   9.750   1.0545   0.01521   0.00918   0.0049  0.0278  1.0000  -5.2615   0.0000   0.0000   0.0000   0.2346
  10.000   1.0739   0.01588   0.00988   0.0062  0.0263  1.0000  -5.4492   0.0000   0.0000   0.0000   0.2331
  10.250   1.0970   0.01623   0.01027   0.0069  0.0255  1.0000  -5.6618   0.0000   0.0000   0.0000   0.2323
  10.500   1.1192   0.01665   0.01073   0.0077  0.0245  1.0000  -5.8736   0.0000   0.0000   0.0000   0.2313
  10.750   1.1407   0.01713   0.01124   0.0086  0.0236  1.0000  -6.0992   0.0000   0.0000   0.0000   0.2303
  11.000   1.1594   0.01787   0.01201   0.0099  0.0226  1.0000  -6.3115   0.0000   0.0000   0.0000   0.2291
  11.250   1.1785   0.01855   0.01275   0.0110  0.0220  1.0000  -6.5272   0.0000   0.0000   0.0000   0.2278
  11.500   1.1993   0.01906   0.01332   0.0120  0.0214  1.0000  -6.7588   0.0000   0.0000   0.0000   0.2269
  11.750   1.2191   0.01963   0.01395   0.0130  0.0208  1.0000  -6.9885   0.0000   0.0000   0.0000   0.2258
  12.000   1.2383   0.02023   0.01460   0.0141  0.0202  1.0000  -7.2188   0.0000   0.0000   0.0000   0.2247
  12.250   1.2563   0.02089   0.01530   0.0153  0.0196  1.0000  -7.4462   0.0000   0.0000   0.0000   0.2236
  12.500   1.2707   0.02177   0.01623   0.0169  0.0191  1.0000  -7.6531   0.0000   0.0000   0.0000   0.2221
  12.750   1.2766   0.02309   0.01763   0.0196  0.0184  1.0000  -7.8018   0.0000   0.0000   0.0000   0.2196
  13.000   1.2913   0.02370   0.01832   0.0212  0.0182  1.0000  -8.0185   0.0000   0.0000   0.0000   0.2181
  13.250   1.3044   0.02444   0.01914   0.0230  0.0178  1.0000  -8.2259   0.0000   0.0000   0.0000   0.2165
  13.500   1.3159   0.02531   0.02009   0.0247  0.0174  1.0000  -8.4250   0.0000   0.0000   0.0000   0.2150
  13.750   1.3260   0.02633   0.02118   0.0263  0.0171  1.0000  -8.6159   0.0000   0.0000   0.0000   0.2135
  14.000   1.3349   0.02748   0.02242   0.0277  0.0167  1.0000  -8.8005   0.0000   0.0000   0.0000   0.2120
  14.250   1.3429   0.02879   0.02379   0.0290  0.0164  1.0000  -8.9800   0.0000   0.0000   0.0000   0.2108
  14.500   1.3496   0.03028   0.02537   0.0300  0.0161  1.0000  -9.1516   0.0000   0.0000   0.0000   0.2096
  14.750   1.3541   0.03209   0.02726   0.0308  0.0159  1.0000  -9.3066   0.0000   0.0000   0.0000   0.2086
  15.000   1.3551   0.03439   0.02964   0.0312  0.0156  1.0000  -9.4327   0.0000   0.0000   0.0000   0.2078
  15.250   1.3514   0.03739   0.03275   0.0312  0.0154  1.0000  -9.5176   0.0000   0.0000   0.0000   0.2072
  15.500   1.3416   0.04134   0.03683   0.0304  0.0152  1.0000  -9.5460   0.0000   0.0000   0.0000   0.2071
  15.750   1.3328   0.04551   0.04115   0.0291  0.0150  1.0000  -9.5753   0.0000   0.0000   0.0000   0.2073
  16.000   1.3312   0.04902   0.04477   0.0277  0.0149  1.0000  -9.6652   0.0000   0.0000   0.0000   0.2078
  16.250   1.3271   0.05302   0.04890   0.0258  0.0148  1.0000  -9.7376   0.0000   0.0000   0.0000   0.2085
  16.500   1.3201   0.05752   0.05353   0.0237  0.0147  1.0000  -9.7848   0.0000   0.0000   0.0000   0.2094
  16.750   1.3104   0.06254   0.05868   0.0212  0.0146  1.0000  -9.8032   0.0000   0.0000   0.0000   0.2106
  17.000   1.2980   0.06805   0.06432   0.0185  0.0146  1.0000  -9.7919   0.0000   0.0000   0.0000   0.2120
  17.250   1.2831   0.07403   0.07043   0.0154  0.0145  1.0000  -9.7524   0.0000   0.0000   0.0000   0.2136
  17.500   1.2666   0.08045   0.07698   0.0122  0.0144  1.0000  -9.6889   0.0000   0.0000   0.0000   0.2154
  17.750   1.2485   0.08721   0.08387   0.0087  0.0144  1.0000  -9.6028   0.0000   0.0000   0.0000   0.2175
  18.000   1.2295   0.09432   0.09110   0.0050  0.0144  1.0000  -9.4976   0.0000   0.0000   0.0000   0.2198
  18.250   1.2098   0.10167   0.09857   0.0012  0.0143  1.0000  -9.3754   0.0000   0.0000   0.0000   0.2224
  18.500   1.1898   0.10922   0.10624  -0.0028  0.0143  1.0000  -9.2376   0.0000   0.0000   0.0000   0.2251
  18.750   1.1697   0.11700   0.11414  -0.0069  0.0142  1.0000  -9.0849   0.0000   0.0000   0.0000   0.2282
  19.000   1.1492   0.12497   0.12223  -0.0112  0.0142  1.0000  -8.9134   0.0000   0.0000   0.0000   0.2316
  19.250   1.1283   0.13326   0.13064  -0.0157  0.0141  1.0000  -8.7188   0.0000   0.0000   0.0000   0.2353
  19.500   1.1063   0.14206   0.13956  -0.0207  0.0141  1.0000  -8.4879   0.0000   0.0000   0.0000   0.2397
  19.750   1.0810   0.15188   0.14951  -0.0264  0.0140  1.0000  -8.1839   0.0000   0.0000   0.0000   0.2450
  20.000   1.0441   0.16501   0.16281  -0.0341  0.0140  1.0000  -7.6621   0.0000   0.0000   0.0000   0.2532


