xflr5 v6.61

 Calculated polar for: NACA 0012

 1 1 Reynolds number fixed          Mach number fixed         

 xtrf =   1.000 (top)        1.000 (bottom)
 Mach =   0.000     Re =     0.220 e 6     Ncrit =   9.000

  alpha     CL        CD       CDp       Cm    Top Xtr Bot Xtr   Cpmin    Chinge    XCp    
 ------- -------- --------- --------- -------- ------- ------- -------- --------- ---------
 -10.000  -1.0114   0.02770   0.01997  -0.0159  1.0000  0.0485  -4.8010   0.0000   0.0000   0.0000   0.2233
  -9.750  -0.9923   0.02665   0.01877  -0.0147  1.0000  0.0507  -4.6510   0.0000   0.0000   0.0000   0.2244
  -9.500  -0.9725   0.02536   0.01736  -0.0136  1.0000  0.0527  -4.5077   0.0000   0.0000   0.0000   0.2255
  -9.250  -0.9519   0.02434   0.01639  -0.0127  1.0000  0.0548  -4.3418   0.0000   0.0000   0.0000   0.2265
  -9.000  -0.9318   0.02351   0.01537  -0.0115  1.0000  0.0578  -4.1904   0.0000   0.0000   0.0000   0.2278
  -8.750  -0.9118   0.02247   0.01443  -0.0105  1.0000  0.0607  -4.0280   0.0000   0.0000   0.0000   0.2288
  -8.500  -0.8913   0.02173   0.01355  -0.0093  1.0000  0.0643  -3.8744   0.0000   0.0000   0.0000   0.2302
  -8.250  -0.8719   0.02074   0.01268  -0.0081  1.0000  0.0676  -3.7188   0.0000   0.0000   0.0000   0.2316
  -8.000  -0.8520   0.01996   0.01182  -0.0068  1.0000  0.0720  -3.5746   0.0000   0.0000   0.0000   0.2332
  -7.750  -0.8323   0.01926   0.01114  -0.0055  1.0000  0.0770  -3.4340   0.0000   0.0000   0.0000   0.2348
  -7.500  -0.8134   0.01850   0.01043  -0.0041  1.0000  0.0824  -3.2980   0.0000   0.0000   0.0000   0.2367
  -7.250  -0.7945   0.01779   0.00974  -0.0026  1.0000  0.0888  -3.1639   0.0000   0.0000   0.0000   0.2387
  -7.000  -0.7754   0.01713   0.00911  -0.0011  1.0000  0.0966  -3.0294   0.0000   0.0000   0.0000   0.2408
  -6.750  -0.7562   0.01650   0.00853   0.0004  1.0000  0.1062  -2.8955   0.0000   0.0000   0.0000   0.2430
  -6.500  -0.7369   0.01590   0.00796   0.0019  1.0000  0.1180  -2.7628   0.0000   0.0000   0.0000   0.2452
  -6.250  -0.7180   0.01528   0.00745   0.0034  1.0000  0.1322  -2.6378   0.0000   0.0000   0.0000   0.2476
  -6.000  -0.6988   0.01469   0.00697   0.0049  1.0000  0.1502  -2.5176   0.0000   0.0000   0.0000   0.2501
  -5.750  -0.6792   0.01416   0.00654   0.0062  1.0000  0.1731  -2.3968   0.0000   0.0000   0.0000   0.2525
  -5.500  -0.6598   0.01362   0.00617   0.0076  1.0000  0.1996  -2.2768   0.0000   0.0000   0.0000   0.2551
  -5.250  -0.6399   0.01314   0.00585   0.0089  1.0000  0.2306  -2.1564   0.0000   0.0000   0.0000   0.2577
  -5.000  -0.6196   0.01272   0.00557   0.0102  1.0000  0.2639  -2.0411   0.0000   0.0000   0.0000   0.2603
  -4.750  -0.5989   0.01235   0.00534   0.0113  1.0000  0.2987  -1.9308   0.0000   0.0000   0.0000   0.2631
  -4.500  -0.5779   0.01201   0.00515   0.0124  1.0000  0.3339  -1.8212   0.0000   0.0000   0.0000   0.2659
  -4.250  -0.5566   0.01171   0.00500   0.0135  1.0000  0.3686  -1.7126   0.0000   0.0000   0.0000   0.2688
  -4.000  -0.5349   0.01146   0.00487   0.0145  1.0000  0.4035  -1.6109   0.0000   0.0000   0.0000   0.2719
  -3.750  -0.5128   0.01123   0.00479   0.0154  1.0000  0.4381  -1.5121   0.0000   0.0000   0.0000   0.2750
  -3.500  -0.4903   0.01105   0.00473   0.0163  1.0000  0.4725  -1.4141   0.0000   0.0000   0.0000   0.2783
  -3.250  -0.4676   0.01088   0.00471   0.0171  1.0000  0.5066  -1.3241   0.0000   0.0000   0.0000   0.2818
  -3.000  -0.4448   0.01076   0.00471   0.0178  1.0000  0.5409  -1.2361   0.0000   0.0000   0.0000   0.2855
  -2.750  -0.4172   0.01064   0.00474   0.0176  0.9987  0.5761  -1.1461   0.0000   0.0000   0.0000   0.2878
  -2.500  -0.3741   0.01051   0.00476   0.0144  0.9931  0.6167  -1.0369   0.0000   0.0000   0.0000   0.2841
  -2.250  -0.3320   0.01036   0.00477   0.0114  0.9866  0.6549  -0.9382   0.0000   0.0000   0.0000   0.2802
  -2.000  -0.2905   0.01022   0.00477   0.0087  0.9795  0.6912  -0.8489   0.0000   0.0000   0.0000   0.2759
  -1.750  -0.2489   0.01008   0.00476   0.0061  0.9726  0.7255  -0.7677   0.0000   0.0000   0.0000   0.2705
  -1.500  -0.2085   0.00994   0.00474   0.0039  0.9648  0.7576  -0.6952   0.0000   0.0000   0.0000   0.2646
  -1.250  -0.1684   0.00982   0.00472   0.0018  0.9568  0.7871  -0.6306   0.0000   0.0000   0.0000   0.2567
  -1.000  -0.1304   0.00971   0.00470   0.0004  0.9478  0.8139  -0.5744   0.0000   0.0000   0.0000   0.2485
  -0.750  -0.0946   0.00961   0.00467  -0.0005  0.9377  0.8376  -0.5255   0.0000   0.0000   0.0000   0.2402
  -0.500  -0.0608   0.00953   0.00465  -0.0009  0.9262  0.8589  -0.4827   0.0000   0.0000   0.0000   0.2312
  -0.250  -0.0296   0.00948   0.00462  -0.0006  0.9127  0.8792  -0.4456   0.0000   0.0000   0.0000   0.2243
   0.000   0.0000   0.00948   0.00464  -0.0000  0.8961  0.8961  -0.4124   0.0000   0.0000   0.0000   0.4244
   0.250   0.0296   0.00948   0.00462   0.0006  0.8792  0.9127  -0.4456   0.0000   0.0000   0.0000   0.2243
   0.500   0.0608   0.00953   0.00465   0.0009  0.8589  0.9262  -0.4827   0.0000   0.0000   0.0000   0.2312
   0.750   0.0946   0.00961   0.00467   0.0005  0.8376  0.9377  -0.5255   0.0000   0.0000   0.0000   0.2402
   1.000   0.1304   0.00971   0.00470  -0.0004  0.8139  0.9478  -0.5744   0.0000   0.0000   0.0000   0.2485
   1.250   0.1684   0.00982   0.00472  -0.0018  0.7871  0.9568  -0.6306   0.0000   0.0000   0.0000   0.2567
   1.500   0.2085   0.00994   0.00474  -0.0039  0.7576  0.9648  -0.6952   0.0000   0.0000   0.0000   0.2646
   1.750   0.2489   0.01008   0.00476  -0.0061  0.7255  0.9726  -0.7677   0.0000   0.0000   0.0000   0.2705
   2.000   0.2905   0.01021   0.00476  -0.0087  0.6912  0.9795  -0.8489   0.0000   0.0000   0.0000   0.2759
   2.250   0.3319   0.01036   0.00477  -0.0114  0.6549  0.9866  -0.9381   0.0000   0.0000   0.0000   0.2802
   2.500   0.3741   0.01051   0.00476  -0.0144  0.6167  0.9931  -1.0369   0.0000   0.0000   0.0000   0.2841
   2.750   0.4172   0.01064   0.00474  -0.0176  0.5761  0.9987  -1.1461   0.0000   0.0000   0.0000   0.2878
   3.000   0.4447   0.01076   0.00471  -0.0178  0.5409  1.0000  -1.2359   0.0000   0.0000   0.0000   0.2855
   3.250   0.4675   0.01088   0.00471  -0.0170  0.5066  1.0000  -1.3239   0.0000   0.0000   0.0000   0.2817
   3.500   0.4902   0.01105   0.00473  -0.0162  0.4726  1.0000  -1.4140   0.0000   0.0000   0.0000   0.2783
   3.750   0.5128   0.01123   0.00479  -0.0154  0.4381  1.0000  -1.5120   0.0000   0.0000   0.0000   0.2750
   4.000   0.5349   0.01146   0.00487  -0.0145  0.4035  1.0000  -1.6107   0.0000   0.0000   0.0000   0.2718
   4.250   0.5565   0.01171   0.00500  -0.0135  0.3687  1.0000  -1.7124   0.0000   0.0000   0.0000   0.2688
   4.500   0.5778   0.01201   0.00515  -0.0124  0.3339  1.0000  -1.8210   0.0000   0.0000   0.0000   0.2659
   4.750   0.5988   0.01234   0.00534  -0.0113  0.2988  1.0000  -1.9306   0.0000   0.0000   0.0000   0.2630
   5.000   0.6195   0.01272   0.00557  -0.0101  0.2640  1.0000  -2.0409   0.0000   0.0000   0.0000   0.2603
   5.250   0.6398   0.01314   0.00585  -0.0089  0.2306  1.0000  -2.1563   0.0000   0.0000   0.0000   0.2577
   5.500   0.6597   0.01362   0.00617  -0.0076  0.1997  1.0000  -2.2767   0.0000   0.0000   0.0000   0.2551
   5.750   0.6792   0.01416   0.00654  -0.0062  0.1731  1.0000  -2.3967   0.0000   0.0000   0.0000   0.2525
   6.000   0.6987   0.01469   0.00697  -0.0048  0.1502  1.0000  -2.5174   0.0000   0.0000   0.0000   0.2500
   6.250   0.7179   0.01528   0.00745  -0.0034  0.1322  1.0000  -2.6377   0.0000   0.0000   0.0000   0.2476
   6.500   0.7369   0.01590   0.00796  -0.0019  0.1180  1.0000  -2.7627   0.0000   0.0000   0.0000   0.2452
   6.750   0.7562   0.01650   0.00853  -0.0004  0.1062  1.0000  -2.8954   0.0000   0.0000   0.0000   0.2430
   7.000   0.7754   0.01713   0.00911   0.0011  0.0967  1.0000  -3.0293   0.0000   0.0000   0.0000   0.2408
   7.250   0.7944   0.01779   0.00974   0.0026  0.0888  1.0000  -3.1639   0.0000   0.0000   0.0000   0.2387
   7.500   0.8134   0.01850   0.01043   0.0041  0.0824  1.0000  -3.2979   0.0000   0.0000   0.0000   0.2367
   7.750   0.8323   0.01926   0.01114   0.0055  0.0770  1.0000  -3.4340   0.0000   0.0000   0.0000   0.2348
   8.000   0.8520   0.01995   0.01182   0.0068  0.0720  1.0000  -3.5746   0.0000   0.0000   0.0000   0.2332
   8.250   0.8719   0.02074   0.01268   0.0081  0.0676  1.0000  -3.7188   0.0000   0.0000   0.0000   0.2316
   8.500   0.8913   0.02173   0.01355   0.0093  0.0643  1.0000  -3.8745   0.0000   0.0000   0.0000   0.2302
   8.750   0.9118   0.02247   0.01443   0.0105  0.0607  1.0000  -4.0281   0.0000   0.0000   0.0000   0.2289
   9.000   0.9319   0.02351   0.01537   0.0115  0.0578  1.0000  -4.1906   0.0000   0.0000   0.0000   0.2278
   9.250   0.9520   0.02434   0.01639   0.0127  0.0548  1.0000  -4.3420   0.0000   0.0000   0.0000   0.2265
   9.500   0.9726   0.02536   0.01736   0.0136  0.0527  1.0000  -4.5080   0.0000   0.0000   0.0000   0.2256
   9.750   0.9924   0.02665   0.01877   0.0147  0.0507  1.0000  -4.6513   0.0000   0.0000   0.0000   0.2244
  10.000   1.0115   0.02770   0.01997   0.0159  0.0485  1.0000  -4.8014   0.0000   0.0000   0.0000   0.2233
  10.250   1.0319   0.02882   0.02103   0.0166  0.0467  1.0000  -4.9757   0.0000   0.0000   0.0000   0.2226
  10.500   1.0484   0.03027   0.02272   0.0180  0.0450  1.0000  -5.1125   0.0000   0.0000   0.0000   0.2212
  10.750   1.0648   0.03168   0.02433   0.0194  0.0435  1.0000  -5.2620   0.0000   0.0000   0.0000   0.2199
  11.000   1.0818   0.03303   0.02577   0.0205  0.0422  1.0000  -5.4269   0.0000   0.0000   0.0000   0.2188
  11.250   1.1002   0.03463   0.02737   0.0212  0.0412  1.0000  -5.6058   0.0000   0.0000   0.0000   0.2181
  11.500   1.1102   0.03684   0.02988   0.0230  0.0403  1.0000  -5.7097   0.0000   0.0000   0.0000   0.2164
  11.750   1.1138   0.03899   0.03242   0.0255  0.0394  1.0000  -5.7787   0.0000   0.0000   0.0000   0.2139
  12.000   1.1164   0.04114   0.03486   0.0278  0.0385  1.0000  -5.8528   0.0000   0.0000   0.0000   0.2116
  12.250   1.1190   0.04298   0.03689   0.0300  0.0377  1.0000  -5.9459   0.0000   0.0000   0.0000   0.2093
  12.500   1.1271   0.04438   0.03832   0.0317  0.0368  1.0000  -6.0890   0.0000   0.0000   0.0000   0.2076
  12.750   1.1340   0.04613   0.04009   0.0331  0.0361  1.0000  -6.2251   0.0000   0.0000   0.0000   0.2061
  13.000   1.1327   0.04919   0.04328   0.0347  0.0356  1.0000  -6.2857   0.0000   0.0000   0.0000   0.2044
  13.250   1.1149   0.05231   0.04671   0.0368  0.0355  1.0000  -6.2487   0.0000   0.0000   0.0000   0.2015
  13.500   1.0953   0.05612   0.05081   0.0376  0.0354  1.0000  -6.1934   0.0000   0.0000   0.0000   0.1997
  13.750   1.0741   0.06070   0.05565   0.0369  0.0354  1.0000  -6.1189   0.0000   0.0000   0.0000   0.1991
  14.000   1.0512   0.06611   0.06130   0.0349  0.0354  1.0000  -6.0245   0.0000   0.0000   0.0000   0.1998
  14.250   1.0272   0.07240   0.06782   0.0315  0.0355  1.0000  -5.9095   0.0000   0.0000   0.0000   0.2017
  14.500   1.0022   0.07956   0.07516   0.0272  0.0356  1.0000  -5.7739   0.0000   0.0000   0.0000   0.2047
  18.500   0.5252   0.18582   0.18241  -0.0196  0.0461  1.0000  -1.3923   0.0000   0.0000   0.0000   0.2735
  18.750   0.5163   0.18883   0.18541  -0.0229  0.0444  1.0000  -1.2288   0.0000   0.0000   0.0000   0.2809
  19.000   0.5200   0.19142   0.18802  -0.0241  0.0429  1.0000  -1.2225   0.0000   0.0000   0.0000   0.2827
  19.250   0.5254   0.19378   0.19039  -0.0250  0.0418  1.0000  -1.2437   0.0000   0.0000   0.0000   0.2836
  19.500   0.5337   0.19619   0.19281  -0.0254  0.0411  1.0000  -1.3014   0.0000   0.0000   0.0000   0.2832
  19.750   0.5434   0.19957   0.19620  -0.0256  0.0408  1.0000  -1.3582   0.0000   0.0000   0.0000   0.2823
  20.000   0.5345   0.20238   0.19900  -0.0290  0.0397  1.0000  -1.1746   0.0000   0.0000   0.0000   0.2898


