xflr5 v6.61

 Calculated polar for: NACA 0012

 1 1 Reynolds number fixed          Mach number fixed         

 xtrf =   1.000 (top)        1.000 (bottom)
 Mach =   0.000     Re =     0.720 e 6     Ncrit =   9.000

  alpha     CL        CD       CDp       Cm    Top Xtr Bot Xtr   Cpmin    Chinge    XCp    
 ------- -------- --------- --------- -------- ------- ------- -------- --------- ---------
 -10.000  -1.0662   0.01682   0.01065  -0.0074  1.0000  0.0287  -5.3857   0.0000   0.0000   0.0000   0.2319
  -9.750  -1.0445   0.01637   0.01016  -0.0065  1.0000  0.0299  -5.1861   0.0000   0.0000   0.0000   0.2330
  -9.500  -1.0223   0.01596   0.00969  -0.0056  1.0000  0.0310  -4.9885   0.0000   0.0000   0.0000   0.2341
  -9.250  -1.0033   0.01529   0.00902  -0.0042  1.0000  0.0326  -4.8086   0.0000   0.0000   0.0000   0.2356
  -9.000  -0.9817   0.01489   0.00859  -0.0032  1.0000  0.0342  -4.6157   0.0000   0.0000   0.0000   0.2369
  -8.750  -0.9598   0.01454   0.00820  -0.0021  1.0000  0.0358  -4.4258   0.0000   0.0000   0.0000   0.2382
  -8.500  -0.9400   0.01402   0.00769  -0.0007  1.0000  0.0381  -4.2470   0.0000   0.0000   0.0000   0.2399
  -8.250  -0.9182   0.01371   0.00735   0.0004  1.0000  0.0404  -4.0610   0.0000   0.0000   0.0000   0.2414
  -8.000  -0.8979   0.01326   0.00691   0.0018  1.0000  0.0430  -3.8863   0.0000   0.0000   0.0000   0.2432
  -7.750  -0.8765   0.01295   0.00658   0.0030  1.0000  0.0458  -3.7186   0.0000   0.0000   0.0000   0.2449
  -7.500  -0.8561   0.01255   0.00620   0.0043  1.0000  0.0491  -3.5613   0.0000   0.0000   0.0000   0.2468
  -7.250  -0.8350   0.01225   0.00589   0.0056  1.0000  0.0529  -3.4029   0.0000   0.0000   0.0000   0.2487
  -7.000  -0.8141   0.01194   0.00560   0.0069  1.0000  0.0575  -3.2468   0.0000   0.0000   0.0000   0.2507
  -6.750  -0.7934   0.01161   0.00530   0.0082  1.0000  0.0629  -3.0943   0.0000   0.0000   0.0000   0.2529
  -6.500  -0.7724   0.01131   0.00503   0.0095  1.0000  0.0691  -2.9434   0.0000   0.0000   0.0000   0.2550
  -6.250  -0.7513   0.01103   0.00478   0.0107  1.0000  0.0767  -2.7942   0.0000   0.0000   0.0000   0.2572
  -6.000  -0.7283   0.01075   0.00454   0.0115  0.9998  0.0862  -2.6500   0.0000   0.0000   0.0000   0.2590
  -5.750  -0.6926   0.01041   0.00428   0.0097  0.9980  0.1005  -2.4776   0.0000   0.0000   0.0000   0.2573
  -5.500  -0.6573   0.01006   0.00402   0.0078  0.9959  0.1180  -2.3096   0.0000   0.0000   0.0000   0.2555
  -5.250  -0.6216   0.00970   0.00378   0.0060  0.9938  0.1394  -2.1445   0.0000   0.0000   0.0000   0.2533
  -4.750  -0.5509   0.00900   0.00333   0.0024  0.9887  0.1915  -1.8461   0.0000   0.0000   0.0000   0.2483
  -4.500  -0.5148   0.00866   0.00313   0.0004  0.9864  0.2217  -1.7028   0.0000   0.0000   0.0000   0.2449
  -4.250  -0.4800   0.00833   0.00294  -0.0012  0.9830  0.2529  -1.5725   0.0000   0.0000   0.0000   0.2417
  -4.000  -0.4430   0.00801   0.00276  -0.0033  0.9808  0.2861  -1.4442   0.0000   0.0000   0.0000   0.2369
  -3.750  -0.4100   0.00771   0.00260  -0.0045  0.9758  0.3182  -1.3302   0.0000   0.0000   0.0000   0.2336
  -3.500  -0.3769   0.00744   0.00245  -0.0056  0.9709  0.3501  -1.2232   0.0000   0.0000   0.0000   0.2297
  -3.250  -0.3458   0.00718   0.00231  -0.0062  0.9643  0.3813  -1.1262   0.0000   0.0000   0.0000   0.2266
  -3.000  -0.3173   0.00695   0.00219  -0.0062  0.9555  0.4112  -1.0380   0.0000   0.0000   0.0000   0.2250
  -2.750  -0.2898   0.00675   0.00207  -0.0060  0.9455  0.4405  -0.9590   0.0000   0.0000   0.0000   0.2241
  -2.500  -0.2634   0.00656   0.00197  -0.0055  0.9334  0.4691  -0.8861   0.0000   0.0000   0.0000   0.2241
  -2.250  -0.2372   0.00639   0.00188  -0.0049  0.9200  0.4975  -0.8185   0.0000   0.0000   0.0000   0.2242
  -2.000  -0.2111   0.00623   0.00179  -0.0043  0.9055  0.5257  -0.7562   0.0000   0.0000   0.0000   0.2245
  -1.750  -0.1849   0.00610   0.00171  -0.0037  0.8899  0.5536  -0.6989   0.0000   0.0000   0.0000   0.2249
  -1.500  -0.1587   0.00598   0.00164  -0.0032  0.8720  0.5812  -0.6461   0.0000   0.0000   0.0000   0.2252
  -1.000  -0.1059   0.00581   0.00154  -0.0021  0.8328  0.6357  -0.5544   0.0000   0.0000   0.0000   0.2257
  -0.750  -0.0795   0.00575   0.00150  -0.0015  0.8115  0.6625  -0.5145   0.0000   0.0000   0.0000   0.2259
  -0.500  -0.0530   0.00571   0.00147  -0.0010  0.7886  0.6890  -0.4780   0.0000   0.0000   0.0000   0.2259
  -0.250  -0.0265   0.00568   0.00145  -0.0005  0.7648  0.7151  -0.4445   0.0000   0.0000   0.0000   0.2255
   0.000  -0.0000   0.00567   0.00145   0.0000  0.7403  0.7403  -0.4137   0.0000   0.0000   0.0000   0.4685
   0.250   0.0265   0.00568   0.00145   0.0005  0.7151  0.7648  -0.4445   0.0000   0.0000   0.0000   0.2255
   0.500   0.0530   0.00571   0.00147   0.0010  0.6890  0.7886  -0.4780   0.0000   0.0000   0.0000   0.2259
   0.750   0.0795   0.00575   0.00150   0.0015  0.6624  0.8115  -0.5145   0.0000   0.0000   0.0000   0.2259
   1.000   0.1059   0.00581   0.00154   0.0021  0.6357  0.8329  -0.5544   0.0000   0.0000   0.0000   0.2257
   1.500   0.1587   0.00598   0.00164   0.0032  0.5812  0.8720  -0.6461   0.0000   0.0000   0.0000   0.2252
   1.750   0.1849   0.00610   0.00171   0.0037  0.5536  0.8899  -0.6989   0.0000   0.0000   0.0000   0.2249
   2.000   0.2111   0.00623   0.00179   0.0043  0.5257  0.9055  -0.7562   0.0000   0.0000   0.0000   0.2246
   2.250   0.2372   0.00639   0.00188   0.0049  0.4975  0.9200  -0.8185   0.0000   0.0000   0.0000   0.2242
   2.500   0.2634   0.00656   0.00197   0.0055  0.4691  0.9334  -0.8861   0.0000   0.0000   0.0000   0.2241
   2.750   0.2898   0.00675   0.00207   0.0060  0.4405  0.9455  -0.9590   0.0000   0.0000   0.0000   0.2241
   3.000   0.3173   0.00695   0.00219   0.0062  0.4112  0.9555  -1.0380   0.0000   0.0000   0.0000   0.2250
   3.250   0.3458   0.00718   0.00231   0.0062  0.3813  0.9643  -1.1262   0.0000   0.0000   0.0000   0.2266
   3.500   0.3769   0.00744   0.00245   0.0056  0.3501  0.9709  -1.2232   0.0000   0.0000   0.0000   0.2297
   3.750   0.4100   0.00771   0.00260   0.0044  0.3182  0.9758  -1.3302   0.0000   0.0000   0.0000   0.2336
   4.000   0.4430   0.00801   0.00276   0.0033  0.2861  0.9808  -1.4442   0.0000   0.0000   0.0000   0.2369
   4.250   0.4800   0.00833   0.00294   0.0012  0.2529  0.9830  -1.5725   0.0000   0.0000   0.0000   0.2417
   4.500   0.5148   0.00866   0.00313  -0.0004  0.2217  0.9865  -1.7027   0.0000   0.0000   0.0000   0.2449
   4.750   0.5509   0.00900   0.00333  -0.0024  0.1915  0.9887  -1.8462   0.0000   0.0000   0.0000   0.2483
   5.000   0.5864   0.00936   0.00355  -0.0042  0.1636  0.9913  -1.9915   0.0000   0.0000   0.0000   0.2510
   5.250   0.6217   0.00970   0.00378  -0.0060  0.1394  0.9938  -2.1446   0.0000   0.0000   0.0000   0.2533
   5.500   0.6573   0.01006   0.00402  -0.0079  0.1180  0.9959  -2.3097   0.0000   0.0000   0.0000   0.2555
   5.750   0.6927   0.01041   0.00427  -0.0097  0.1005  0.9980  -2.4777   0.0000   0.0000   0.0000   0.2573
   6.000   0.7283   0.01075   0.00454  -0.0115  0.0862  0.9998  -2.6501   0.0000   0.0000   0.0000   0.2590
   6.250   0.7512   0.01103   0.00478  -0.0107  0.0767  1.0000  -2.7940   0.0000   0.0000   0.0000   0.2572
   6.500   0.7724   0.01131   0.00503  -0.0095  0.0691  1.0000  -2.9432   0.0000   0.0000   0.0000   0.2550
   6.750   0.7933   0.01161   0.00530  -0.0082  0.0629  1.0000  -3.0940   0.0000   0.0000   0.0000   0.2528
   7.000   0.8140   0.01194   0.00560  -0.0069  0.0575  1.0000  -3.2466   0.0000   0.0000   0.0000   0.2507
   7.250   0.8349   0.01225   0.00589  -0.0056  0.0529  1.0000  -3.4027   0.0000   0.0000   0.0000   0.2487
   7.500   0.8561   0.01255   0.00620  -0.0043  0.0491  1.0000  -3.5611   0.0000   0.0000   0.0000   0.2468
   7.750   0.8764   0.01295   0.00658  -0.0030  0.0458  1.0000  -3.7184   0.0000   0.0000   0.0000   0.2449
   8.000   0.8979   0.01326   0.00691  -0.0017  0.0430  1.0000  -3.8861   0.0000   0.0000   0.0000   0.2432
   8.250   0.9181   0.01371   0.00735  -0.0004  0.0404  1.0000  -4.0609   0.0000   0.0000   0.0000   0.2414
   8.500   0.9400   0.01402   0.00769   0.0007  0.0381  1.0000  -4.2468   0.0000   0.0000   0.0000   0.2399
   8.750   0.9598   0.01454   0.00819   0.0021  0.0358  1.0000  -4.4258   0.0000   0.0000   0.0000   0.2382
   9.000   0.9816   0.01489   0.00859   0.0032  0.0342  1.0000  -4.6157   0.0000   0.0000   0.0000   0.2369
   9.250   1.0033   0.01529   0.00902   0.0042  0.0326  1.0000  -4.8087   0.0000   0.0000   0.0000   0.2356
   9.500   1.0223   0.01596   0.00969   0.0056  0.0310  1.0000  -4.9886   0.0000   0.0000   0.0000   0.2341
   9.750   1.0445   0.01637   0.01016   0.0065  0.0299  1.0000  -5.1863   0.0000   0.0000   0.0000   0.2330
  10.000   1.0663   0.01682   0.01065   0.0074  0.0287  1.0000  -5.3860   0.0000   0.0000   0.0000   0.2319
  10.250   1.0875   0.01733   0.01118   0.0084  0.0275  1.0000  -5.5883   0.0000   0.0000   0.0000   0.2309
  10.500   1.1050   0.01817   0.01205   0.0098  0.0263  1.0000  -5.7678   0.0000   0.0000   0.0000   0.2294
  10.750   1.1268   0.01861   0.01256   0.0106  0.0255  1.0000  -5.9893   0.0000   0.0000   0.0000   0.2285
  11.000   1.1473   0.01916   0.01317   0.0116  0.0246  1.0000  -6.2104   0.0000   0.0000   0.0000   0.2274
  11.250   1.1671   0.01974   0.01379   0.0127  0.0238  1.0000  -6.4326   0.0000   0.0000   0.0000   0.2264
  11.500   1.1849   0.02047   0.01455   0.0139  0.0230  1.0000  -6.6463   0.0000   0.0000   0.0000   0.2251
  11.750   1.1963   0.02170   0.01583   0.0159  0.0222  1.0000  -6.8160   0.0000   0.0000   0.0000   0.2232
  12.000   1.2147   0.02231   0.01653   0.0171  0.0218  1.0000  -7.0351   0.0000   0.0000   0.0000   0.2220
  12.250   1.2310   0.02303   0.01734   0.0185  0.0213  1.0000  -7.2445   0.0000   0.0000   0.0000   0.2207
  12.500   1.2445   0.02380   0.01819   0.0203  0.0208  1.0000  -7.4413   0.0000   0.0000   0.0000   0.2190
  12.750   1.2558   0.02463   0.01908   0.0223  0.0203  1.0000  -7.6304   0.0000   0.0000   0.0000   0.2172
  13.000   1.2668   0.02551   0.02003   0.0242  0.0198  1.0000  -7.8208   0.0000   0.0000   0.0000   0.2155
  13.250   1.2764   0.02654   0.02111   0.0259  0.0194  1.0000  -8.0056   0.0000   0.0000   0.0000   0.2138
  13.500   1.2815   0.02795   0.02259   0.0278  0.0190  1.0000  -8.1592   0.0000   0.0000   0.0000   0.2120
  13.750   1.2772   0.03027   0.02501   0.0299  0.0185  1.0000  -8.2371   0.0000   0.0000   0.0000   0.2098
  14.000   1.2867   0.03158   0.02642   0.0308  0.0183  1.0000  -8.4163   0.0000   0.0000   0.0000   0.2089
  14.250   1.2936   0.03321   0.02817   0.0314  0.0180  1.0000  -8.5761   0.0000   0.0000   0.0000   0.2080
  14.500   1.2983   0.03517   0.03025   0.0319  0.0177  1.0000  -8.7179   0.0000   0.0000   0.0000   0.2072
  14.750   1.3014   0.03744   0.03264   0.0320  0.0175  1.0000  -8.8473   0.0000   0.0000   0.0000   0.2067
  15.000   1.3031   0.04001   0.03533   0.0317  0.0172  1.0000  -8.9646   0.0000   0.0000   0.0000   0.2065
  15.250   1.3034   0.04292   0.03836   0.0310  0.0170  1.0000  -9.0700   0.0000   0.0000   0.0000   0.2065
  15.500   1.3021   0.04618   0.04174   0.0299  0.0168  1.0000  -9.1616   0.0000   0.0000   0.0000   0.2067
  15.750   1.2992   0.04982   0.04548   0.0284  0.0166  1.0000  -9.2378   0.0000   0.0000   0.0000   0.2072
  16.000   1.2946   0.05384   0.04962   0.0266  0.0164  1.0000  -9.2971   0.0000   0.0000   0.0000   0.2079
  16.250   1.2878   0.05827   0.05416   0.0245  0.0163  1.0000  -9.3409   0.0000   0.0000   0.0000   0.2089
  16.500   1.2790   0.06311   0.05912   0.0221  0.0161  1.0000  -9.3667   0.0000   0.0000   0.0000   0.2100
  16.750   1.2681   0.06834   0.06447   0.0195  0.0160  1.0000  -9.3691   0.0000   0.0000   0.0000   0.2114
  17.000   1.2554   0.07397   0.07021   0.0166  0.0159  1.0000  -9.3491   0.0000   0.0000   0.0000   0.2129
  17.250   1.2412   0.07997   0.07633   0.0135  0.0158  1.0000  -9.3089   0.0000   0.0000   0.0000   0.2147
  17.500   1.2257   0.08630   0.08277   0.0103  0.0158  1.0000  -9.2478   0.0000   0.0000   0.0000   0.2166
  17.750   1.2093   0.09295   0.08954   0.0068  0.0157  1.0000  -9.1695   0.0000   0.0000   0.0000   0.2188
  18.000   1.1920   0.09985   0.09656   0.0032  0.0156  1.0000  -9.0734   0.0000   0.0000   0.0000   0.2213
  18.250   1.1741   0.10702   0.10383  -0.0006  0.0156  1.0000  -8.9597   0.0000   0.0000   0.0000   0.2239
  18.500   1.1556   0.11447   0.11140  -0.0046  0.0155  1.0000  -8.8272   0.0000   0.0000   0.0000   0.2269
  18.750   1.1361   0.12225   0.11930  -0.0089  0.0154  1.0000  -8.6690   0.0000   0.0000   0.0000   0.2302
  19.000   1.1152   0.13055   0.12772  -0.0135  0.0154  1.0000  -8.4766   0.0000   0.0000   0.0000   0.2340
  19.250   1.0922   0.13963   0.13693  -0.0187  0.0153  1.0000  -8.2334   0.0000   0.0000   0.0000   0.2386
  19.500   1.0640   0.15025   0.14771  -0.0249  0.0153  1.0000  -7.8894   0.0000   0.0000   0.0000   0.2446


